2.185486771085165739e+08 1.358362720045598969e+07 5.383297602658869000e+05 -6.268322094816713798e+04 -1.350276507454573293e+05 -1.073878879264763382e+05 -9.741508750797755783e+04 -7.634776898955056095e+04 -3.717067033578436531e+04 -9.013034536865354312e+03 -1.758399000804395200e+03 -1.451020279867456520e+04 -2.630496011049409572e+04 -2.279506966251586709e+04 -7.238414784313459677e+03 8.983687598912441899e+03 1.179517644672373535e+04 2.010593659591173946e+03 -8.369349336736067926e+03 -1.230199910008432562e+04 -4.482975257174699436e+03 5.110860840784453103e+03 9.486798345753770263e+03 6.291351675403944682e+03 -6.053817925748795687e+02 -5.381563942998523089e+03 -3.495132631160606252e+03 1.146768621211260779e+03 5.161977070440202624e+03 5.354161751357654794e+03 6.951378076902303100e+07 2.098281775792761520e+07 2.843887156520368531e+06 5.602913014922594884e+05 9.490763287609849067e+04 7.322523180270196463e+04 5.275755787109494850e+04 5.136741880122757721e+04 7.444475558666585130e+04 8.663086339925801440e+04 7.778381880104588345e+04 4.770998599090566859e+04 2.329503689573537122e+04 2.213263555139775417e+04 3.815057060061574157e+04 5.529694476661834051e+04 5.361737748774279316e+04 3.481088850349228596e+04 1.646067404143810927e+04 8.319304690776632924e+03 1.793596732694483580e+04 3.006062885933442521e+04 3.440367754851176142e+04 2.764278777388470917e+04 1.571124115979206363e+04 7.322826618961562417e+03 9.216201729013957447e+03 1.528244252936747580e+04 2.039197909346023516e+04 1.972539287594192501e+04
1.358362720045598969e+07 4.009121581085377932e+07 2.413130973916276358e+06 -1.519334327307180502e+05 -1.943031601821733057e+05 -2.036093288757699775e+05 -1.936830885359829408e+05 -1.539797966086106317e+05 -7.304941144262175658e+04 -9.290551297509115102e+03 5.151470692006164427e+03 -2.516264242871972237e+04 -5.601316331844590604e+04 -5.154366039403728792e+04 -1.610429674868255097e+04 2.158393079678296635e+04 2.971566464684311359e+04 7.732804780799437140e+03 -1.849797939134828630e+04 -2.821709244708911137e+04 -1.196014168430096834e+04 1.131934274277696386e+04 2.243797370580438292e+04 1.564054165080011262e+04 -8.209676530946801449e+02 -1.225672034065840853e+04 -9.138927318602569358e+03 2.042594576482418688e+03 1.170709067023648095e+04 1.257362917621888118e+04 6.325776628385837190e+06 2.565622269615802169e+07 4.644865169143629260e+06 9.819553579654063797e+05 4.218162718858569860e+05 2.142273081768467673e+05 1.557184604158447473e+05 1.461531875718845404e+05 1.923355377618394559e+05 2.237366110382748302e+05 2.017610976487929875e+05 1.314519754012976191e+05 6.939060117853558040e+04 6.101237216857465683e+04 9.724510387459133926e+04 1.368940945084039704e+05 1.352373791364738136e+05 9.237754701915319311e+04 4.616663314218365122e+04 2.614500885013520019e+04 4.512347645556490170e+04 7.445461319536532392e+04 8.563183392863316112e+04 7.059345740650480730e+04 4.197602954809324001e+04 2.178754825451011129e+04 2.396942366651735210e+04 3.843444257719702728e+04 5.054560493638266053e+04 4.942643437466087198e+04
5.383297602658869000e+05 2.413130973916276358e+06 1.135806848456864245e+07 5.936825218144147657e+05 -1.339931019617186394e+05 -1.504863371458142647e+05 -1.579654433634459856e+05 -1.252408006874062703e+05 -6.554111959791908157e+04 -1.396453692349302946e+04 1.597053790147896507e+03 -1.560538855262120705e+04 -3.685465759731456637e+04 -3.621065443231025711e+04 -1.293059992464671450e+04 1.317629245973108482e+04 2.113792377897553524e+04 8.393939359880860138e+03 -9.847047617536167309e+03 -1.714653574453312103e+04 -8.082882880845039836e+03 7.457669101489082095e+03 1.600531815724833541e+04 1.239522018681733971e+04 1.693216803716671393e+03 -6.268825337496571592e+03 -5.354728501630996107e+03 1.814761555179966081e+03 8.450587727654237824e+03 9.398002286825449119e+03 2.278893533871378750e+05 2.198185570242026821e+06 7.933743079365168698e+06 1.419173841232887935e+06 4.208712514029585291e+05 2.358630069168415503e+05 1.410415860124762403e+05 1.296320336268210813e+05 1.538382093735825911e+05 1.771513794410379487e+05 1.648851212530549383e+05 1.191297917403792380e+05 7.386924400478439929e+04 6.113399107950733742e+04 8.090396931636196678e+04 1.056883131486498460e+05 1.065905114458155294e+05 7.995909219408730860e+04 4.711558670843656000e+04 3.136764478630685335e+04 3.988564801061956678e+04 5.821148712122019788e+04 6.658728924590937095e+04 5.748853722658687911e+04 3.848014833957595692e+04 2.404800516139395404e+04 2.311141766828818072e+04 3.171660234316688002e+04 3.962649362434516661e+04 3.913923821208031586e+04
-6.268322094816713798e+04 -1.519334327307180502e+05 5.936825218144147657e+05 3.787724960013011936e+06 1.801710584019193775e+05 -8.666982993669802090e+04 -9.514598026669015235e+04 -8.129868810476633371e+04 -4.615942220856448694e+04 -1.563294429274204231e+04 -2.847072274195793852e+03 -7.698126924837477418e+03 -1.676712968781004747e+04 -1.729778325354859408e+04 -7.267464764990214462e+03 5.217957819301400377e+03 1.036487658969480617e+04 6.012910570832180383e+03 -1.992898978511434962e+03 -6.035927529830981257e+03 -2.902071205356091014e+03 3.732304085518046122e+03 8.127211618725386870e+03 7.227802237840944144e+03 2.771654673831272248e+03 -1.033614939536539623e+03 -1.235443176979532836e+03 1.548434329784950023e+03 4.541941889865805933e+03 5.163327179487783724e+03 1.486258031212202914e+05 4.424971190868436825e+05 9.084548220702144317e+05 2.808600359108854085e+06 5.164490810694332467e+05 1.822683002572199330e+05 1.128850118837132177e+05 8.452696656544541474e+04 9.271644596776875551e+04 1.024443599475161463e+05 9.894813152296410408e+04 7.939075763061677571e+04 5.725896144159932010e+04 4.708244554381381022e+04 5.166629346955489018e+04 6.090958955240206706e+04 6.181185282004110195e+04 5.096821887866838370e+04 3.576529582385331742e+04 2.653960647798494028e+04 2.773073817361182591e+04 3.428406730195657292e+04 3.809735619643612881e+04 3.465833353619210538e+04 2.633713858595510101e+04 1.912821394995220180e+04 1.728265036298538325e+04 1.995697104788572324e+04 2.310978076864139803e+04 2.290223966514903441e+04
-1.350276507454573293e+05 -1.943031601821733057e+05 -1.339931019617186394e+05 1.801710584019193775e+05 1.481212786891519325e+06 6.262217686915557715e+04 -5.783014533329555707e+04 -5.152254189034779847e+04 -3.344623521479197370e+04 -1.475522324509097234e+04 -5.356123209870987921e+03 -4.930583386204724775e+03 -7.757726357215469761e+03 -7.881362537896039612e+03 -3.789484204696088455e+03 1.769384882789399398e+03 4.739355528743873947e+03 3.792978594208989307e+03 8.202732936729573794e+02 -1.146268444197533881e+03 -3.837168110899669955e+02 2.080979149154527931e+03 4.053747444278804323e+03 4.111797953804421923e+03 2.544424094498611794e+03 9.053192512219270611e+02 5.083719773312482744e+02 1.352308016815643441e+03 2.485749847347959076e+03 2.772791344219081111e+03 1.092921367538691993e+05 3.177328083132576430e+05 2.922767583715269575e+05 3.882193982518800767e+05 1.097569558223806322e+06 2.252239338630484708e+05 8.667791422814437828e+04 6.303309523411448754e+04 5.619028582831477979e+04 5.960231688332883641e+04 5.860769222654205078e+04 5.145122772137811990e+04 4.176179016245110688e+04 3.525916854572572629e+04 3.420543426482082577e+04 3.612557031847467442e+04 3.615697588268482650e+04 3.210777884030110363e+04 2.574100296768826956e+04 2.076677217420130182e+04 1.954324588931100152e+04 2.094309968890348682e+04 2.208506752308928844e+04 2.090978543149975667e+04 1.761522034702311794e+04 1.425205266317706264e+04 1.265601027903245995e+04 1.290641843998757031e+04 1.371085767692126319e+04 1.341779286446880542e+04
-1.073878879264763382e+05 -2.036093288757699775e+05 -1.504863371458142647e+05 -8.666982993669802090e+04 6.262217686915557715e+04 7.339749346160374116e+05 2.019936525321872614e+04 -3.660435173860681243e+04 -2.509234235451582936e+04 -1.381416875100815741e+04 -6.518873256811692045e+03 -4.508841523245462668e+03 -4.590917095393735508e+03 -4.020800418662515767e+03 -1.934584749309689414e+03 7.080289390678213977e+02 2.369205641365518659e+03 2.448158420676668356e+03 1.486634470614978000e+03 6.357256918141800952e+02 7.154279176210197875e+02 1.537345276881589143e+03 2.373442446582217599e+03 2.581750452810922980e+03 2.110748636523866026e+03 1.439779088256391105e+03 1.120762196449478324e+03 1.271968542001846117e+03 1.604914050139399933e+03 1.635835154189864625e+03 8.312725990706073935e+04 2.293472520663520263e+05 2.104085456317084609e+05 1.472939371678219759e+05 1.850118896563560993e+05 5.498395993052993435e+05 1.186569224888245808e+05 5.246273368615859363e+04 4.410111652664643771e+04 4.039274040723378130e+04 3.972807124034105800e+04 3.688782905992717133e+04 3.278783843257879198e+04 2.892032439791290744e+04 2.656550576013097452e+04 2.560225376076131943e+04 2.470945719661213661e+04 2.286332623109374981e+04 2.004858229859928542e+04 1.731745077766440227e+04 1.569175436708716006e+04 1.519437475647938845e+04 1.507166896050565811e+04 1.444026063130853981e+04 1.306079283791087801e+04 1.142026228240643468e+04 1.022324745220356999e+04 9.697054133750367328e+03 9.514968778971538995e+03 9.004737018119074492e+03
-9.741508750797755783e+04 -1.936830885359829408e+05 -1.579654433634459856e+05 -9.514598026669015235e+04 -5.783014533329555707e+04 2.019936525321872614e+04 4.079796653887475259e+05 7.386639544648205629e+03 -1.857788086167242727e+04 -1.061424845982373881e+04 -6.263811744269512928e+03 -4.198828017839836320e+03 -3.165809195521117090e+03 -1.824310560571913356e+03 -2.362208770129498703e+02 1.084800052886344929e+03 1.741773832057245727e+03 1.855689599552117670e+03 1.681801749389302813e+03 1.518275651242039658e+03 1.549505887226994901e+03 1.703703340320864299e+03 1.869322671696998896e+03 1.919133583948495470e+03 1.811236249194643051e+03 1.629347537282173107e+03 1.477637776155547272e+03 1.394388868848280254e+03 1.333107956736776941e+03 1.150577255180456859e+03 6.100231823733646161e+04 1.676175255007059895e+05 1.510955849169796275e+05 1.074921808646898717e+05 7.695543606768551399e+04 1.046348186682286323e+05 3.120065520205973880e+05 7.311238258080210653e+04 3.909777232621278381e+04 3.448976349583792035e+04 3.049051698628463055e+04 2.865908704952480184e+04 2.696068132905929087e+04 2.525252759847063498e+04 2.328978373527147778e+04 2.130141892049106536e+04 1.945546894906288799e+04 1.791697941500876914e+04 1.649511369675641618e+04 1.511951050763989042e+04 1.385254077793464057e+04 1.274780156738842925e+04 1.187630387938178683e+04 1.114031588456159807e+04 1.039663926626182911e+04 9.620775471554912656e+03 8.855636753453600249e+03 8.161045342064962824e+03 7.526182946850467488e+03 6.774523382640863019e+03
-7.634776898955056095e+04 -1.539797966086106317e+05 -1.252408006874062703e+05 -8.129868810476633371e+04 -5.152254189034779847e+04 -3.660435173860681243e+04 7.386639544648205629e+03 2.383344775630805234e+05 8.043150888356439282e+03 -6.249691548581939060e+03 -3.768972246022395211e+03 -3.148602395841065572e+03 -1.934667362066749320e+03 -1.871109640372948206e+02 1.413070680957812556e+03 2.145630151939449206e+03 2.076447980094809282e+03 1.847376776642298864e+03 1.837155620083557778e+03 2.044816300775943773e+03 2.216676467326234160e+03 2.151122072299380307e+03 1.927837840279618831e+03 1.727029107442436725e+03 1.655030645288945152e+03 1.684497139135139150e+03 1.689955435213342298e+03 1.572675695134351827e+03 1.341172072057783680e+03 1.029259450827048568e+03 5.929004432609822834e+04 1.574144495623273833e+05 1.386027163168371189e+05 9.150946262527612271e+04 6.412419154167192755e+04 5.157885991382709472e+04 6.890768371566585847e+04 1.898272185504718800e+05 5.013638371266244212e+04 3.032658141487897228e+04 2.585747565139484504e+04 2.219248176259110187e+04 2.132635003179673367e+04 2.109777230308614526e+04 2.029495920167722215e+04 1.843719422588606540e+04 1.608398968649728340e+04 1.424233463814806237e+04 1.318826270637843481e+04 1.262519968801557843e+04 1.198250715176677477e+04 1.096506945754730987e+04 9.788557626748530311e+03 8.798235572805106131e+03 8.161347993158133249e+03 7.789213136187085183e+03 7.419258365481819055e+03 6.859592191101355638e+03 6.119944350792618934e+03 5.255465932345938199e+03
-3.717067033578436531e+04 -7.304941144262175658e+04 -6.554111959791908157e+04 -4.615942220856448694e+04 -3.344623521479197370e+04 -2.509234235451582936e+04 -1.857788086167242727e+04 8.043150888356439282e+03 1.424947830734455783e+05 9.247134241946554539e+03 -1.276869108309911553e+03 -1.374356912165832455e+03 -8.897808252259713981e+02 7.262058648594284023e+02 2.177873348734199681e+03 2.698856515880151164e+03 2.370648171607644144e+03 1.953271888776461310e+03 1.884847726597239671e+03 2.147195817806918058e+03 2.364492218128698369e+03 2.260862856511541395e+03 1.927270670812643857e+03 1.612955018887271990e+03 1.498808285348301069e+03 1.564424222363496028e+03 1.622778216465671903e+03 1.530927152382008444e+03 1.288353229066354288e+03 9.814400595295221592e+02 8.147414347299467772e+04 2.023379675918542198e+05 1.616827685373537242e+05 9.852725386784062721e+04 6.148408623375552997e+04 4.717867378119332716e+04 4.086748262486809108e+04 4.921447782322017156e+04 1.144619340185967303e+05 3.370249604912886571e+04 2.035707882706078817e+04 1.690271737904031033e+04 1.528177279345486750e+04 1.566175204068910170e+04 1.571050056160542226e+04 1.458446786179512128e+04 1.253592943233100959e+04 1.073189218610021635e+04 9.749324963969502278e+03 9.488741265678940181e+03 9.274264194572711858e+03 8.598861565490617068e+03 7.566877104893832438e+03 6.577339995403848661e+03 5.958891932862616159e+03 5.722598384957262169e+03 5.565125862145868268e+03 5.213018543923839388e+03 4.612955322658614023e+03 3.860173033217966804e+03
-9.013034536865354312e+03 -9.290551297509115102e+03 -1.396453692349302946e+04 -1.563294429274204231e+04 -1.475522324509097234e+04 -1.381416875100815741e+04 -1.061424845982373881e+04 -6.249691548581939060e+03 9.247134241946554539e+03 8.783648150231665932e+04 7.478863060692424369e+03 -1.875012927312025113e+02 -3.378631695214664887e+01 8.935153347007138791e+02 2.017413367040285948e+03 2.420003498682961435e+03 2.173174973198480529e+03 1.839937928965122410e+03 1.761224058509087172e+03 1.934586972522089127e+03 2.068138663343967437e+03 1.953161327982904140e+03 1.663477395577207062e+03 1.394877792605492687e+03 1.289079353557998729e+03 1.330156006868940040e+03 1.363719969017662152e+03 1.279530653250739761e+03 1.084701808280513660e+03 8.566291273510112205e+02 9.196452660897113674e+04 2.312158854103859630e+05 1.828837962326304987e+05 1.065864325733074511e+05 6.332180467969931487e+04 4.434332753791428695e+04 3.721914136749997124e+04 3.186393125418938871e+04 3.346996306974094477e+04 7.144059970550013531e+04 2.115143326334463200e+04 1.228676336570977219e+04 1.091862193612107330e+04 1.069443058911716435e+04 1.100922560982541654e+04 1.046787137237671777e+04 9.118669112468898675e+03 7.771301981919970785e+03 6.954858197609399213e+03 6.724644063334617385e+03 6.611931350708544414e+03 6.185831296645736074e+03 5.456600316959536940e+03 4.698916112357979728e+03 4.188670446903356606e+03 3.986054955514397989e+03 3.877015314937902076e+03 3.643865257387173187e+03 3.226866530914023315e+03 2.683799306672592138e+03
-1.758399000804395200e+03 5.151470692006164427e+03 1.597053790147896507e+03 -2.847072274195793852e+03 -5.356123209870987921e+03 -6.518873256811692045e+03 -6.263811744269512928e+03 -3.768972246022395211e+03 -1.276869108309911553e+03 7.478863060692424369e+03 5.761722349013343046e+04 5.377003054361581235e+03 4.164671233101419716e+02 9.273962618033424405e+02 1.510679125693705373e+03 1.814729035333289630e+03 1.715001201960712024e+03 1.578345000901106914e+03 1.567832748582729437e+03 1.660115745714807645e+03 1.672965311093882065e+03 1.522648867638980164e+03 1.298574688491238248e+03 1.128228049264837864e+03 1.076508809190638658e+03 1.101466859983353515e+03 1.089634999633270809e+03 9.897216565225562590e+02 8.314147713935408319e+02 6.820258880525325367e+02 8.129789898139389697e+04 2.064432207046044641e+05 1.682065903353248723e+05 1.012237181940106384e+05 6.074371391898064758e+04 4.213923195319874503e+04 3.299704364581491973e+04 2.736027988734985047e+04 2.109227399900758610e+04 2.102448903046530177e+04 4.567918650473625894e+04 1.321314379206164449e+04 7.957771829295490534e+03 7.599633934691739341e+03 7.438717729413848247e+03 7.206507437556474542e+03 6.449421217821021855e+03 5.639703974726169690e+03 5.068127744295657976e+03 4.821002042805382189e+03 4.649799308808631395e+03 4.318380518436580132e+03 3.832860587097435200e+03 3.336492854694101425e+03 2.981518133326744646e+03 2.802987996563974775e+03 2.672248599894155632e+03 2.472523036719740958e+03 2.174278244820218333e+03 1.809258023658027696e+03
-1.451020279867456520e+04 -2.516264242871972237e+04 -1.560538855262120705e+04 -7.698126924837477418e+03 -4.930583386204724775e+03 -4.508841523245462668e+03 -4.198828017839836320e+03 -3.148602395841065572e+03 -1.374356912165832455e+03 -1.875012927312025113e+02 5.377003054361581235e+03 4.102496119420151808e+04 4.580328274616261297e+03 1.249212167152931670e+03 1.509804351781180685e+03 1.501109079987459609e+03 1.439504171787860514e+03 1.448621142604983561e+03 1.550171090810697024e+03 1.624502449009395605e+03 1.529089521036595215e+03 1.289457918572065182e+03 1.061693088073954641e+03 9.569633680845768140e+02 9.730519714621485718e+02 1.014338628706512736e+03 9.676418499486836708e+02 8.283643939680264339e+02 6.660643401163852104e+02 5.602915941822254808e+02 5.008654085187442251e+04 1.343522255941730109e+05 1.208714624735585239e+05 8.040695792463683756e+04 5.251052999780985556e+04 3.827558221962180687e+04 3.016481882976655470e+04 2.347487351217980176e+04 1.754984808475968021e+04 1.266072486812674106e+04 1.335737978978797764e+04 3.102196871611618553e+04 9.543207928570114746e+03 5.992664031434960634e+03 5.724261056610533160e+03 5.257591128601427044e+03 4.795508037151370445e+03 4.332962337407239829e+03 3.993387784802823262e+03 3.777468001906327117e+03 3.537055680009366370e+03 3.186378630829952272e+03 2.796705515985398961e+03 2.463909956015885655e+03 2.242329761516474719e+03 2.108661857805357613e+03 1.955483652116678968e+03 1.739239730748120564e+03 1.479378572121591560e+03 1.210675910732688408e+03
-2.630496011049409572e+04 -5.601316331844590604e+04 -3.685465759731456637e+04 -1.676712968781004747e+04 -7.757726357215469761e+03 -4.590917095393735508e+03 -3.165809195521117090e+03 -1.934667362066749320e+03 -8.897808252259713981e+02 -3.378631695214664887e+01 4.164671233101419716e+02 4.580328274616261297e+03 3.148679082257269692e+04 4.653599198704875562e+03 2.014933971931365249e+03 1.756694989250867820e+03 1.466430599770351364e+03 1.501798801213535853e+03 1.696343871459297134e+03 1.821763906169579514e+03 1.674699385368277035e+03 1.330588854392748090e+03 1.028506348042451691e+03 9.225946058065482021e+02 9.863930788487535892e+02 1.067021053586134258e+03 1.013927963716643944e+03 8.356428285163476630e+02 6.408583254150221364e+02 5.414660790492612250e+02 2.553311463302536140e+04 7.209670681786033674e+04 7.543153415543057781e+04 5.808689445837082167e+04 4.258643307610314514e+04 3.388277103384822840e+04 2.814047319394018268e+04 2.228391150623996509e+04 1.600688996723871242e+04 1.135452242590988135e+04 8.386614009393206288e+03 9.706572959434492077e+03 2.401969981637385717e+04 7.758704586472483243e+03 5.225398385307349599e+03 4.693505410194348769e+03 3.990510931720935787e+03 3.622707854768590551e+03 3.440968841008532308e+03 3.347884393193646247e+03 3.122054096945024867e+03 2.717201376624493150e+03 2.289017371606445067e+03 1.985521987020742472e+03 1.841427233504877677e+03 1.775729345204746323e+03 1.640217136594337717e+03 1.403763243710213374e+03 1.128283222534455945e+03 8.819096059851457312e+02
-2.279506966251586709e+04 -5.154366039403728792e+04 -3.621065443231025711e+04 -1.729778325354859408e+04 -7.881362537896039612e+03 -4.020800418662515767e+03 -1.824310560571913356e+03 -1.871109640372948206e+02 7.262058648594284023e+02 8.935153347007138791e+02 9.273962618033424405e+02 1.249212167152931670e+03 4.653599198704875562e+03 2.458993321975775689e+04 4.466375826131477879e+03 2.096391837789629790e+03 1.645865063292165814e+03 1.527350705897413718e+03 1.740542214280102826e+03 1.926163227611377806e+03 1.812325400552466817e+03 1.440768963247707234e+03 1.081381668556060049e+03 9.352971125712181220e+02 9.998598247587194692e+02 1.107785763189171121e+03 1.075996792607709040e+03 8.960784586554065072e+02 6.849696365406352925e+02 5.755166873589382703e+02 2.471256634518053761e+04 6.433704486356945563e+04 6.329348822406998079e+04 4.835796266084424133e+04 3.636775769741363183e+04 3.017298134457621200e+04 2.651562923774187220e+04 2.210846841866995601e+04 1.641378932771905602e+04 1.136127002167322644e+04 8.223191865282104118e+03 6.688236301748218466e+03 8.293388639229186083e+03 1.876343771998043667e+04 6.842685385283482901e+03 4.559246442446818037e+03 3.747914544901342197e+03 3.153299682999769630e+03 3.037536076256606066e+03 3.089443607802243605e+03 2.979276410379715344e+03 2.586951773256001616e+03 2.104514215790373783e+03 1.756362766255581391e+03 1.626068932393112618e+03 1.619721133771221503e+03 1.539259255890097393e+03 1.321322586453626172e+03 1.035679237033191384e+03 7.817746664648627757e+02
-7.238414784313459677e+03 -1.610429674868255097e+04 -1.293059992464671450e+04 -7.267464764990214462e+03 -3.789484204696088455e+03 -1.934584749309689414e+03 -2.362208770129498703e+02 1.413070680957812556e+03 2.177873348734199681e+03 2.017413367040285948e+03 1.510679125693705373e+03 1.509804351781180685e+03 2.014933971931365249e+03 4.466375826131477879e+03 1.881354456530286916e+04 3.585108004441940466e+03 1.633657214106090123e+03 1.426561750687275435e+03 1.515452384715247263e+03 1.712307244539282692e+03 1.677328160522293956e+03 1.392156728078303786e+03 1.067049466624423985e+03 8.996279623419843574e+02 9.255201018744172643e+02 1.020764610525016906e+03 1.016108591548878394e+03 8.786854979752583858e+02 6.964335660060257851e+02 5.868263943587458016e+02 4.086014227102986479e+04 1.008875582780186087e+05 8.345064138939222903e+04 5.328420750474520901e+04 3.556076748376133037e+04 2.798069539575570525e+04 2.467483436556199013e+04 2.142908532336162170e+04 1.658837014738459402e+04 1.178265526749653873e+04 8.286261138680078147e+03 6.638252288347304784e+03 6.132263598041424302e+03 7.379506532170315950e+03 1.519227156922654285e+04 5.607353154748938323e+03 3.470648026600632420e+03 2.845805697485333440e+03 2.602245318955946459e+03 2.731794753696543921e+03 2.746748927809968791e+03 2.460850790786186735e+03 2.014987028816953625e+03 1.650212638035736973e+03 1.499496531495435192e+03 1.507554051476418863e+03 1.478617649434717123e+03 1.316529608904540964e+03 1.065509457883194045e+03 8.222984760895546970e+02
8.983687598912441899e+03 2.158393079678296635e+04 1.317629245973108482e+04 5.217957819301400377e+03 1.769384882789399398e+03 7.080289390678213977e+02 1.084800052886344929e+03 2.145630151939449206e+03 2.698856515880151164e+03 2.420003498682961435e+03 1.814729035333289630e+03 1.501109079987459609e+03 1.756694989250867820e+03 2.096391837789629790e+03 3.585108004441940466e+03 1.398703667079406114e+04 2.520573279866140183e+03 1.167913187626570561e+03 1.161831728919566103e+03 1.267471084622483886e+03 1.298623828455143894e+03 1.145739306380382459e+03 9.280969536645895914e+02 7.854198062130557219e+02 7.719610471299095025e+02 8.270145246839595075e+02 8.345275631423078266e+02 7.532513686361818372e+02 6.285342982432537156e+02 5.376242100820948053e+02 5.762642997198726516e+04 1.400359150516018562e+05 1.079053240149537160e+05 6.234448078781814547e+04 3.735146846809751878e+04 2.689729314565206005e+04 2.259297674825874492e+04 1.953787295806543261e+04 1.548318439628028682e+04 1.128831076047015449e+04 8.101464153637438358e+03 6.328540337059207559e+03 5.791330458272946998e+03 5.494071125192989712e+03 6.124026364695540906e+03 1.151293253207516682e+04 4.065718477552584773e+03 2.470147970853925472e+03 2.222153223276890458e+03 2.245563587596260732e+03 2.322549466205385215e+03 2.163135793462480251e+03 1.840654631064455771e+03 1.534001115893104725e+03 1.378267353488604840e+03 1.365036733290878146e+03 1.353553778111242764e+03 1.249200591913932385e+03 1.063798601626188201e+03 8.638064758336793147e+02
1.179517644672373535e+04 2.971566464684311359e+04 2.113792377897553524e+04 1.036487658969480617e+04 4.739355528743873947e+03 2.369205641365518659e+03 1.741773832057245727e+03 2.076447980094809282e+03 2.370648171607644144e+03 2.173174973198480529e+03 1.715001201960712024e+03 1.439504171787860514e+03 1.466430599770351364e+03 1.645865063292165814e+03 1.633657214106090123e+03 2.520573279866140183e+03 1.053711644143028388e+04 1.845233057855660945e+03 8.993706232300883130e+02 9.365824203705516311e+02 9.355059948702178190e+02 8.594583484858276279e+02 7.321758193493307090e+02 6.396447739416141758e+02 6.207804378421108140e+02 6.471710915759088039e+02 6.486524948793774001e+02 5.965513703835470096e+02 5.151720476907942157e+02 4.510171904675455608e+02 5.524206908633311104e+04 1.373231969299427001e+05 1.079483392794481479e+05 6.263972751954944397e+04 3.692511131031976402e+04 2.561695894690911518e+04 2.042226804451520729e+04 1.694582240327024192e+04 1.327633104743283184e+04 9.829967516122311281e+03 7.254879420079969350e+03 5.792584252190352345e+03 5.108268531876644374e+03 4.740973682126017593e+03 4.156322467100289941e+03 4.330765127462786950e+03 8.568867607893358581e+03 2.886702545471290250e+03 1.795840630529097325e+03 1.767715470173380254e+03 1.757876975198227228e+03 1.678543662927249898e+03 1.481727494018661673e+03 1.276666641026763955e+03 1.154460373167080434e+03 1.125157945694310911e+03 1.105197034471810639e+03 1.031271675329227037e+03 9.037362244132287969e+02 7.597595881892916623e+02
2.010593659591173946e+03 7.732804780799437140e+03 8.393939359880860138e+03 6.012910570832180383e+03 3.792978594208989307e+03 2.448158420676668356e+03 1.855689599552117670e+03 1.847376776642298864e+03 1.953271888776461310e+03 1.839937928965122410e+03 1.578345000901106914e+03 1.448621142604983561e+03 1.501798801213535853e+03 1.527350705897413718e+03 1.426561750687275435e+03 1.167913187626570561e+03 1.845233057855660945e+03 8.424754816729097001e+03 1.599206814942695928e+03 8.788378249292777582e+02 8.259112592965362865e+02 7.056245503519498925e+02 6.004669001046445374e+02 5.437656611013997008e+02 5.494934768790916451e+02 5.766002469796756031e+02 5.662355683057573970e+02 5.081460428411691055e+02 4.348550213173883776e+02 3.893539853571392086e+02 3.591857409143676341e+04 9.366940430865759845e+04 8.064628855477069737e+04 5.130080993724595464e+04 3.248671415784004057e+04 2.342878879669621529e+04 1.857827135737578283e+04 1.484869073245498112e+04 1.126606591683030638e+04 8.304391752698842538e+03 6.273124430234423016e+03 5.157909316593879339e+03 4.576226162880948323e+03 4.044018519005810049e+03 3.442118038311115924e+03 2.730167003947299236e+03 2.906700516822792451e+03 6.625590123616681012e+03 2.157842662678723173e+03 1.394521593426006802e+03 1.345337963183627835e+03 1.215455950040741527e+03 1.083117946970960475e+03 9.558296825473613580e+02 8.855427707509387574e+02 8.663931387608306522e+02 8.375746343293546943e+02 7.663281389855483212e+02 6.642533460755033730e+02 5.601732386549989542e+02
-8.369349336736067926e+03 -1.849797939134828630e+04 -9.847047617536167309e+03 -1.992898978511434962e+03 8.202732936729573794e+02 1.486634470614978000e+03 1.681801749389302813e+03 1.837155620083557778e+03 1.884847726597239671e+03 1.761224058509087172e+03 1.567832748582729437e+03 1.550171090810697024e+03 1.696343871459297134e+03 1.740542214280102826e+03 1.515452384715247263e+03 1.161831728919566103e+03 8.993706232300883130e+02 1.599206814942695928e+03 7.154304398257430876e+03 1.598653305926792200e+03 9.018308550401412731e+02 7.184538497567559716e+02 5.585520777604469913e+02 5.107946372947351392e+02 5.446531975013143665e+02 5.914785306150054112e+02 5.759921078982881681e+02 4.986427710717256332e+02 4.112020862524229869e+02 3.707528045413704376e+02 1.742767009783308458e+04 4.725553399584724684e+04 4.763925514016231318e+04 3.597331701216825604e+04 2.600608762513463444e+04 2.049422146138417884e+04 1.703244974172311777e+04 1.367591152183516897e+04 1.017089261540013467e+04 7.371335651069941378e+03 5.570359561146258784e+03 4.668172729860481923e+03 4.232428340044276410e+03 3.767955364502651719e+03 3.078306098881668731e+03 2.369738285114980499e+03 1.783348271835285232e+03 2.131194255581513517e+03 5.379033136734937216e+03 1.779898882522109943e+03 1.139503790514541606e+03 9.819409913379597583e+02 7.989041586155349250e+02 7.013718956054467526e+02 6.724596599666804195e+02 6.837452995883547828e+02 6.606198247105730843e+02 5.826517747117898125e+02 4.793172878937653536e+02 3.897734191391500644e+02
-1.230199910008432562e+04 -2.821709244708911137e+04 -1.714653574453312103e+04 -6.035927529830981257e+03 -1.146268444197533881e+03 6.357256918141800952e+02 1.518275651242039658e+03 2.044816300775943773e+03 2.147195817806918058e+03 1.934586972522089127e+03 1.660115745714807645e+03 1.624502449009395605e+03 1.821763906169579514e+03 1.926163227611377806e+03 1.712307244539282692e+03 1.267471084622483886e+03 9.365824203705516311e+02 8.788378249292777582e+02 1.598653305926792200e+03 6.197164544385069348e+03 1.500782088663133436e+03 7.925138900696672408e+02 5.971630851262642636e+02 5.133864729574754620e+02 5.531192075155809107e+02 6.144404901171558322e+02 6.072839611345814319e+02 5.256876045901965426e+02 4.281269204569044859e+02 3.819094304711244376e+02 9.456559329058378353e+03 2.753675446567350446e+04 3.218581813854143547e+04 2.697935121764573341e+04 2.119845408842235338e+04 1.788394530336515163e+04 1.575086320086151682e+04 1.319020911223134317e+04 9.968628484174550977e+03 7.175307072914587479e+03 5.331382201441115285e+03 4.436046651137274239e+03 4.106516035875649322e+03 3.781888835288605151e+03 3.171673017507824170e+03 2.384128050337775676e+03 1.743771622496396049e+03 1.407862772994276838e+03 1.872624643183303533e+03 4.648674009989277693e+03 1.658550983754739264e+03 9.836221725192008307e+02 7.718712548339651676e+02 6.167190023892130739e+02 5.985703759884177089e+02 6.364964353180946546e+02 6.356329826731594039e+02 5.623383791441066251e+02 4.522060237325212029e+02 3.573062877408197551e+02
-4.482975257174699436e+03 -1.196014168430096834e+04 -8.082882880845039836e+03 -2.902071205356091014e+03 -3.837168110899669955e+02 7.154279176210197875e+02 1.549505887226994901e+03 2.216676467326234160e+03 2.364492218128698369e+03 2.068138663343967437e+03 1.672965311093882065e+03 1.529089521036595215e+03 1.674699385368277035e+03 1.812325400552466817e+03 1.677328160522293956e+03 1.298623828455143894e+03 9.355059948702178190e+02 8.259112592965362865e+02 9.018308550401412731e+02 1.500782088663133436e+03 5.194397853422247863e+03 1.213421899810012746e+03 6.232425881713979834e+02 5.197441852250901775e+02 5.175500663773839278e+02 5.703919015583032888e+02 5.776639613799716244e+02 5.196514225704988803e+02 4.361948424738868653e+02 3.846792737239125017e+02 1.924382280037694727e+04 4.683426098937365168e+04 4.103366180340546998e+04 2.844988291811150339e+04 2.019828162041921678e+04 1.644770308455793202e+04 1.466559081572072319e+04 1.273512221408598271e+04 9.938498618358655222e+03 7.232224179477359939e+03 5.312378318383544865e+03 4.339946378915254172e+03 4.027163474653712001e+03 3.817924411608737955e+03 3.327999026134084488e+03 2.594438089394583585e+03 1.880493194338839430e+03 1.500439167190834723e+03 1.393395785869686279e+03 1.876912864170718422e+03 4.211298798979847561e+03 1.514770900450949284e+03 8.920251165389622656e+02 7.136789031897053519e+02 6.421238062671925491e+02 6.828667497825451846e+02 7.041271108410628585e+02 6.549407525126639484e+02 5.552969009846133304e+02 4.557623819596848875e+02
5.110860840784453103e+03 1.131934274277696386e+04 7.457669101489082095e+03 3.732304085518046122e+03 2.080979149154527931e+03 1.537345276881589143e+03 1.703703340320864299e+03 2.151122072299380307e+03 2.260862856511541395e+03 1.953161327982904140e+03 1.522648867638980164e+03 1.289457918572065182e+03 1.330588854392748090e+03 1.440768963247707234e+03 1.392156728078303786e+03 1.145739306380382459e+03 8.594583484858276279e+02 7.056245503519498925e+02 7.184538497567559716e+02 7.925138900696672408e+02 1.213421899810012746e+03 4.239254360679663478e+03 9.427527833708436447e+02 4.926372798867650999e+02 4.533040058505015395e+02 4.644815140121372110e+02 4.805242989819774380e+02 4.562077702457631858e+02 4.039925703574903082e+02 3.557488865284850021e+02 3.130780965591013955e+04 7.611717702965630451e+04 5.937110570902982727e+04 3.505061869231211313e+04 2.165536928092241578e+04 1.601506604319483085e+04 1.365127407630480229e+04 1.184883500678830751e+04 9.423314314408955397e+03 6.976068733832615180e+03 5.151326154059121109e+03 4.170896551840977736e+03 3.825597805909236740e+03 3.638093491933850146e+03 3.247684866434444302e+03 2.625745128996854874e+03 1.985120257373185950e+03 1.571159186664444860e+03 1.441816123384247476e+03 1.448457802010261730e+03 1.809820488708823632e+03 3.603742115070781438e+03 1.342741977218822285e+03 8.165088025757054311e+02 7.215369043834873537e+02 7.137144162080446677e+02 7.431335068983696601e+02 7.223650535219533140e+02 6.514711550709607764e+02 5.627874684936027734e+02
9.486798345753770263e+03 2.243797370580438292e+04 1.600531815724833541e+04 8.127211618725386870e+03 4.053747444278804323e+03 2.373442446582217599e+03 1.869322671696998896e+03 1.927837840279618831e+03 1.927270670812643857e+03 1.663477395577207062e+03 1.298574688491238248e+03 1.061693088073954641e+03 1.028506348042451691e+03 1.081381668556060049e+03 1.067049466624423985e+03 9.280969536645895914e+02 7.321758193493307090e+02 6.004669001046445374e+02 5.585520777604469913e+02 5.971630851262642636e+02 6.232425881713979834e+02 9.427527833708436447e+02 3.493155260023993833e+03 7.450841554859805456e+02 3.903913987178178786e+02 3.725216416048912151e+02 3.728950747228087721e+02 3.696896792117076984e+02 3.433459877872696779e+02 3.049412014353035261e+02 3.540244632493191602e+04 8.693392249992367579e+04 6.746927207925735274e+04 3.868243374008212413e+04 2.267244634758132452e+04 1.579898346926556405e+04 1.272265466399116667e+04 1.066410942719575542e+04 8.424888719085756748e+03 6.303557227065428378e+03 4.732432512926650816e+03 3.861899948706758551e+03 3.499570338229786103e+03 3.270666105717150458e+03 2.916379378266175081e+03 2.409061874588585852e+03 1.890161261452476538e+03 1.542881603243027484e+03 1.377292438793490192e+03 1.356663607883016766e+03 1.315250196285206584e+03 1.531834044881278714e+03 3.054966099267476238e+03 1.127538424732668773e+03 7.214695424915878448e+02 6.907861993187657390e+02 6.879803296077138839e+02 6.850768839975701212e+02 6.432283471620808086e+02 5.773326074478841292e+02
6.291351675403944682e+03 1.564054165080011262e+04 1.239522018681733971e+04 7.227802237840944144e+03 4.111797953804421923e+03 2.581750452810922980e+03 1.919133583948495470e+03 1.727029107442436725e+03 1.612955018887271990e+03 1.394877792605492687e+03 1.128228049264837864e+03 9.569633680845768140e+02 9.225946058065482021e+02 9.352971125712181220e+02 8.996279623419843574e+02 7.854198062130557219e+02 6.396447739416141758e+02 5.437656611013997008e+02 5.107946372947351392e+02 5.133864729574754620e+02 5.197441852250901775e+02 4.926372798867650999e+02 7.450841554859805456e+02 2.943299492512813231e+03 6.169246001659306557e+02 3.332906982784469392e+02 3.193539607087225249e+02 3.031646426682053743e+02 2.838782904784075640e+02 2.545806057724048515e+02 2.837423770436824998e+04 7.148926810513323289e+04 5.803256220988383575e+04 3.499764958841727639e+04 2.130579912394653365e+04 1.500014443860454776e+04 1.183854598407542653e+04 9.553230143044853321e+03 7.343020480942623180e+03 5.471910624992385237e+03 4.168952817344317737e+03 3.463591763767774864e+03 3.135171497225003804e+03 2.870501946269304426e+03 2.509536454474575294e+03 2.067070466800130816e+03 1.651483272778302762e+03 1.381074877524550175e+03 1.244994316202731625e+03 1.177423413417312986e+03 1.117511696146497343e+03 1.002385254919662657e+03 1.166695053422004548e+03 2.517438760008123609e+03 8.948825113928876362e+02 5.951182730380674002e+02 5.780567509006830278e+02 5.546148375207962999e+02 5.290387599166490418e+02 4.849935060450883384e+02
-6.053817925748795687e+02 -8.209676530946801449e+02 1.693216803716671393e+03 2.771654673831272248e+03 2.544424094498611794e+03 2.110748636523866026e+03 1.811236249194643051e+03 1.655030645288945152e+03 1.498808285348301069e+03 1.289079353557998729e+03 1.076508809190638658e+03 9.730519714621485718e+02 9.863930788487535892e+02 9.998598247587194692e+02 9.255201018744172643e+02 7.719610471299095025e+02 6.207804378421108140e+02 5.494934768790916451e+02 5.446531975013143665e+02 5.531192075155809107e+02 5.175500663773839278e+02 4.533040058505015395e+02 3.903913987178178786e+02 6.169246001659306557e+02 2.556462678530894664e+03 5.696507679824444494e+02 3.230996636959276884e+02 2.868166886842345775e+02 2.470169611181563596e+02 2.209491580678995888e+02 1.630704923540005439e+04 4.266717580424059997e+04 3.885195304586347629e+04 2.654328949730068416e+04 1.789286412999885943e+04 1.349900161990615743e+04 1.096504847204242833e+04 8.782935673855761706e+03 6.593452398695597367e+03 4.832933987703704588e+03 3.681803969039603999e+03 3.095896004294681006e+03 2.831138478364725415e+03 2.582061902898927201e+03 2.217714397938016191e+03 1.790514397900378299e+03 1.415453746649517598e+03 1.191784891066215550e+03 1.090100311097401345e+03 1.034612994713380431e+03 9.371956892466009776e+02 8.099775775367652386e+02 6.790931437500357788e+02 8.524598173135968864e+02 2.056641121100701184e+03 7.275626674205757354e+02 4.650473666764050904e+02 4.304237514104080446e+02 3.852825984449905263e+02 3.529285421023194544e+02
-5.381563942998523089e+03 -1.225672034065840853e+04 -6.268825337496571592e+03 -1.033614939536539623e+03 9.053192512219270611e+02 1.439779088256391105e+03 1.629347537282173107e+03 1.684497139135139150e+03 1.564424222363496028e+03 1.330156006868940040e+03 1.101466859983353515e+03 1.014338628706512736e+03 1.067021053586134258e+03 1.107785763189171121e+03 1.020764610525016906e+03 8.270145246839595075e+02 6.471710915759088039e+02 5.766002469796756031e+02 5.914785306150054112e+02 6.144404901171558322e+02 5.703919015583032888e+02 4.644815140121372110e+02 3.725216416048912151e+02 3.332906982784469392e+02 5.696507679824444494e+02 2.292959798408383904e+03 5.474107812099057355e+02 3.003445277983787491e+02 2.426203644544906126e+02 2.034096803686272779e+02 7.945928265038943209e+03 2.253529015002165033e+04 2.447907740043858212e+04 1.937692198888782514e+04 1.454635343346286754e+04 1.184949368185662024e+04 1.015677218367704700e+04 8.358438638630337664e+03 6.289815955534287241e+03 4.552069523906762697e+03 3.413496069357152010e+03 2.852783644136719886e+03 2.636777179300356693e+03 2.444571367355881193e+03 2.110406521990222245e+03 1.683518295849158221e+03 1.300249537788133694e+03 1.079912442169864335e+03 9.983978703195526805e+02 9.683203582921009911e+02 8.833562068882408767e+02 7.249165472030017554e+02 5.773376012222450981e+02 4.822018592012299791e+02 6.826837092344057965e+02 1.844856569687871342e+03 6.306747856362947005e+02 3.752269176937245447e+02 3.188586190238344216e+02 2.681775806260697550e+02
