1.058633908617721051e+08 1.285365957228542492e+07 6.099065746456047054e+05 5.254037070554366801e+04 -5.448314555086210748e+04 -4.288824245009986043e+04 -3.965993928499125468e+04 -2.668723311770509099e+04 -1.726338082855530047e+03 1.404937628445484006e+04 1.492161868292980398e+04 2.883867063837053138e+03 -6.616857140587165304e+03 -4.266722330932509976e+03 6.395873269928011723e+03 1.673265272506199835e+04 1.694331320451002466e+04 8.486486506965426088e+03 3.507897724374566906e+02 -2.564025739038338543e+03 3.057420705777808507e+03 9.578567851170242648e+03 1.202259865837477628e+04 8.981201098334768176e+03 3.519432373395475224e+03 -9.759502560384038361e+01 1.241251334876988039e+03 4.478729277586059652e+03 7.117809357768532209e+03 6.902201532605293323e+03 1.677811732685709745e+07 1.823583380431801826e+07 1.879151437309384346e+06 4.410256147131128237e+05 1.114443686693220952e+05 8.696428642875715741e+04 6.749007729049725458e+04 6.528457423134196870e+04 8.158923862077487865e+04 8.752056811833150277e+04 7.634328893530403730e+04 4.951872058736557665e+04 2.917833790936992591e+04 2.840416468701399572e+04 4.100273447781443247e+04 5.355753972528042505e+04 5.043293632647862978e+04 3.398147630077572103e+04 1.869705779357401843e+04 1.222914279515429735e+04 2.004783218449089327e+04 2.943928704324130740e+04 3.222664430736142822e+04 2.607526331364983344e+04 1.605108877985574873e+04 9.212885123575199032e+03 1.076825662644466865e+04 1.556000702451967663e+04 1.941432002108427696e+04 1.852985572181787575e+04
1.285365957228542492e+07 2.481385523014561087e+07 3.097189538750505075e+06 5.759900594730370358e+04 -4.764614896082511405e+04 -8.308846255631504755e+04 -8.363181952196419297e+04 -6.016108440285988763e+04 -8.038136857378039167e+03 3.025232604914125477e+04 3.339741085013227712e+04 6.571608992583051077e+03 -1.790888486620456388e+04 -1.550583341264483170e+04 8.914961854706391023e+03 3.386093951113044022e+04 3.683419487839828071e+04 1.854487595642648375e+04 -1.684420659777173569e+03 -9.082256121506070485e+03 2.480721803282883229e+03 1.865342959745359258e+04 2.554883684663427994e+04 1.941392165508263861e+04 6.634716765496938024e+03 -2.033782429589917228e+03 9.021143560080683699e+01 7.971765676629982408e+03 1.453748647386399716e+04 1.458837447635179342e+04 3.055431092503868975e+06 1.072119137012049370e+07 4.964086117429399863e+06 7.717400389334622305e+05 3.675917797374028014e+05 2.182666676783546282e+05 1.661871502842527698e+05 1.561977467098618799e+05 1.898748138261219719e+05 2.093774242113554501e+05 1.854826094206052949e+05 1.246341633152280701e+05 7.319936179312007152e+04 6.642150671185803367e+04 9.507934549986897036e+04 1.251253997964930895e+05 1.211315251919464208e+05 8.448156568420788972e+04 4.632894797350860608e+04 3.018686232483101048e+04 4.552164075322070130e+04 6.860347949896096543e+04 7.653118827500290354e+04 6.330407963114642189e+04 3.954826517264331051e+04 2.307779664142915135e+04 2.483317414855743846e+04 3.633996650980525737e+04 4.569594117911400099e+04 4.425900951432902366e+04
6.099065746456047054e+05 3.097189538750505075e+06 7.626786418985053897e+06 9.415335295396633446e+05 -2.522995127785383374e+03 -4.510627434266847558e+04 -6.378633264839155891e+04 -4.554492496470554033e+04 -8.370149640741801704e+03 2.251428368873866566e+04 2.796162800323497140e+04 1.144879592079092981e+04 -6.139080796775305316e+03 -6.901917828210784137e+03 8.615912742870328657e+03 2.557394100120026269e+04 2.907645535121915964e+04 1.793883875406070001e+04 3.568745424728982016e+03 -2.238705453974194825e+03 3.959749038576825569e+03 1.460563380043557845e+04 1.988800733329609648e+04 1.631246554136271880e+04 7.829393843537294742e+03 1.653972592479706009e+03 2.102552434267940953e+03 7.064819716161955512e+03 1.150798207435859877e+04 1.173320631540048271e+04 2.784657860691609094e+05 2.441915496695666574e+06 4.203750967967407778e+06 1.645118227248524316e+06 3.622607138855486410e+05 2.243888511333168717e+05 1.511023722495090624e+05 1.392135792663212924e+05 1.553347165330090793e+05 1.694671110729129869e+05 1.546472837936285650e+05 1.141806204818138795e+05 7.604674376768653747e+04 6.523746469184347370e+04 8.043889049895558855e+04 9.882810844937448564e+04 9.744527862815404660e+04 7.421666106606653193e+04 4.680808410229877336e+04 3.387443186275731568e+04 4.059920170945899736e+04 5.487135840662189003e+04 6.075643799638549535e+04 5.251236727858500672e+04 3.656231401638509124e+04 2.465809040958767582e+04 2.380281046353009879e+04 3.056654459493729519e+04 3.660028053684956103e+04 3.576814814327565546e+04
5.254037070554366801e+04 5.759900594730370358e+04 9.415335295396633446e+05 2.721233057360295206e+06 3.590452120571030537e+05 -8.355969816006174369e+03 -2.835183836870146115e+04 -2.586607136680301483e+04 -5.119351286954572060e+03 1.251801120948471907e+04 1.803051194713968289e+04 1.177829106199369380e+04 3.418904127968361081e+03 1.753168036396031312e+03 7.809152393828700042e+03 1.549723783290235770e+04 1.779364539451360179e+04 1.340798184680428312e+04 6.726709131211608110e+03 3.254918932182803928e+03 5.118025979711035689e+03 9.452893527738091507e+03 1.205421576688541609e+04 1.079027624243480568e+04 7.049274747945168201e+03 3.944088281666071452e+03 3.567799311450189634e+03 5.374649996333919262e+03 7.289437558665595134e+03 7.439082747863698387e+03 1.483665497955339379e+05 4.242434201441747136e+05 1.077904058839960955e+06 1.666611702875386924e+06 6.181889261782809626e+05 1.712257291861052508e+05 1.169074261751163867e+05 9.468656053394691844e+04 9.856482711039573769e+04 1.031855698866664316e+05 9.717041761324129766e+04 7.892080452039660304e+04 5.963150531588988815e+04 5.060217057697611745e+04 5.348273036585671070e+04 5.977826076308194752e+04 5.911100488881031197e+04 4.917488696205485758e+04 3.614829619877329969e+04 2.833944042498265844e+04 2.903787219430685218e+04 3.390984414103470044e+04 3.640319836477451463e+04 3.301856959302052564e+04 2.583573066645163999e+04 1.974927033339383343e+04 1.810148201826833974e+04 2.008325297379520634e+04 2.237818525452342874e+04 2.191273769074848678e+04
-5.448314555086210748e+04 -4.764614896082511405e+04 -2.522995127785383374e+03 3.590452120571030537e+05 1.180217867986828554e+06 1.667092662188259419e+05 -7.491803545902299447e+03 -1.100868164712849284e+04 -3.316395838011926116e+03 6.971302627650195063e+03 1.127076561209435386e+04 9.748763375244710915e+03 6.308642443949038352e+03 5.044199048249227417e+03 6.941342833674447320e+03 9.978328489875670130e+03 1.120709813467182539e+04 9.718967234796684352e+03 6.906294768740230211e+03 4.980003560043000107e+03 5.136369468878563566e+03 6.553549633134993201e+03 7.599775397711781807e+03 7.248530757492570046e+03 5.748931225838503451e+03 4.269202976394617508e+03 3.762043556726213865e+03 4.189935669612779748e+03 4.829273855502970036e+03 4.840097291067570040e+03 1.169116250736275397e+05 3.069816908953787060e+05 2.893701697095745476e+05 4.948934072931810515e+05 6.873005854426778387e+05 2.848568458701621275e+05 8.837315032827801770e+04 6.960154263794649160e+04 6.314709427645259711e+04 6.364037426113038964e+04 6.077584926590563555e+04 5.341787830471161578e+04 4.450946716236398788e+04 3.842841909185610712e+04 3.676217108001305314e+04 3.741417074753141787e+04 3.651201240908252657e+04 3.246476695574110636e+04 2.675233115976241243e+04 2.235449278552661417e+04 2.105544993655183498e+04 2.183544842070908635e+04 2.235619691632162721e+04 2.100392390796921245e+04 1.800240413171587716e+04 1.504205936514909263e+04 1.357656985126078143e+04 1.361202088905372511e+04 1.407749478450412789e+04 1.364379056070387014e+04
-4.288824245009986043e+04 -8.308846255631504755e+04 -4.510627434266847558e+04 -8.355969816006174369e+03 1.667092662188259419e+05 6.289287214065110311e+05 9.058227371355623472e+04 -2.427697669292227147e+03 -4.447028247459765993e+00 4.386936485133135648e+03 7.692963036889294017e+03 7.761040491056503924e+03 6.597785508379441126e+03 5.980917327094453867e+03 6.537829058694020205e+03 7.629376708129382678e+03 8.130633881842877599e+03 7.589206251860287011e+03 6.366305577986544449e+03 5.306114005348543287e+03 5.000444313980546212e+03 5.284615067812166672e+03 5.598316706640440316e+03 5.454853735477196096e+03 4.825248108294701524e+03 4.084750043167633521e+03 3.651719919482769910e+03 3.598781829996301894e+03 3.695326115799836771e+03 3.569483623967699714e+03 8.984656494882624247e+04 2.243685658492939838e+05 2.104493685507802875e+05 1.532810678700084100e+05 2.449043774230810814e+05 3.650847302283451427e+05 1.560005954652150976e+05 5.707474891571454646e+04 4.946867208390837914e+04 4.514408926268943469e+04 4.310799244567645655e+04 3.974244302830507513e+04 3.567697081448154495e+04 3.184661764945038158e+04 2.917969470542221825e+04 2.761322865330897912e+04 2.617030937754033221e+04 2.411534360780143470e+04 2.140891314866351604e+04 1.886113673328526784e+04 1.723599573822025559e+04 1.651458355214954281e+04 1.609450907101793564e+04 1.527985443340653364e+04 1.389840407698708805e+04 1.235585668661188174e+04 1.121522698852687608e+04 1.063333636696557005e+04 1.033514961334986947e+04 9.778024129108740453e+03
-3.965993928499125468e+04 -8.363181952196419297e+04 -6.378633264839155891e+04 -2.835183836870146115e+04 -7.491803545902299447e+03 9.058227371355623472e+04 3.779686417708062800e+05 5.697673404913341074e+04 3.986580107309922823e+03 5.523170347392460826e+03 6.183251239296794665e+03 6.451407887354273043e+03 6.275476660324502518e+03 6.409456824500324728e+03 6.765569504054024947e+03 7.019088131446106672e+03 6.872078286616299010e+03 6.418897306306828796e+03 5.833563150639736705e+03 5.342385528701917792e+03 5.073273051533851685e+03 4.932567467996095729e+03 4.802651362435120973e+03 4.574983227545164482e+03 4.233977531980116510e+03 3.874824559365290042e+03 3.593299423208790358e+03 3.400375193424019926e+03 3.237437780777633634e+03 2.975485130709507757e+03 6.962238375943190476e+04 1.703161979831277858e+05 1.547838184359978477e+05 1.141830021599856700e+05 8.403312728036838234e+04 1.458926655259788968e+05 2.079316188014955260e+05 1.005329761122488708e+05 4.353858898896611936e+04 3.840100076602629269e+04 3.414096063888972276e+04 3.181970480015798239e+04 2.994581251082843664e+04 2.808070383094192948e+04 2.586229086310633647e+04 2.353215421575519940e+04 2.136811705771248671e+04 1.962809660221025842e+04 1.813017193957472773e+04 1.674914421935411883e+04 1.546366294707024463e+04 1.428166492249135990e+04 1.327871427271588254e+04 1.240367359032137756e+04 1.156156274131094870e+04 1.074159702337047565e+04 9.971833416178669722e+03 9.273469154293718020e+03 8.628373497394730293e+03 7.895220767020914536e+03
-2.668723311770509099e+04 -6.016108440285988763e+04 -4.554492496470554033e+04 -2.586607136680301483e+04 -1.100868164712849284e+04 -2.427697669292227147e+03 5.697673404913341074e+04 2.403512265257498075e+05 4.077980712152701744e+04 7.945599363251756586e+03 6.932075907646874839e+03 5.726393044724325591e+03 5.783715651802735010e+03 6.412523139974999140e+03 7.014497701726657397e+03 7.013440776894813098e+03 6.405908343334686833e+03 5.709811381700321363e+03 5.265331818673642374e+03 5.116239787055572378e+03 5.054916340540601595e+03 4.844379133229096624e+03 4.475511059725950872e+03 4.072558849128190104e+03 3.758008803172767330e+03 3.571018826125382020e+03 3.445634031704748395e+03 3.273858279847935592e+03 3.019043658242308993e+03 2.671881662439783213e+03 6.770755622095696162e+04 1.604073595537644578e+05 1.423836338828626613e+05 9.733280133778459276e+04 7.021554111808346352e+04 5.754309380484015855e+04 9.501836693355880561e+04 1.314547332393794786e+05 6.906365329787289375e+04 3.368736351839450072e+04 2.900247803916990961e+04 2.542538040710712812e+04 2.438965470637445833e+04 2.395248946382811846e+04 2.288710902804775105e+04 2.077744131808077509e+04 1.822820695158046874e+04 1.624234297658120340e+04 1.507650135678728111e+04 1.442890452335339432e+04 1.373513958165236909e+04 1.268283092751646291e+04 1.145060685587644912e+04 1.036390221705687145e+04 9.606028882934244393e+03 9.129148386936751194e+03 8.714615509395653135e+03 8.160983351287173718e+03 7.453355897861756603e+03 6.635103740705231758e+03
-1.726338082855530047e+03 -8.038136857378039167e+03 -8.370149640741801704e+03 -5.119351286954572060e+03 -3.316395838011926116e+03 -4.447028247459765993e+00 3.986580107309922823e+03 4.077980712152701744e+04 1.569180622974309663e+05 3.047410702682353804e+04 7.778556411655517877e+03 5.822205212112996378e+03 5.074754736367235637e+03 5.755193084200147496e+03 6.470798816443020769e+03 6.527967631279073430e+03 5.848945875524902476e+03 5.046653864787786915e+03 4.571718179745239468e+03 4.511685536692000824e+03 4.576447533683754955e+03 4.434464032099211181e+03 4.046488593816256525e+03 3.581062394128902270e+03 3.238842280832237975e+03 3.092380050196456978e+03 3.041991199435765338e+03 2.934860621199440175e+03 2.707572785601296346e+03 2.376877213541702076e+03 8.396584460425273573e+04 1.938333130984687014e+05 1.581338590010551270e+05 1.005410940097195562e+05 6.535157872241438599e+04 5.122641401363021578e+04 4.491658188661484746e+04 6.564541263464375515e+04 8.922080606482857547e+04 4.560923992135642038e+04 2.319657829259031132e+04 1.970741729339344602e+04 1.826639886308326095e+04 1.847723470077455568e+04 1.830215987264407158e+04 1.696723542899349559e+04 1.476757128570725763e+04 1.284592760668835763e+04 1.175659203073717072e+04 1.139966707146047338e+04 1.112979272596481132e+04 1.043227018755135578e+04 9.365723465378330729e+03 8.294925029373440339e+03 7.553728722234832276e+03 7.198005187318842218e+03 6.986311094228552975e+03 6.640531147602770943e+03 6.076977849977003643e+03 5.362064035121644338e+03
1.404937628445484006e+04 3.025232604914125477e+04 2.251428368873866566e+04 1.251801120948471907e+04 6.971302627650195063e+03 4.386936485133135648e+03 5.523170347392460826e+03 7.945599363251756586e+03 3.047410702682353804e+04 1.058267043807180162e+05 2.196589949625806184e+04 5.927785129208014041e+03 4.771359128770314783e+03 4.770436332059123743e+03 5.375164765717652699e+03 5.507668685619990356e+03 5.024063491586293821e+03 4.352458420487262629e+03 3.893962669738374643e+03 3.788306656090669094e+03 3.836189330950533076e+03 3.749910566583452237e+03 3.452744322206347533e+03 3.057304207107081311e+03 2.737320151890940906e+03 2.583578076780980155e+03 2.533723993074697319e+03 2.459555736720767527e+03 2.294227407957976538e+03 2.037609663521738639e+03 8.917267188530592830e+04 2.120736478216166433e+05 1.711545597329431330e+05 1.041800169362367014e+05 6.475685932637146470e+04 4.680235928438210976e+04 3.985239060792891541e+04 3.469377940386193222e+04 4.453841729197913810e+04 5.618398129957386118e+04 2.985668525112037969e+04 1.472883939006013134e+04 1.344030232505809545e+04 1.329386917204547899e+04 1.345621540665335851e+04 1.276650991239703217e+04 1.129537932432013076e+04 9.834774725015115109e+03 8.910924312484876282e+03 8.591126168656610389e+03 8.439237991128498834e+03 8.007162346846707806e+03 7.251683649090344261e+03 6.413621876875567068e+03 5.779872681072247360e+03 5.460088123066783737e+03 5.302883428411860223e+03 5.080433057250415004e+03 4.695597669832908650e+03 4.172590306880916614e+03
1.492161868292980398e+04 3.339741085013227712e+04 2.796162800323497140e+04 1.803051194713968289e+04 1.127076561209435386e+04 7.692963036889294017e+03 6.183251239296794665e+03 6.932075907646874839e+03 7.778556411655517877e+03 2.196589949625806184e+04 7.514201591299475695e+04 1.604214059397342135e+04 4.698105188014838859e+03 4.229524015485521886e+03 4.298633400241967138e+03 4.456506793213629862e+03 4.193256317418959952e+03 3.745556510100207561e+03 3.367715870286057907e+03 3.205462410076757806e+03 3.174476663918346276e+03 3.095767985077737649e+03 2.892996945135015267e+03 2.608288001561649253e+03 2.347899646647942063e+03 2.187379683897960604e+03 2.107906825536938868e+03 2.033497288180716623e+03 1.911746244394540099e+03 1.727386104060591151e+03 7.699200441824391601e+04 1.865090836419932311e+05 1.548724578453829745e+05 9.699293876369358622e+04 6.082069530373743328e+04 4.362278895075361652e+04 3.497183511134611035e+04 2.951364818229701268e+04 2.348733506725446205e+04 2.887208495652777128e+04 3.772423384635944967e+04 1.963791797210096411e+04 1.013928972841145514e+04 9.785027460935260024e+03 9.677334491563553456e+03 9.359570279218245560e+03 8.521059014231464971e+03 7.610138735370562244e+03 6.930406925929391036e+03 6.597177010719167811e+03 6.402022649896018265e+03 6.084301484683162926e+03 5.585882388043679384e+03 5.012833568441601528e+03 4.533261630186485490e+03 4.238722166395814384e+03 4.065716692522693847e+03 3.883053099621241927e+03 3.617239249286544691e+03 3.261807433505019617e+03
2.883867063837053138e+03 6.571608992583051077e+03 1.144879592079092981e+04 1.177829106199369380e+04 9.748763375244710915e+03 7.761040491056503924e+03 6.451407887354273043e+03 5.726393044724325591e+03 5.822205212112996378e+03 5.927785129208014041e+03 1.604214059397342135e+04 5.679685572096094256e+04 1.247649574306997965e+04 4.201776288296838175e+03 3.931087195511356185e+03 3.794149640576781621e+03 3.649397401843308216e+03 3.364679462922758375e+03 3.086863006902073266e+03 2.911155732270774024e+03 2.815934492127529211e+03 2.709794224533274246e+03 2.548508459087574010e+03 2.341079671537620015e+03 2.136806291497427083e+03 1.982306598865807246e+03 1.876676967391030303e+03 1.784378957419878134e+03 1.675587137193560011e+03 1.530526592117166501e+03 4.950546747249372129e+04 1.245612439765144081e+05 1.134309513063117338e+05 7.796070621815280174e+04 5.276374380422294053e+04 3.953887417256776826e+04 3.188396649609575252e+04 2.551165116925213079e+04 1.967623749358554778e+04 1.479513969017378986e+04 1.952068310658132395e+04 2.528807336598433176e+04 1.474778644680309662e+04 7.954457884465997267e+03 7.718215682342794935e+03 7.330236705891476959e+03 6.838918649921131873e+03 6.299708844047689126e+03 5.855483314211239303e+03 5.553920988152050995e+03 5.305771112710930538e+03 4.998212213755296034e+03 4.620818977198063294e+03 4.219299844005330669e+03 3.865226303945822110e+03 3.604678596546745212e+03 3.409861946064343101e+03 3.220998608338317354e+03 3.002793244608581972e+03 2.740923284218499248e+03
-6.616857140587165304e+03 -1.790888486620456388e+04 -6.139080796775305316e+03 3.418904127968361081e+03 6.308642443949038352e+03 6.597785508379441126e+03 6.275476660324502518e+03 5.783715651802735010e+03 5.074754736367235637e+03 4.771359128770314783e+03 4.698105188014838859e+03 1.247649574306997965e+04 4.497488569225322863e+04 1.058062208894301511e+04 4.173545145468178816e+03 3.807737705617575557e+03 3.427762460937728974e+03 3.186185289639716757e+03 2.984350970121072351e+03 2.859192600324030536e+03 2.756817734661161921e+03 2.614033589877397390e+03 2.429742636035896794e+03 2.234368011978727736e+03 2.061835433392203413e+03 1.929470327951225954e+03 1.822039253390410977e+03 1.712276287624843690e+03 1.590189984747676817e+03 1.447294997998383224e+03 2.919144916664047560e+04 7.314638070533249993e+04 7.531641755925648613e+04 5.866027329358467250e+04 4.378268574276726576e+04 3.532389620336257212e+04 2.979434055477151560e+04 2.421714998757049761e+04 1.809774246123825651e+04 1.335843939116290130e+04 1.033268882967384343e+04 1.430995095338358806e+04 2.044576071252679321e+04 1.188344935385397912e+04 7.089913586943534028e+03 6.630773818541169021e+03 6.027936800379916349e+03 5.612543196426673603e+03 5.335190254665353677e+03 5.160294331754601444e+03 4.944723937640954318e+03 4.614550776610602043e+03 4.226496230792028655e+03 3.864035433781543361e+03 3.578706357903260596e+03 3.372042265650788977e+03 3.193166999259266504e+03 2.994189062970192936e+03 2.771322697613027231e+03 2.531136384028472548e+03
-4.266722330932509976e+03 -1.550583341264483170e+04 -6.901917828210784137e+03 1.753168036396031312e+03 5.044199048249227417e+03 5.980917327094453867e+03 6.409456824500324728e+03 6.412523139974999140e+03 5.755193084200147496e+03 4.770436332059123743e+03 4.229524015485521886e+03 4.201776288296838175e+03 1.058062208894301511e+04 3.635031876521002414e+04 9.221754509838418016e+03 4.084680914046739417e+03 3.498809710153342166e+03 3.048900266415392252e+03 2.878744667799534000e+03 2.825373837191780694e+03 2.772026336253378304e+03 2.619565900048766252e+03 2.393037678129908272e+03 2.166651455743337010e+03 1.998167579486433169e+03 1.893081190795548991e+03 1.806834490495259615e+03 1.695469855901325900e+03 1.555253968071632698e+03 1.394579898153206159e+03 2.883101410059585032e+04 6.702640280680076103e+04 6.512527986753232835e+04 5.010139385899658373e+04 3.801864894643513253e+04 3.168724947739700292e+04 2.803411412473612290e+04 2.382502280747127952e+04 1.829755836322563118e+04 1.323920289444151604e+04 9.964103460521837405e+03 8.341797603634888219e+03 1.229936008059500273e+04 1.580792766904530617e+04 1.039311607520566395e+04 6.326271485120968464e+03 5.593492891322746800e+03 5.034953888135638408e+03 4.841977818168170415e+03 4.825806561030889497e+03 4.738597682018114938e+03 4.433621000252122940e+03 4.002977729843602901e+03 3.604751067475701348e+03 3.338314522067632424e+03 3.192900432043898945e+03 3.070029421709893541e+03 2.890354253760171559e+03 2.657092877382183815e+03 2.405830280835409212e+03
6.395873269928011723e+03 8.914961854706391023e+03 8.615912742870328657e+03 7.809152393828700042e+03 6.941342833674447320e+03 6.537829058694020205e+03 6.765569504054024947e+03 7.014497701726657397e+03 6.470798816443020769e+03 5.375164765717652699e+03 4.298633400241967138e+03 3.931087195511356185e+03 4.173545145468178816e+03 9.221754509838418016e+03 2.964623539033475754e+04 7.916259120516037001e+03 3.564362921309966623e+03 2.979834602488106611e+03 2.672762943713554250e+03 2.658165975911138048e+03 2.655105624792777235e+03 2.530798500879537642e+03 2.296847534483827076e+03 2.048897908631918199e+03 1.871472340473299937e+03 1.779602067079617882e+03 1.715187384221863340e+03 1.615970227809783182e+03 1.472161404833362212e+03 1.299153459365320941e+03 4.172024619485589210e+04 9.615528271767881233e+04 8.081097127722977893e+04 5.337755840369033103e+04 3.662905798644541937e+04 2.919463824049060349e+04 2.591941385948762763e+04 2.282074208641529549e+04 1.814373354153259424e+04 1.336923534570887205e+04 9.799962327725330397e+03 8.024454421451639973e+03 7.495752341217475987e+03 1.035235685400086368e+04 1.349417504540980372e+04 8.500464113947149599e+03 4.998121431483557899e+03 4.383770884415631372e+03 4.130842210393925598e+03 4.216095512597630659e+03 4.257035133647641487e+03 4.044227382890895569e+03 3.638426246299356990e+03 3.229982954626213541e+03 2.966739203009371522e+03 2.860781461021742416e+03 2.795504989833109448e+03 2.660546476639329740e+03 2.446343254924870962e+03 2.198258337891584233e+03
1.673265272506199835e+04 3.386093951113044022e+04 2.557394100120026269e+04 1.549723783290235770e+04 9.978328489875670130e+03 7.629376708129382678e+03 7.019088131446106672e+03 7.013440776894813098e+03 6.527967631279073430e+03 5.507668685619990356e+03 4.456506793213629862e+03 3.794149640576781621e+03 3.807737705617575557e+03 4.084680914046739417e+03 7.916259120516037001e+03 2.411830134013770657e+04 6.501207085106555496e+03 2.898707263955692270e+03 2.505688950460438718e+03 2.373617040239769267e+03 2.383108743636362306e+03 2.293810205320234672e+03 2.097232987853445593e+03 1.867510903356101153e+03 1.690700393202736450e+03 1.594611168323511720e+03 1.533129305557052021e+03 1.444681675874742950e+03 1.311163425877658256e+03 1.143077712303860380e+03 5.417652873304556124e+04 1.260484723420650698e+05 9.913614752225685515e+04 5.966177614838683803e+04 3.725755049096836592e+04 2.756652958914414921e+04 2.350217358276906816e+04 2.062186799905737644e+04 1.671843120069098222e+04 1.257029070953614792e+04 9.334609169318384374e+03 7.485359895104624229e+03 6.862776881907046118e+03 6.537447244062819664e+03 8.643864304543487378e+03 1.037414735968997047e+04 6.420854238969834114e+03 3.623785252825310636e+03 3.350642064366620616e+03 3.389218973461066525e+03 3.488589017889300521e+03 3.375440303699429933e+03 3.072131419165888929e+03 2.727874999334339918e+03 2.491226363786259753e+03 2.398566199564518683e+03 2.358507985568479853e+03 2.264999009425392615e+03 2.094632151194614380e+03 1.881471562644703909e+03
1.694331320451002466e+04 3.683419487839828071e+04 2.907645535121915964e+04 1.779364539451360179e+04 1.120709813467182539e+04 8.130633881842877599e+03 6.872078286616299010e+03 6.405908343334686833e+03 5.848945875524902476e+03 5.024063491586293821e+03 4.193256317418959952e+03 3.649397401843308216e+03 3.427762460937728974e+03 3.498809710153342166e+03 3.564362921309966623e+03 6.501207085106555496e+03 1.977505024584419516e+04 5.304121450631833795e+03 2.407923725083643149e+03 2.173820345977592297e+03 2.070233807032605000e+03 2.000945818704300336e+03 1.854376250792508927e+03 1.671110188064678368e+03 1.510320758434883373e+03 1.403197893457401733e+03 1.326238447170324889e+03 1.236472667663559605e+03 1.114543228196498603e+03 9.606217265248544663e+02 5.065884016081349546e+04 1.214266290427513886e+05 9.724881591862862115e+04 5.864096077950923063e+04 3.607633327155834559e+04 2.586259165894494799e+04 2.108833245980522406e+04 1.785117101306531549e+04 1.432781011522771587e+04 1.091994486445164512e+04 8.305720533185478416e+03 6.781231325111004480e+03 6.046292003036212918e+03 5.610318429065322562e+03 5.026307168064693542e+03 6.350391854870277712e+03 7.605001603766232620e+03 4.857269138691128319e+03 2.671604649469624746e+03 2.637705722678978873e+03 2.681616148210936444e+03 2.637001486509258029e+03 2.452750572246067350e+03 2.218687525205650672e+03 2.036159668594390268e+03 1.947252021185391413e+03 1.901865632183736579e+03 1.828361240532919965e+03 1.702618995960235225e+03 1.539623864148229814e+03
8.486486506965426088e+03 1.854487595642648375e+04 1.793883875406070001e+04 1.340798184680428312e+04 9.718967234796684352e+03 7.589206251860287011e+03 6.418897306306828796e+03 5.709811381700321363e+03 5.046653864787786915e+03 4.352458420487262629e+03 3.745556510100207561e+03 3.364679462922758375e+03 3.186185289639716757e+03 3.048900266415392252e+03 2.979834602488106611e+03 2.898707263955692270e+03 5.304121450631833795e+03 1.668145651420697322e+04 4.538734014100442437e+03 2.134350229659487923e+03 1.940197513732410016e+03 1.792405772117108427e+03 1.675266638085049635e+03 1.529706372881692914e+03 1.389351326948475617e+03 1.275120303048664027e+03 1.178511055049459173e+03 1.075712876021774264e+03 9.539019324213943491e+02 8.066152329678957358e+02 3.390054943842058128e+04 8.428383935368648963e+04 7.361385399796404818e+04 4.841645348756387102e+04 3.180642670529727911e+04 2.360673281717320060e+04 1.916035107731496100e+04 1.570055725505499686e+04 1.226638106709711792e+04 9.331191997620704569e+03 7.261234917369079994e+03 6.093862033853486537e+03 5.471558112079135753e+03 4.903804487944211360e+03 4.258756341068985421e+03 3.551040826803608070e+03 4.596198174974486392e+03 6.421662613280544974e+03 3.846163294222062632e+03 2.185139640220127148e+03 2.170472852686390979e+03 2.113067472332329089e+03 2.005927702158159263e+03 1.859576080337710209e+03 1.733570497225967074e+03 1.654262449325001398e+03 1.597848114007086224e+03 1.525374876627593267e+03 1.423634982192962070e+03 1.297012587552817422e+03
3.507897724374566906e+02 -1.684420659777173569e+03 3.568745424728982016e+03 6.726709131211608110e+03 6.906294768740230211e+03 6.366305577986544449e+03 5.833563150639736705e+03 5.265331818673642374e+03 4.571718179745239468e+03 3.893962669738374643e+03 3.367715870286057907e+03 3.086863006902073266e+03 2.984350970121072351e+03 2.878744667799534000e+03 2.672762943713554250e+03 2.505688950460438718e+03 2.407923725083643149e+03 4.538734014100442437e+03 1.441071770453809222e+04 4.000792329508405601e+03 1.978967115519592426e+03 1.765101225340497194e+03 1.580184577401933439e+03 1.446341438862443283e+03 1.319083711091715941e+03 1.207257039451478704e+03 1.098825778091414577e+03 9.786476449106689870e+02 8.429387611789834409e+02 6.872786690794503102e+02 1.856565611631085631e+04 4.605186569862955366e+04 4.615695612405413704e+04 3.536882762919353263e+04 2.608015892900063409e+04 2.088172657559641084e+04 1.764052040712803864e+04 1.451603346234133642e+04 1.116066732135666825e+04 8.385558702324156911e+03 6.546400481704298727e+03 5.598155040807307159e+03 5.129879790148299435e+03 4.638568482326112644e+03 3.939748460009802784e+03 3.213511167821914569e+03 2.627689847110123992e+03 3.861627266265757498e+03 5.358373114852358412e+03 3.240000927732664422e+03 1.972097968269592002e+03 1.882998619442729250e+03 1.763434352536896085e+03 1.655389155068498440e+03 1.568471281645297950e+03 1.512358882197747334e+03 1.458717587078321912e+03 1.381538405972600685e+03 1.280822756019679218e+03 1.165119853616414275e+03
-2.564025739038338543e+03 -9.082256121506070485e+03 -2.238705453974194825e+03 3.254918932182803928e+03 4.980003560043000107e+03 5.306114005348543287e+03 5.342385528701917792e+03 5.116239787055572378e+03 4.511685536692000824e+03 3.788306656090669094e+03 3.205462410076757806e+03 2.911155732270774024e+03 2.859192600324030536e+03 2.825373837191780694e+03 2.658165975911138048e+03 2.373617040239769267e+03 2.173820345977592297e+03 2.134350229659487923e+03 4.000792329508405601e+03 1.260711208737451307e+04 3.665969549697890216e+03 1.849369947317184142e+03 1.597797536968351324e+03 1.390991843098909612e+03 1.262672662480061035e+03 1.156997069660999387e+03 1.049286897005208175e+03 9.163886686646396811e+02 7.594406628983160772e+02 5.821011078734352395e+02 1.228373957747309760e+04 3.021237886043919571e+04 3.351713596419425448e+04 2.780057819207016291e+04 2.187067523998826073e+04 1.848690577901953657e+04 1.639184707453056035e+04 1.398671698148902942e+04 1.090366108426743813e+04 8.142038193864799723e+03 6.264855605099317472e+03 5.327359558494536032e+03 4.970401506275071370e+03 4.626060988426961558e+03 4.016832970694751566e+03 3.238501478666305957e+03 2.575732533737917947e+03 2.223002783657841974e+03 3.327822063734091898e+03 4.588285044196258241e+03 3.078522591779676077e+03 1.845440849328135755e+03 1.681015543413303021e+03 1.537886025178371256e+03 1.464807147849886860e+03 1.436778615353415262e+03 1.406236103681501390e+03 1.332802501365764783e+03 1.222167679172994895e+03 1.095485292566775115e+03
3.057420705777808507e+03 2.480721803282883229e+03 3.959749038576825569e+03 5.118025979711035689e+03 5.136369468878563566e+03 5.000444313980546212e+03 5.073273051533851685e+03 5.054916340540601595e+03 4.576447533683754955e+03 3.836189330950533076e+03 3.174476663918346276e+03 2.815934492127529211e+03 2.756817734661161921e+03 2.772026336253378304e+03 2.655105624792777235e+03 2.383108743636362306e+03 2.070233807032605000e+03 1.940197513732410016e+03 1.978967115519592426e+03 3.665969549697890216e+03 1.111486495465817279e+04 3.273862697475735786e+03 1.633894373488067686e+03 1.366278920881097747e+03 1.175218616280660626e+03 1.069737277170985180e+03 9.655885041360527339e+02 8.286172658568031011e+02 6.550887271612705263e+02 4.560378726688152256e+02 2.030332278083104757e+04 4.587543261368690582e+04 4.056583705082065717e+04 2.876618376050565712e+04 2.077980688842184463e+04 1.703004086211518006e+04 1.525337427741678766e+04 1.342738541790380623e+04 1.075046732283936399e+04 8.082305556233941388e+03 6.136180728217092110e+03 5.125258783169412709e+03 4.787668460961469464e+03 4.561944605571498869e+03 4.070235846193483667e+03 3.336361138432770531e+03 2.606269609754054727e+03 2.172615133259552749e+03 2.025337969294496361e+03 3.132148623951526133e+03 4.115950184976073615e+03 2.758975482683771588e+03 1.603610882370055833e+03 1.417462224355945182e+03 1.320663915081016967e+03 1.311801000354935695e+03 1.308126704908541797e+03 1.251632031284048480e+03 1.139459537395436655e+03 1.000887055672664701e+03
9.578567851170242648e+03 1.865342959745359258e+04 1.460563380043557845e+04 9.452893527738091507e+03 6.553549633134993201e+03 5.284615067812166672e+03 4.932567467996095729e+03 4.844379133229096624e+03 4.434464032099211181e+03 3.749910566583452237e+03 3.095767985077737649e+03 2.709794224533274246e+03 2.614033589877397390e+03 2.619565900048766252e+03 2.530798500879537642e+03 2.293810205320234672e+03 2.000945818704300336e+03 1.792405772117108427e+03 1.765101225340497194e+03 1.849369947317184142e+03 3.273862697475735786e+03 9.738316150777429357e+03 2.819376819854902351e+03 1.331144400715957545e+03 1.091447545683143517e+03 9.305724856014844590e+02 8.213281096027012609e+02 6.815926600976422378e+02 5.011049351925366295e+02 2.909293778992127955e+02 2.972517433682143019e+04 6.901136719042836921e+04 5.491990567021498282e+04 3.372160067201602214e+04 2.162557047007824440e+04 1.635635095327460294e+04 1.411217311770833840e+04 1.241888255095736349e+04 1.009673559272696002e+04 7.684891782604583568e+03 5.837951011365659724e+03 4.823387507805831774e+03 4.455827326512633590e+03 4.252053766651968544e+03 3.848444343361925348e+03 3.206143509332916892e+03 2.532506984332448155e+03 2.074671614041747489e+03 1.889367620727589156e+03 1.873952129990818321e+03 2.719179828887869007e+03 3.580220711734572888e+03 2.257557421960060310e+03 1.244307288712466743e+03 1.123794156310761991e+03 1.100380730617593144e+03 1.109610058772447246e+03 1.071089192385562910e+03 9.727982635595773218e+02 8.383981109316530365e+02
1.202259865837477628e+04 2.554883684663427994e+04 1.988800733329609648e+04 1.205421576688541609e+04 7.599775397711781807e+03 5.598316706640440316e+03 4.802651362435120973e+03 4.475511059725950872e+03 4.046488593816256525e+03 3.452744322206347533e+03 2.892996945135015267e+03 2.548508459087574010e+03 2.429742636035896794e+03 2.393037678129908272e+03 2.296847534483827076e+03 2.097232987853445593e+03 1.854376250792508927e+03 1.675266638085049635e+03 1.580184577401933439e+03 1.597797536968351324e+03 1.633894373488067686e+03 2.819376819854902351e+03 8.467654003064493736e+03 2.326973805582782916e+03 1.017115677139892341e+03 8.064064298095261165e+02 6.408969425640772215e+02 4.925783239370808246e+02 3.079736498996496152e+02 9.630111099475774949e+01 3.238967114509703242e+04 7.674490143312232976e+04 6.066044651676918147e+04 3.612299495772304363e+04 2.207698885876772692e+04 1.587160323769269235e+04 1.305092128630889056e+04 1.114366964116468080e+04 9.002149698454599275e+03 6.907034315677587983e+03 5.313427685649015984e+03 4.413305427595877518e+03 4.032653970892190500e+03 3.788088908670539695e+03 3.411081062975078567e+03 2.869100499670934823e+03 2.307675878277312222e+03 1.918770589715258211e+03 1.715675886739093585e+03 1.651424761540994496e+03 1.586725787544943159e+03 2.284269699201233379e+03 2.991326159533933605e+03 1.784007819992572422e+03 9.220543081810994863e+02 8.716139868920328126e+02 8.598127273579536904e+02 8.304318783771743711e+02 7.503625145055898429e+02 6.342895403671692520e+02
8.981201098334768176e+03 1.941392165508263861e+04 1.631246554136271880e+04 1.079027624243480568e+04 7.248530757492570046e+03 5.454853735477196096e+03 4.574983227545164482e+03 4.072558849128190104e+03 3.581062394128902270e+03 3.057304207107081311e+03 2.608288001561649253e+03 2.341079671537620015e+03 2.234368011978727736e+03 2.166651455743337010e+03 2.048897908631918199e+03 1.867510903356101153e+03 1.671110188064678368e+03 1.529706372881692914e+03 1.446341438862443283e+03 1.390991843098909612e+03 1.366278920881097747e+03 1.331144400715957545e+03 2.326973805582782916e+03 7.374665595031855446e+03 1.890909754310591779e+03 7.132558640056137165e+02 4.959559920130354840e+02 2.956060433550420612e+02 1.023294992623870883e+02 -1.101831091782283920e+02 2.608274229876979007e+04 6.326975218194151239e+04 5.221600430923825479e+04 3.259978185498009407e+04 2.062037609249007801e+04 1.496543479821481378e+04 1.209439287646389857e+04 9.991942055339561193e+03 7.883643078331648212e+03 6.031343179277911986e+03 4.704225972714122690e+03 3.973046683876139468e+03 3.631000156246735060e+03 3.353559193886805133e+03 2.969711036418329968e+03 2.492364066455710599e+03 2.037447681506615936e+03 1.730765344438648299e+03 1.561021932778257906e+03 1.459251835740022216e+03 1.352279258011200000e+03 1.209461889964424245e+03 1.789584933608444317e+03 2.269570886721523493e+03 1.397247043243062080e+03 6.935744972726301967e+02 6.458229936422270612e+02 6.012495457029706358e+02 5.328779912663519553e+02 4.354752674181346492e+02
3.519432373395475224e+03 6.634716765496938024e+03 7.829393843537294742e+03 7.049274747945168201e+03 5.748931225838503451e+03 4.825248108294701524e+03 4.233977531980116510e+03 3.758008803172767330e+03 3.238842280832237975e+03 2.737320151890940906e+03 2.347899646647942063e+03 2.136806291497427083e+03 2.061835433392203413e+03 1.998167579486433169e+03 1.871472340473299937e+03 1.690700393202736450e+03 1.510320758434883373e+03 1.389351326948475617e+03 1.319083711091715941e+03 1.262672662480061035e+03 1.175218616280660626e+03 1.091447545683143517e+03 1.017115677139892341e+03 1.890909754310591779e+03 6.420765050145483656e+03 1.488935135048592656e+03 3.934665734715989629e+02 1.451756180411049968e+02 -9.701159854058900578e+01 -3.168364789337972525e+02 1.598864352319915633e+04 3.940355121449689614e+04 3.618291451607209456e+04 2.536508051229587727e+04 1.758244509992773965e+04 1.355210499220882230e+04 1.122441771542775314e+04 9.214297115303015744e+03 7.130736075728867036e+03 5.389441047358301148e+03 4.215341112495430934e+03 3.606738541718033048e+03 3.332288203125586733e+03 3.074687874010826818e+03 2.695157843663905169e+03 2.243588623570105483e+03 1.839344144786909965e+03 1.584549409269201078e+03 1.449536750968983142e+03 1.358364446169739495e+03 1.225657679082383765e+03 1.054403127668230354e+03 8.928198351590961011e+02 1.372489811400054350e+03 1.957799541563975254e+03 1.204807873275942711e+03 5.163696606040166444e+02 4.428086694253132691e+02 3.629995109512557292e+02 2.735708040815563891e+02
-9.759502560384038361e+01 -2.033782429589917228e+03 1.653972592479706009e+03 3.944088281666071452e+03 4.269202976394617508e+03 4.084750043167633521e+03 3.874824559365290042e+03 3.571018826125382020e+03 3.092380050196456978e+03 2.583578076780980155e+03 2.187379683897960604e+03 1.982306598865807246e+03 1.929470327951225954e+03 1.893081190795548991e+03 1.779602067079617882e+03 1.594611168323511720e+03 1.403197893457401733e+03 1.275120303048664027e+03 1.207257039451478704e+03 1.156997069660999387e+03 1.069737277170985180e+03 9.305724856014844590e+02 8.064064298095261165e+02 7.132558640056137165e+02 1.488935135048592656e+03 5.564212070408407271e+03 1.073936650579331854e+03 2.849701647526019599e+01 -2.604976132504610860e+02 -5.238384166341966193e+02 9.199797025279513036e+03 2.301514636438901653e+04 2.436601176234162995e+04 1.935605630850948728e+04 1.468585924743217038e+04 1.206307151499585962e+04 1.045297230047092307e+04 8.784037382995993539e+03 6.817881910510928719e+03 5.105947661747701204e+03 3.949737426520699046e+03 3.369533266762779931e+03 3.146244385133360993e+03 2.948530698961116286e+03 2.606536258325786093e+03 2.164718715044711189e+03 1.759353021253015186e+03 1.509291502646381559e+03 1.393201581508160416e+03 1.326634363929419578e+03 1.209817122217761607e+03 1.019840826468384421e+03 8.238962299219870147e+02 6.778407925875837918e+02 1.170096648702052335e+03 1.822287855021681935e+03 9.892287771983633320e+02 3.580361743018081597e+02 2.512210909270688717e+02 1.458444495353169259e+02
