1.222248290752231926e+08 1.630320845765713416e+07 -4.477035888704571698e+04 -2.697803713726147544e+05 -2.324821030671349727e+05 -1.851754807483142358e+05 -1.664477044241532567e+05 -1.323130801714843255e+05 -6.668480025323486188e+04 -1.870034712487160505e+04 -6.292595288370235721e+03 -2.543727672196285130e+04 -4.522314872656181979e+04 -3.953376326975335542e+04 -1.224498890566595583e+04 1.419671938779874290e+04 1.940239917382536805e+04 3.246960100265415804e+03 -1.494222122284362558e+04 -2.069611277442229766e+04 -7.442924629671930234e+03 8.887703546088938310e+03 1.688125143959177512e+04 1.052248852798651387e+04 -1.295337819578457129e+03 -9.131815782059518824e+03 -6.193908499430071970e+03 2.692649591306928869e+03 9.384656939960277668e+03 9.394483376549869718e+03 7.941447685206291080e+07 4.169250060842072964e+07 1.617349853407719638e+06 4.220963151471904712e+05 1.541949172373590409e+05 1.209382624733518751e+05 8.855416542958178616e+04 8.519554275628976757e+04 1.271020974504045444e+05 1.503097002095087082e+05 1.349101425895364373e+05 8.479017818868282484e+04 4.126584738724677300e+04 3.885470159954368137e+04 6.909940946012976929e+04 9.809887007081208867e+04 9.573504707877247711e+04 6.263591525677962636e+04 2.878911311453593953e+04 1.573629117952573324e+04 3.295129532393612317e+04 5.472096053233659768e+04 6.334059434745837643e+04 4.964925685705801880e+04 2.807863148045922571e+04 1.350237344716692314e+04 1.648238535898526607e+04 2.897689690748496650e+04 3.788250993810743239e+04 3.613093241066817427e+04
1.630320845765713416e+07 5.280157295956598967e+07 4.587764785735946149e+06 -5.088404518281786586e+05 -3.875495651713686530e+05 -3.579251720875658793e+05 -3.370743506888148258e+05 -2.687881716900181491e+05 -1.286140242111275002e+05 -1.657059357022778568e+04 7.952656657703604651e+03 -4.270011815975612262e+04 -9.685550785198391532e+04 -8.934221937502652872e+04 -2.504354043061732591e+04 4.019433809786810889e+04 5.461875125154786656e+04 1.542134545318160053e+04 -3.269340389748238522e+04 -4.848722358292741410e+04 -1.891649182998207107e+04 2.289161294012392318e+04 4.329696733951104397e+04 2.923587593308157375e+04 -1.048906419981582303e+03 -2.125795578830633531e+04 -1.565106778524069887e+04 6.214713246526530384e+03 2.359132231960906938e+04 2.429232595473922993e+04 1.291948299875648506e+07 3.561272265785308182e+07 1.232433153202182800e+07 9.846916914782887325e+05 6.094338791427710094e+05 3.887408328524082899e+05 2.884762853927409160e+05 2.723070016813063994e+05 3.587278509652135544e+05 4.192880345783934463e+05 3.776706489518780727e+05 2.505693309782276046e+05 1.351283646820744325e+05 1.192399093932669784e+05 1.899055661017776583e+05 2.619440773519452778e+05 2.586432914078554604e+05 1.777695933810773422e+05 8.861831284201555536e+04 5.350599738709312805e+04 9.034458799578429898e+04 1.460436045482280897e+05 1.678424803839776723e+05 1.362879833499417873e+05 8.085768625534372404e+04 4.319818026955764799e+04 4.747305893340159673e+04 7.775765140426115249e+04 1.006999272349670064e+05 9.710957006823809934e+04
-4.477035888704571698e+04 4.587764785735946149e+06 1.565141307903186046e+07 1.083104496091958368e+06 -3.369349340041268151e+05 -2.922735675839540781e+05 -2.841594601580129820e+05 -2.241430518820328871e+05 -1.164670349443090090e+05 -2.341392880659506045e+04 4.361545148946489462e+03 -2.636132921978744707e+04 -6.471165037219684746e+04 -6.331616556753403711e+04 -2.012826279720758976e+04 2.735995169632721809e+04 4.135678824511106359e+04 1.723575541133969091e+04 -1.704997879861389083e+04 -3.002298491156419186e+04 -1.250178417330520642e+04 1.667859460667353414e+04 3.243537277405328496e+04 2.468305105379455927e+04 3.948801616377862501e+03 -1.093870661082361039e+04 -8.807461268884228048e+03 5.444190029809466068e+03 1.805807623376471747e+04 1.939522157570889976e+04 3.859362273547148216e+05 6.758831836822776124e+06 1.119990123595247418e+07 3.663829617136826273e+06 5.328111275039527100e+05 3.911203011174318963e+05 2.735321567589223851e+05 2.556410089462683536e+05 3.041250270766889444e+05 3.493816082327906042e+05 3.250066970740025863e+05 2.367524783399441803e+05 1.497956436421936960e+05 1.260382194177046331e+05 1.657125563945163740e+05 2.134439119124129065e+05 2.138110897304701211e+05 1.604988052523999359e+05 9.538450316886446672e+04 6.557128668799484149e+04 8.368759155407347134e+04 1.202439227505419112e+05 1.363047368323861738e+05 1.166195711616884801e+05 7.784890105622692499e+04 4.940992136443394702e+04 4.840064259039641911e+04 6.676251145223583444e+04 8.267494435864224215e+04 8.092268595521411044e+04
-2.697803713726147544e+05 -5.088404518281786586e+05 1.083104496091958368e+06 4.960053968660958111e+06 3.063882947503321338e+05 -2.027671161421011202e+05 -1.841919646205525496e+05 -1.476722755298436387e+05 -8.173408598477457417e+04 -2.554740981749170896e+04 -2.538537315690318792e+03 -1.156895538681014295e+04 -2.829112036588034607e+04 -2.901140066647646017e+04 -1.020896873604323628e+04 1.269861359034477209e+04 2.175099954536050791e+04 1.294748483573763224e+04 -2.446738627169263964e+03 -9.851194094553309696e+03 -3.596814693912840085e+03 9.153664498827725765e+03 1.730321782460268878e+04 1.504085669958283506e+04 6.129677953801168769e+03 -1.213444712363957024e+03 -1.372145363611475659e+03 4.319031607987521056e+03 1.014319391399487722e+04 1.120748875376242358e+04 2.022093010934611666e+05 6.416810956660402007e+05 2.537023150504850782e+06 3.515705825584596023e+06 1.302313011873167008e+06 2.515593580312585400e+05 1.994631520301551791e+05 1.732652102257713559e+05 1.919314554422767251e+05 2.110043433757714811e+05 2.026135541075863293e+05 1.629298439789785189e+05 1.190412994828821393e+05 9.986462955013147439e+04 1.097346540121529106e+05 1.277170616161889629e+05 1.283014239629954391e+05 1.052660152244410128e+05 7.427250012420379790e+04 5.632954905090866669e+04 5.952247058016569645e+04 7.311549113648559432e+04 8.038827756844222313e+04 7.243326846617864794e+04 5.488848763098711788e+04 4.022760182583535789e+04 3.698749886747435085e+04 4.305290311127115274e+04 4.957488679585757200e+04 4.887822996313356998e+04
-2.324821030671349727e+05 -3.875495651713686530e+05 -3.369349340041268151e+05 3.063882947503321338e+05 1.913527778232975863e+06 9.232580700063914992e+04 -1.267533568223365874e+05 -9.649230148678546539e+04 -5.692965791752508085e+04 -2.246672118102289824e+04 -5.850365468786386373e+03 -5.151682216963428800e+03 -1.020593589305982277e+04 -1.044401480051530234e+04 -3.312390890600111561e+03 6.159170340448028583e+03 1.100000337084261992e+04 8.853698513123621524e+03 3.191728462370326270e+03 -3.693027619220565612e+02 1.052713149584616986e+03 5.539766392593241108e+03 9.019938122823874437e+03 8.834474793857625627e+03 5.726988655259128791e+03 2.613379754778488859e+03 1.909746170126532434e+03 3.591654456303233474e+03 5.729555679335207969e+03 6.217160060461976173e+03 1.820249960499773151e+05 5.451020980083432514e+05 4.679830030606875662e+05 1.022076299187746830e+06 1.353543130684807897e+06 5.547943476519484539e+05 1.248486329136591376e+05 1.178747365386662132e+05 1.187442348318497825e+05 1.254787141846112499e+05 1.220253419996940065e+05 1.067399078482838522e+05 8.731876252230592945e+04 7.492815866920576082e+04 7.306050291559260222e+04 7.620663529006778845e+04 7.521052072240300186e+04 6.623687586030905368e+04 5.319703670878507546e+04 4.359122874823352322e+04 4.148033747872221284e+04 4.434409530394712056e+04 4.634410629358633014e+04 4.345148024660936790e+04 3.652050405329088971e+04 2.974857152853207299e+04 2.673330210204233299e+04 2.748528103325871052e+04 2.913722815388082381e+04 2.841640973241645042e+04
-1.851754807483142358e+05 -3.579251720875658793e+05 -2.922735675839540781e+05 -2.027671161421011202e+05 9.232580700063914992e+04 9.173242484856019728e+05 2.757554468991800968e+04 -7.209470353057541070e+04 -4.066666136536088743e+04 -1.820905720114331780e+04 -5.898062682434074304e+03 -2.271858617360921471e+03 -2.035152904648489312e+03 -1.235482283072955852e+03 1.355853586492097975e+03 4.618263944241298304e+03 6.639625256167408224e+03 6.573079795324090810e+03 5.033977242022845530e+03 3.614365517979796095e+03 3.461905489985833356e+03 4.426560236668429752e+03 5.512003388624865693e+03 5.731243294990386858e+03 4.960841267663901817e+03 3.850195868613977837e+03 3.237993943550368840e+03 3.357518501560781260e+03 3.787691513237416075e+03 3.771945119829105352e+03 1.406168338080117246e+05 4.196751098914984614e+05 3.849544266893944005e+05 2.433082708320700913e+05 4.671253692900346359e+05 6.657587700625474099e+05 2.914377410227653454e+05 8.134487986489025934e+04 8.579321926484152209e+04 8.453328360840107780e+04 8.198538661895319819e+04 7.556233478787937202e+04 6.751969030394186848e+04 6.024000968877079140e+04 5.524292834162476356e+04 5.227002986647712532e+04 4.943165510388025723e+04 4.532725664177337603e+04 3.995362260018425877e+04 3.496096563225501450e+04 3.181742030963916477e+04 3.054227571691109915e+04 2.991314591108998866e+04 2.847663404124783119e+04 2.586206214662634011e+04 2.284429072124175582e+04 2.061345935539421771e+04 1.953756715415347207e+04 1.904189503701431750e+04 1.794799634352181602e+04
-1.664477044241532567e+05 -3.370743506888148258e+05 -2.841594601580129820e+05 -1.841919646205525496e+05 -1.267533568223365874e+05 2.757554468991800968e+04 5.138373652663475368e+05 1.630539861783484412e+04 -2.820848697545966570e+04 -1.027602884850291230e+04 -2.735444362594162158e+03 8.586683762633338119e+02 3.235088402994993885e+03 5.219932454827704532e+03 6.177604634685694691e+03 6.205235627703164937e+03 5.919486791749090116e+03 5.924930750129151420e+03 6.085126965118613953e+03 6.039801309077342012e+03 5.591860706725474301e+03 4.959474745894312946e+03 4.532108158598133741e+03 4.451092849341222973e+03 4.532726870781841171e+03 4.487277005440335415e+03 4.181266588673821389e+03 3.696586085523439579e+03 3.212232489399561928e+03 2.744311182331085092e+03 1.051297844708463817e+05 3.132008890336845070e+05 2.949812036796025932e+05 2.053718950904926169e+05 1.300806097032773832e+05 2.606432071454508114e+05 3.718119306593757356e+05 1.767209032416956034e+05 6.652864510141650680e+04 6.749050151840609033e+04 6.171487415884635993e+04 5.743018149824017019e+04 5.435165266071536462e+04 5.139886951553817198e+04 4.689198463468882255e+04 4.148448660587835911e+04 3.660727586213684845e+04 3.332631933633770677e+04 3.113746173589640966e+04 2.911166540022302070e+04 2.662791164472495439e+04 2.393021259718822330e+04 2.167901679470960153e+04 2.017620432035419799e+04 1.915981339555390878e+04 1.814818536204874545e+04 1.686289945149893902e+04 1.533190824502673058e+04 1.378719568187341793e+04 1.221223212051873816e+04
-1.323130801714843255e+05 -2.687881716900181491e+05 -2.241430518820328871e+05 -1.476722755298436387e+05 -9.649230148678546539e+04 -7.209470353057541070e+04 1.630539861783484412e+04 3.025648331173757906e+05 2.539192143455914629e+04 -1.063085859111705759e+03 3.754803623091137524e+03 5.250582830099616331e+03 7.949683435569341782e+03 1.043861214346300767e+04 1.083904065971539603e+04 9.149844828573070117e+03 7.119444929464067172e+03 6.431463766534203387e+03 7.019149323276300493e+03 7.722534002884673100e+03 7.407308864664398243e+03 6.115306711729288509e+03 4.757471175365059025e+03 4.166461690339026973e+03 4.401412597359651045e+03 4.850811525865352451e+03 4.844241668213042431e+03 4.191035419146851382e+03 3.265469284488748144e+03 2.503446444169907409e+03 1.009928652092649427e+05 2.955055147450501099e+05 2.746361855368048418e+05 1.882616805366209010e+05 1.271494749604779790e+05 9.083842588097424596e+04 1.672050617670775682e+05 2.238428456495571882e+05 1.172125834100212960e+05 5.408658966685362975e+04 4.949138781125505193e+04 4.352076405604118190e+04 4.220114486436604057e+04 4.222830547083425336e+04 3.983929375214564789e+04 3.437890861451887758e+04 2.828032946386537515e+04 2.445896334008474878e+04 2.325141102119291463e+04 2.306571802884187491e+04 2.186272752545991534e+04 1.921694225813404773e+04 1.624622367799514723e+04 1.427809432144890525e+04 1.365746457887101678e+04 1.365798567729474962e+04 1.326004473272478936e+04 1.195185200406140757e+04 1.010859392165650388e+04 8.287226908517681295e+03
-6.668480025323486188e+04 -1.286140242111275002e+05 -1.164670349443090090e+05 -8.173408598477457417e+04 -5.692965791752508085e+04 -4.066666136536088743e+04 -2.820848697545966570e+04 2.539192143455914629e+04 1.876593616529492720e+05 2.781476665911287273e+04 7.322042002400114143e+03 8.119108396818272013e+03 9.872424177684368260e+03 1.207599842301980607e+04 1.219610133259677423e+04 1.015445530134387445e+04 7.649926401822009211e+03 6.576707228642547307e+03 7.026119861113555089e+03 7.821180290465269536e+03 7.623028440613931707e+03 6.302696826545497970e+03 4.750740341514948341e+03 3.937759050071189449e+03 4.070962036766696201e+03 4.575473771954842960e+03 4.679858484005504579e+03 4.085298055638401365e+03 3.142017727234370795e+03 2.378452743440007907e+03 1.411748696405994124e+05 3.794105049759161193e+05 3.208181913961038226e+05 2.045596782349382411e+05 1.302570043711138132e+05 9.565611623614179553e+04 7.621845868590316968e+04 1.158309273216444708e+05 1.442298081204505288e+05 7.723923925717658130e+04 3.580981556516233832e+04 3.146873109029994521e+04 2.988751518792948627e+04 3.116577428223538300e+04 3.048602282376898802e+04 2.649931218640136649e+04 2.100461600988577993e+04 1.724330509767974581e+04 1.619573833467977602e+04 1.663938938786282233e+04 1.633412056505947476e+04 1.440748229947830987e+04 1.172383097886479300e+04 9.747996668312316615e+03 9.154738795730710990e+03 9.430994038498980444e+03 9.485002579973290267e+03 8.605609232437176615e+03 7.040978151558558238e+03 5.434149124000310621e+03
-1.870034712487160505e+04 -1.657059357022778568e+04 -2.341392880659506045e+04 -2.554740981749170896e+04 -2.246672118102289824e+04 -1.820905720114331780e+04 -1.027602884850291230e+04 -1.063085859111705759e+03 2.781476665911287273e+04 1.173162259549542941e+05 2.082854879598584012e+04 7.267659143250600209e+03 8.775153232173539436e+03 1.015933420920998105e+04 1.016700010722097977e+04 8.520473555089705769e+03 6.559094959426675814e+03 5.694018828587219105e+03 5.994295570891814350e+03 6.562878379149596185e+03 6.356464818205986376e+03 5.280973622128664829e+03 4.021662829930124190e+03 3.339244910981287831e+03 3.403432290801189993e+03 3.771790930630950697e+03 3.834643104830938228e+03 3.350723106822096270e+03 2.602046746975937822e+03 2.016760371714071425e+03 1.610914981473769876e+05 4.349612072988615837e+05 3.618726987624936155e+05 2.204291700952527171e+05 1.341818055837298743e+05 9.395863253671900020e+04 7.630033687898333301e+04 6.211598865343478974e+04 7.791032128157088300e+04 8.920544181040162221e+04 4.658012161726916383e+04 2.056903127359796781e+04 2.021513480503272876e+04 2.106177939910342684e+04 2.109249941895488882e+04 1.861343839303595450e+04 1.480059852331159709e+04 1.200506721921156350e+04 1.114329895431367549e+04 1.149363152753620670e+04 1.139509589828713797e+04 1.010686609114702878e+04 8.167989705037209205e+03 6.663038359748273251e+03 6.163726978012373365e+03 6.360416087228855758e+03 6.448037768890157167e+03 5.850599962937672899e+03 4.727649315377962012e+03 3.559587721170742952e+03
-6.292595288370235721e+03 7.952656657703604651e+03 4.361545148946489462e+03 -2.538537315690318792e+03 -5.850365468786386373e+03 -5.898062682434074304e+03 -2.735444362594162158e+03 3.754803623091137524e+03 7.322042002400114143e+03 2.082854879598584012e+04 7.689812969096368761e+04 1.511930077585840081e+04 6.809103952480645603e+03 7.855131864617163046e+03 7.530525865732940474e+03 6.270432298277398331e+03 4.959401699902953624e+03 4.537300687120382463e+03 4.862196819181319370e+03 5.219945263050462017e+03 4.914183977974485060e+03 4.008167041335858357e+03 3.071358629752910929e+03 2.630780616679913237e+03 2.728691257626685456e+03 2.986999531790925175e+03 2.962522476649327018e+03 2.531929445054964617e+03 1.951768897122497947e+03 1.549980187732377090e+03 1.422375597894428647e+05 3.879160635540885851e+05 3.328148256040505366e+05 2.085352216701609432e+05 1.279810819104048569e+05 8.900778629272911348e+04 6.961713884167384822e+04 5.677777594303109800e+04 4.174196932726788509e+04 4.747972907705962280e+04 5.811801125757554109e+04 2.846401835852537624e+04 1.289349621279587882e+04 1.392502870208723834e+04 1.367702189679076400e+04 1.216069004655213575e+04 9.852693426807212745e+03 8.246774647081268995e+03 7.764583176838454165e+03 7.917372210841265769e+03 7.682247518856322131e+03 6.704280079851841947e+03 5.406114331808136740e+03 4.471107243049797034e+03 4.189259417915057384e+03 4.299562040319591688e+03 4.268959765770880949e+03 3.768096233569532160e+03 2.962264486829276393e+03 2.186283341882030982e+03
-2.543727672196285130e+04 -4.270011815975612262e+04 -2.636132921978744707e+04 -1.156895538681014295e+04 -5.151682216963428800e+03 -2.271858617360921471e+03 8.586683762633338119e+02 5.250582830099616331e+03 8.119108396818272013e+03 7.267659143250600209e+03 1.511930077585840081e+04 5.557149246543673507e+04 1.324556968981402315e+04 7.119351872008366627e+03 6.572934116330571669e+03 5.118538425649609053e+03 4.048166229029053738e+03 3.939913168563986801e+03 4.431020908445448185e+03 4.725034976451602233e+03 4.274203975035913572e+03 3.316367955180944591e+03 2.474223663013099213e+03 2.192593037610143710e+03 2.389130564816724927e+03 2.637828253551604121e+03 2.544357239248248334e+03 2.077618677173943524e+03 1.539380351168369998e+03 1.239079567254614403e+03 8.995483495290194696e+04 2.573430502087739296e+05 2.414356639984812937e+05 1.663525412331323896e+05 1.105881990869150322e+05 8.063484529450777336e+04 6.348499132307512627e+04 4.984773346291719645e+04 3.653949934978314559e+04 2.401659770523702537e+04 2.925912539376410859e+04 3.765154425639837427e+04 1.966396566369235370e+04 9.347653616897383472e+03 9.302414120964434915e+03 7.845878867432051265e+03 6.323262469955569941e+03 5.537525825748532952e+03 5.530631332499755445e+03 5.694046668510174641e+03 5.309749155003610213e+03 4.354832183918852024e+03 3.345148364325802959e+03 2.802738060821790896e+03 2.782059779908439850e+03 2.935071661058423160e+03 2.825581199688465404e+03 2.303000850637583426e+03 1.619087964742204576e+03 1.074071689769100885e+03
-4.522314872656181979e+04 -9.685550785198391532e+04 -6.471165037219684746e+04 -2.829112036588034607e+04 -1.020593589305982277e+04 -2.035152904648489312e+03 3.235088402994993885e+03 7.949683435569341782e+03 9.872424177684368260e+03 8.775153232173539436e+03 6.809103952480645603e+03 1.324556968981402315e+04 4.398934273290647980e+04 1.268789187302189566e+04 6.905725827826787281e+03 5.258245151897881442e+03 3.940550281666221963e+03 3.880861163701139958e+03 4.514302311096479571e+03 4.895164331021775979e+03 4.392269129241746668e+03 3.309040810748934291e+03 2.378700478037469111e+03 2.103507259345808052e+03 2.366428223822818836e+03 2.665843879010074488e+03 2.563430091060808536e+03 2.047242515918101162e+03 1.472321367916778854e+03 1.187285121153072851e+03 4.609793793655553600e+04 1.414072773950007395e+05 1.539993097924580798e+05 1.219541684443065606e+05 9.053937651514998288e+04 7.181107366604381241e+04 5.952256330902414629e+04 4.761746949726468301e+04 3.447210264940242632e+04 2.313312289676657747e+04 1.471959323298367235e+04 2.017331746235983155e+04 2.891797894933205680e+04 1.573102559963150634e+04 7.546089079662402582e+03 6.291586141249437787e+03 4.601035029677458624e+03 4.053257036715318463e+03 4.393087282762333416e+03 4.819502019895940066e+03 4.484840683990765683e+03 3.451704836947898002e+03 2.397225015666271247e+03 1.933946600859962928e+03 2.071120705986978464e+03 2.351156643881100536e+03 2.274271422954099762e+03 1.719121922192267675e+03 1.017864247165643178e+03 5.296533999699879587e+02
-3.953376326975335542e+04 -8.934221937502652872e+04 -6.331616556753403711e+04 -2.901140066647646017e+04 -1.044401480051530234e+04 -1.235482283072955852e+03 5.219932454827704532e+03 1.043861214346300767e+04 1.207599842301980607e+04 1.015933420920998105e+04 7.855131864617163046e+03 7.119351872008366627e+03 1.268789187302189566e+04 3.458842902443709318e+04 1.058820794152419330e+04 5.367487775293006052e+03 4.004218791901399527e+03 3.727006288008398769e+03 4.334210552833529619e+03 4.822730147923106415e+03 4.466773531134751465e+03 3.447801800372044454e+03 2.479501554584806399e+03 2.124159887802175035e+03 2.342074381621276189e+03 2.658468222728445653e+03 2.609501884905894258e+03 2.135004172393815224e+03 1.566760255963858981e+03 1.263914996401874760e+03 4.430051585468977282e+04 1.266841758498070412e+05 1.314339885194884264e+05 1.037581254335010890e+05 7.888986770892015193e+04 6.511177208362070087e+04 5.708486935944651486e+04 4.816958492342448153e+04 3.626110530225379625e+04 2.466834925005252444e+04 1.631832906028476100e+04 1.171384353064627066e+04 1.742926629459295509e+04 2.409701611734514881e+04 1.354583276132265746e+04 6.331192465286067090e+03 4.625096787568972104e+03 3.736961957078309752e+03 4.134353404009573751e+03 4.831938565031537109e+03 4.767800455715646422e+03 3.804375253317999523e+03 2.636826625607782262e+03 2.024467236513144826e+03 2.112860791504490408e+03 2.459590829300584119e+03 2.487930737746029081e+03 1.987760721190141112e+03 1.271808560622731193e+03 7.442521429006790186e+02
-1.224498890566595583e+04 -2.504354043061732591e+04 -2.012826279720758976e+04 -1.020896873604323628e+04 -3.312390890600111561e+03 1.355853586492097975e+03 6.177604634685694691e+03 1.083904065971539603e+04 1.219610133259677423e+04 1.016700010722097977e+04 7.530525865732940474e+03 6.572934116330571669e+03 6.905725827826787281e+03 1.058820794152419330e+04 2.531789278572424882e+04 7.258934025934095189e+03 3.484439543269307251e+03 3.145450029056127278e+03 3.512788405499120017e+03 4.009971827613618643e+03 3.900966138202955790e+03 3.190572522569699686e+03 2.386094043113924272e+03 1.994767987758947356e+03 2.087797476851196734e+03 2.337868883649055533e+03 2.352633329697887348e+03 2.017156359827899450e+03 1.557296671930389493e+03 1.266891249242375579e+03 7.472869375901990861e+04 1.979205147744932910e+05 1.719731447682798025e+05 1.146388579813113902e+05 7.812305245787475724e+04 6.137133632306328946e+04 5.405799112790985964e+04 4.751809476425014145e+04 3.740054669777575327e+04 2.641832367482695554e+04 1.784125528088429564e+04 1.336715372427754846e+04 1.174721324235957036e+04 1.618459150986405803e+04 2.040082051089888409e+04 1.113135878736085397e+04 4.978590247985159294e+03 4.051519947281070927e+03 4.159292107008380299e+03 4.910253565329334378e+03 5.113640034619234939e+03 4.427327418661229785e+03 3.342774360679699384e+03 2.606643804715592069e+03 2.518289862695382453e+03 2.788378080324519942e+03 2.888443502989036006e+03 2.525436861393804065e+03 1.895957070900885356e+03 1.356254034092452457e+03
1.419671938779874290e+04 4.019433809786810889e+04 2.735995169632721809e+04 1.269861359034477209e+04 6.159170340448028583e+03 4.618263944241298304e+03 6.205235627703164937e+03 9.149844828573070117e+03 1.015445530134387445e+04 8.520473555089705769e+03 6.270432298277398331e+03 5.118538425649609053e+03 5.258245151897881442e+03 5.367487775293006052e+03 7.258934025934095189e+03 1.772027622498507117e+04 4.555282113890632900e+03 2.235190895917435682e+03 2.444061110611904041e+03 2.804749821175884790e+03 2.882727203862933493e+03 2.523566147860079582e+03 2.003103148414904354e+03 1.674367219146668731e+03 1.663445852770589227e+03 1.809081511771204532e+03 1.850401434488026553e+03 1.662774847182710346e+03 1.356788176987328825e+03 1.122222506305144179e+03 1.029548241587622033e+05 2.689533267043323722e+05 2.191754260691572563e+05 1.326264803010515752e+05 8.169331638376656338e+04 5.921203941423688957e+04 4.986607470815408305e+04 4.367996804667581455e+04 3.521376486812335497e+04 2.568956228448066395e+04 1.800896588691518264e+04 1.366299175491222195e+04 1.222702267128410676e+04 1.135164535035739755e+04 1.357577982081528899e+04 1.646907710295893048e+04 8.284691855291812317e+03 3.969519763039796999e+03 3.994838188369490126e+03 4.504582730069689205e+03 4.816409877918842540e+03 4.435421011357553652e+03 3.628418911049155213e+03 2.949809592587156658e+03 2.732835180305231916e+03 2.857051462400766468e+03 2.946054373985857183e+03 2.716229259499932596e+03 2.243658106350310391e+03 1.772639598660918864e+03
1.940239917382536805e+04 5.461875125154786656e+04 4.135678824511106359e+04 2.175099954536050791e+04 1.100000337084261992e+04 6.639625256167408224e+03 5.919486791749090116e+03 7.119444929464067172e+03 7.649926401822009211e+03 6.559094959426675814e+03 4.959401699902953624e+03 4.048166229029053738e+03 3.940550281666221963e+03 4.004218791901399527e+03 3.484439543269307251e+03 4.555282113890632900e+03 1.269044358156964881e+04 3.062406635998432648e+03 1.618625998586796413e+03 1.885290509972329573e+03 1.967862930536753993e+03 1.807144758389541039e+03 1.510055311909876309e+03 1.297321046216413833e+03 1.267145863625089532e+03 1.343637600728302914e+03 1.371340280829648236e+03 1.260059603902478102e+03 1.065234182259409636e+03 9.003003386748137018e+02 9.923595541850180598e+04 2.635881796754177776e+05 2.178954180128862499e+05 1.321559701056964695e+05 8.007550082440773258e+04 5.605934286525608331e+04 4.495064524107343459e+04 3.783119449024401547e+04 3.015659980957334483e+04 2.237546442485793523e+04 1.622169737814470136e+04 1.266130760822452430e+04 1.114237950485190231e+04 1.028654254651362498e+04 8.642777576140957535e+03 9.676348084099456173e+03 1.176760049288443770e+04 5.960767501044108940e+03 3.192387812731519716e+03 3.581134557481218508e+03 3.776064103025315490e+03 3.591004698987516349e+03 3.084033582097221370e+03 2.611368237728804161e+03 2.411669854483576273e+03 2.444325604760193528e+03 2.480434971322595629e+03 2.320333190405835012e+03 1.991636023883633698e+03 1.641494853674691512e+03
3.246960100265415804e+03 1.542134545318160053e+04 1.723575541133969091e+04 1.294748483573763224e+04 8.853698513123621524e+03 6.573079795324090810e+03 5.924930750129151420e+03 6.431463766534203387e+03 6.576707228642547307e+03 5.694018828587219105e+03 4.537300687120382463e+03 3.939913168563986801e+03 3.880861163701139958e+03 3.727006288008398769e+03 3.145450029056127278e+03 2.235190895917435682e+03 3.062406635998432648e+03 9.940177495647569231e+03 2.638363921198694698e+03 1.582354376430382217e+03 1.610568497258108437e+03 1.417660591230946011e+03 1.187429170177664673e+03 1.058851724239168107e+03 1.076382523616594654e+03 1.148699485184916739e+03 1.150970644399604225e+03 1.034878020617308266e+03 8.683943883512355342e+02 7.490988551922180250e+02 6.511205822448041727e+04 1.810778497178781545e+05 1.631213851594043663e+05 1.079364028033849027e+05 7.004628617865593696e+04 5.088871419958998740e+04 4.056021807671329589e+04 3.289274475165599142e+04 2.537168369808117131e+04 1.870058593420655234e+04 1.383149747892385312e+04 1.110317486482952881e+04 9.822953917377668404e+03 8.750181923398451545e+03 7.209376095336519938e+03 5.226238670678019844e+03 6.031350700026892810e+03 8.570505161560691704e+03 4.426258965765046923e+03 2.497237967235043470e+03 2.659682316527605963e+03 2.460149749036617322e+03 2.127369609750302061e+03 1.851785287870244247e+03 1.770121449730551831e+03 1.815872620741894934e+03 1.821910253392134337e+03 1.670627117414492432e+03 1.413197616838822796e+03 1.165774714371323626e+03
-1.494222122284362558e+04 -3.269340389748238522e+04 -1.704997879861389083e+04 -2.446738627169263964e+03 3.191728462370326270e+03 5.033977242022845530e+03 6.085126965118613953e+03 7.019149323276300493e+03 7.026119861113555089e+03 5.994295570891814350e+03 4.862196819181319370e+03 4.431020908445448185e+03 4.514302311096479571e+03 4.334210552833529619e+03 3.512788405499120017e+03 2.444061110611904041e+03 1.618625998586796413e+03 2.638363921198694698e+03 8.536050786377207260e+03 2.743105481392825823e+03 1.680327508991769719e+03 1.406634034554570462e+03 1.104034196601784060e+03 9.961749110583950824e+02 1.066860974785252438e+03 1.175325299413060293e+03 1.168641940320398589e+03 1.017526795316103971e+03 8.271435378069788840e+02 7.185528047286238689e+02 3.098948838757789053e+04 9.148114188316263608e+04 9.753924973757134285e+04 7.640529777691845084e+04 5.630117813145054970e+04 4.456380536306971044e+04 3.717087013987840328e+04 3.028366477839980871e+04 2.291610632389928651e+04 1.657139797253814322e+04 1.218453507339138741e+04 9.928970714938717720e+03 8.974846892374644085e+03 8.032504869221609624e+03 6.400310976902102993e+03 4.492454545214530299e+03 2.848251962718412869e+03 4.087055614551246890e+03 6.808971046567608937e+03 3.628585367093847708e+03 1.959148968406022959e+03 1.764556038804161290e+03 1.398609263951978392e+03 1.211866154598609228e+03 1.240452283757795158e+03 1.363825791258962226e+03 1.387953275687186078e+03 1.224891223931201239e+03 9.715345580569728554e+02 7.674489012305502911e+02
-2.069611277442229766e+04 -4.848722358292741410e+04 -3.002298491156419186e+04 -9.851194094553309696e+03 -3.693027619220565612e+02 3.614365517979796095e+03 6.039801309077342012e+03 7.722534002884673100e+03 7.821180290465269536e+03 6.562878379149596185e+03 5.219945263050462017e+03 4.725034976451602233e+03 4.895164331021775979e+03 4.822730147923106415e+03 4.009971827613618643e+03 2.804749821175884790e+03 1.885290509972329573e+03 1.582354376430382217e+03 2.743105481392825823e+03 7.594718101333809500e+03 2.665057085312544132e+03 1.524245145520309507e+03 1.179964080194404005e+03 1.021514310923144194e+03 1.100114916118722249e+03 1.235786803101877922e+03 1.248559204041286421e+03 1.092744994697807215e+03 8.842419468131934082e+02 7.639223759586684537e+02 1.825094162046477140e+04 5.692564718727326544e+04 6.822375056881185446e+04 5.875512134329185938e+04 4.674353649039770244e+04 3.938008369023614796e+04 3.474481145835733332e+04 2.952739080515208843e+04 2.274635643201263156e+04 1.637030482233514886e+04 1.183324201487563914e+04 9.564713097154992283e+03 8.839123097887300901e+03 8.207030065864615608e+03 6.741635659164485332e+03 4.738856510163677740e+03 3.035054449423733786e+03 2.144249109145633156e+03 3.679481322390156492e+03 6.256233640571152137e+03 3.431191578232101620e+03 1.728484195550641289e+03 1.336127613828859012e+03 1.067537066975964990e+03 1.117881007197895997e+03 1.300635833005327186e+03 1.377956832458635517e+03 1.227317622678806174e+03 9.575977138949524488e+02 7.399878868589623835e+02
-7.442924629671930234e+03 -1.891649182998207107e+04 -1.250178417330520642e+04 -3.596814693912840085e+03 1.052713149584616986e+03 3.461905489985833356e+03 5.591860706725474301e+03 7.407308864664398243e+03 7.623028440613931707e+03 6.356464818205986376e+03 4.914183977974485060e+03 4.274203975035913572e+03 4.392269129241746668e+03 4.466773531134751465e+03 3.900966138202955790e+03 2.882727203862933493e+03 1.967862930536753993e+03 1.610568497258108437e+03 1.680327508991769719e+03 2.665057085312544132e+03 6.393752645784852575e+03 2.187803016108602606e+03 1.192407741275412945e+03 1.015151996295389267e+03 1.032261953505207657e+03 1.154040275986317738e+03 1.196548849331843940e+03 1.089094735562603546e+03 9.099583111688058352e+02 7.836603641899271224e+02 3.575943653192378406e+04 9.434535210948136228e+04 8.697960457084511290e+04 6.253341890633187722e+04 4.514966971228393231e+04 3.672745505215720914e+04 3.276427038319500934e+04 2.885630526284110965e+04 2.297688857647870464e+04 1.678795803249289384e+04 1.209481429000382741e+04 9.646713214678728036e+03 8.944732585573867254e+03 8.582064365284106316e+03 7.419372047269302129e+03 5.564977910195171717e+03 3.768873113815209763e+03 2.800927517399908083e+03 2.579036604516105399e+03 4.086110873677576819e+03 6.054002837960064426e+03 3.355595526791407792e+03 1.691712629725778470e+03 1.375036165165955936e+03 1.319590666617087436e+03 1.489931388269613535e+03 1.607243206154254949e+03 1.507749878775010529e+03 1.256009391771967785e+03 1.016339789641186826e+03
8.887703546088938310e+03 2.289161294012392318e+04 1.667859460667353414e+04 9.153664498827725765e+03 5.539766392593241108e+03 4.426560236668429752e+03 4.959474745894312946e+03 6.115306711729288509e+03 6.302696826545497970e+03 5.280973622128664829e+03 4.008167041335858357e+03 3.316367955180944591e+03 3.309040810748934291e+03 3.447801800372044454e+03 3.190572522569699686e+03 2.523566147860079582e+03 1.807144758389541039e+03 1.417660591230946011e+03 1.406634034554570462e+03 1.524245145520309507e+03 2.187803016108602606e+03 5.124267425081131478e+03 1.634145080996038814e+03 9.031738585037605844e+02 8.715951294001847600e+02 9.333294451881066607e+02 9.926225305946410344e+02 9.517759709373981423e+02 8.366313360258828880e+02 7.255654437358108453e+02 5.739385046062571928e+04 1.499380614318181179e+05 1.236047071476306592e+05 7.635920937278500060e+04 4.837942519413579430e+04 3.596556081369989261e+04 3.074711911622515618e+04 2.706143389584582474e+04 2.196950338110265147e+04 1.638978333743838084e+04 1.197446596911344750e+04 9.531251708558302198e+03 8.743456885607603908e+03 8.440317416554809824e+03 7.555685465134250990e+03 6.009509701165929073e+03 4.387318569813123759e+03 3.364352436915613907e+03 3.077329047917691241e+03 3.118657854772131031e+03 4.171197048850275678e+03 5.566804220205331148e+03 3.054440911997367948e+03 1.671564741083318268e+03 1.554624413092446048e+03 1.624946127517140667e+03 1.743549235307850267e+03 1.702476296842500460e+03 1.510658014959003594e+03 1.283161733892855182e+03
1.688125143959177512e+04 4.329696733951104397e+04 3.243537277405328496e+04 1.730321782460268878e+04 9.019938122823874437e+03 5.512003388624865693e+03 4.532108158598133741e+03 4.757471175365059025e+03 4.750740341514948341e+03 4.021662829930124190e+03 3.071358629752910929e+03 2.474223663013099213e+03 2.378700478037469111e+03 2.479501554584806399e+03 2.386094043113924272e+03 2.003103148414904354e+03 1.510055311909876309e+03 1.187429170177664673e+03 1.104034196601784060e+03 1.179964080194404005e+03 1.192407741275412945e+03 1.634145080996038814e+03 4.069125362653971024e+03 1.229538557337784368e+03 6.883941604614171865e+02 7.118793072739911167e+02 7.533533329891325820e+02 7.551661222501957127e+02 6.958233073716572790e+02 6.139458715443479377e+02 6.550857955882536771e+04 1.709891048046574579e+05 1.391007981669752626e+05 8.330680869920222904e+04 5.022902322098317381e+04 3.531904419729589426e+04 2.860663627018110128e+04 2.433767198136245861e+04 1.962243413839710774e+04 1.481948643149838244e+04 1.105971964662247046e+04 8.906707942155015189e+03 8.077184130608770829e+03 7.675193194456636775e+03 6.908640059621744513e+03 5.675038676461344949e+03 4.356104598084473764e+03 3.470135190385625720e+03 3.111520198038924718e+03 3.094154946294591355e+03 2.970216076479585354e+03 3.580888920882447565e+03 4.726693376318880837e+03 2.584471329725709893e+03 1.525181844782840017e+03 1.546431922235641423e+03 1.609224629681938950e+03 1.605135979551216678e+03 1.480344228876710758e+03 1.301301032685677683e+03
1.052248852798651387e+04 2.923587593308157375e+04 2.468305105379455927e+04 1.504085669958283506e+04 8.834474793857625627e+03 5.731243294990386858e+03 4.451092849341222973e+03 4.166461690339026973e+03 3.937759050071189449e+03 3.339244910981287831e+03 2.630780616679913237e+03 2.192593037610143710e+03 2.103507259345808052e+03 2.124159887802175035e+03 1.994767987758947356e+03 1.674367219146668731e+03 1.297321046216413833e+03 1.058851724239168107e+03 9.961749110583950824e+02 1.021514310923144194e+03 1.015151996295389267e+03 9.031738585037605844e+02 1.229538557337784368e+03 3.330528294590727455e+03 9.905695298027461604e+02 5.910755418612550329e+02 6.173451547545362246e+02 6.076337618834370460e+02 5.673759293736668496e+02 5.101481000151636067e+02 5.127903463127982104e+04 1.385775309204842779e+05 1.186470047164784337e+05 7.471347228187210567e+04 4.674036162312739907e+04 3.324879269895338075e+04 2.641398023305213428e+04 2.164819213434291305e+04 1.698076603515428724e+04 1.276135452338354480e+04 9.655659944617642395e+03 7.911342237416737589e+03 7.160717627242802337e+03 6.660032874318138056e+03 5.875655276807890914e+03 4.807180623814190767e+03 3.749236234612797489e+03 3.056597739831199760e+03 2.762802901254257449e+03 2.673025088565819715e+03 2.536923631089991886e+03 2.204760484578234809e+03 2.650720675710299474e+03 3.778069133661364503e+03 2.015124232901677487e+03 1.237998214538875800e+03 1.284755030526828705e+03 1.260900602699793126e+03 1.179069581382848355e+03 1.056181518592582961e+03
-1.295337819578457129e+03 -1.048906419981582303e+03 3.948801616377862501e+03 6.129677953801168769e+03 5.726988655259128791e+03 4.960841267663901817e+03 4.532726870781841171e+03 4.401412597359651045e+03 4.070962036766696201e+03 3.403432290801189993e+03 2.728691257626685456e+03 2.389130564816724927e+03 2.366428223822818836e+03 2.342074381621276189e+03 2.087797476851196734e+03 1.663445852770589227e+03 1.267145863625089532e+03 1.076382523616594654e+03 1.066860974785252438e+03 1.100114916118722249e+03 1.032261953505207657e+03 8.715951294001847600e+02 6.883941604614171865e+02 9.905695298027461604e+02 2.873291273242779425e+03 9.440758486388123174e+02 6.045496607436205068e+02 5.702320940449585578e+02 5.051041628451750398e+02 4.570150159400759549e+02 2.944382837289359304e+04 8.270873990503909590e+04 7.942106929473881610e+04 5.667262804257585958e+04 3.919227260451832262e+04 2.982439041930624808e+04 2.438267261302575207e+04 1.984249556546903477e+04 1.520442924785039941e+04 1.121812008174484072e+04 8.441937829041298755e+03 6.974249510663687033e+03 6.371481753371775994e+03 5.887463154984624452e+03 5.069156226867818987e+03 4.019001184263488540e+03 3.061757739403381947e+03 2.501651654914421670e+03 2.309381744210460056e+03 2.257172111785512243e+03 2.078756044760882560e+03 1.753355044421127786e+03 1.368642061418488083e+03 1.825432422615596806e+03 2.991866552057059380e+03 1.580772738810479495e+03 9.580151101205708528e+02 9.294806523875204221e+02 8.325794651737637651e+02 7.452833720369569619e+02
-9.131815782059518824e+03 -2.125795578830633531e+04 -1.093870661082361039e+04 -1.213444712363957024e+03 2.613379754778488859e+03 3.850195868613977837e+03 4.487277005440335415e+03 4.850811525865352451e+03 4.575473771954842960e+03 3.771790930630950697e+03 2.986999531790925175e+03 2.637828253551604121e+03 2.665843879010074488e+03 2.658468222728445653e+03 2.337868883649055533e+03 1.809081511771204532e+03 1.343637600728302914e+03 1.148699485184916739e+03 1.175325299413060293e+03 1.235786803101877922e+03 1.154040275986317738e+03 9.333294451881066607e+02 7.118793072739911167e+02 5.910755418612550329e+02 9.440758486388123174e+02 2.618309195119088145e+03 9.538588504209301391e+02 5.959655733965473701e+02 5.096145065232313982e+02 4.466804552544751914e+02 1.490782459483750063e+04 4.511805478405678878e+04 5.099689051618613303e+04 4.189708355388679774e+04 3.212552146132257622e+04 2.629893425266023405e+04 2.265376115820588893e+04 1.894726983470979030e+04 1.455817478162649059e+04 1.059296641150732103e+04 7.814955884660730590e+03 6.394611987463827973e+03 5.903162043647284008e+03 5.537389731190065504e+03 4.763035485053029333e+03 3.692172509209920008e+03 2.713104252349061426e+03 2.174976023549907040e+03 2.048363914116827800e+03 2.065534065327401549e+03 1.919284770443383877e+03 1.558597742101133463e+03 1.166492251046420279e+03 8.958311089854203146e+02 1.454860393001503780e+03 2.570980788567795571e+03 1.397425786844494041e+03 7.737398066933424161e+02 6.705187608061430637e+02 5.668596240246693014e+02
