3.237219907484627366e+08 3.765396293303509057e+07 2.120222960107691586e+06 -4.942094878663146665e+04 -3.298830051944630104e+05 -2.655682754018586711e+05 -2.526522287964657880e+05 -1.900861372500258149e+05 -6.400687509032999515e+04 2.574205333673723362e+04 4.122592444304684614e+04 -1.380645524519382343e+04 -6.205423316936221090e+04 -5.637302880021127930e+04 -3.504804502059261722e+03 5.500371568855937221e+04 6.332288509906814579e+04 2.763675094738644839e+04 -1.380704480768506619e+04 -3.273002048896230554e+04 -6.698995848479257802e+03 2.707007694867904866e+04 4.539776461016354733e+04 3.453267040890226781e+04 8.280548340222820116e+03 -1.100801111068409227e+04 -7.868563551607193403e+03 8.548124490450220037e+03 2.409650005470416363e+04 2.576347163832285150e+04 2.363251932878730893e+08 3.225382206795178354e+07 5.550051317635347135e+06 1.284652782357537188e+06 4.266651322323037894e+05 3.242971210699797375e+05 2.359586838608733960e+05 2.255597598333019414e+05 2.987223828110342147e+05 3.370726430973438546e+05 3.001450108865660150e+05 1.877191311957854195e+05 9.747494120161200408e+04 8.613152780590730254e+04 1.407977668089486542e+05 2.044451190243757446e+05 1.992358375797733315e+05 1.351887774098469527e+05 6.645659269374498399e+04 3.184812222349731746e+04 6.325722100244007015e+04 1.057123741433683899e+05 1.260625895265469298e+05 1.045702912572150817e+05 6.158741593656722398e+04 2.965308633252774234e+04 3.121615332900588328e+04 5.246411659900574887e+04 7.252942935438291170e+04 7.225576289357594214e+04
3.765396293303509057e+07 1.345593419291561544e+08 1.182828494446077943e+07 3.751853552848530817e+05 -2.842100394074577489e+05 -4.549906961298314855e+05 -4.668178898448639084e+05 -3.591722877808036283e+05 -1.041899262643267866e+05 9.634212021355621982e+04 1.269175773295688850e+05 1.914116201426074213e+03 -1.206259186974313052e+05 -1.200506807550652302e+05 -3.775725321812300990e+03 1.277630945188293845e+05 1.547246977452487336e+05 7.580807199272536673e+04 -2.455042597351793302e+04 -6.963159252709761495e+04 -1.878960117638691736e+04 6.151777310927958024e+04 1.052748180461799493e+05 8.382523836194467731e+04 2.346449256352993689e+04 -2.226913198170291435e+04 -1.895977566906669381e+04 1.847207614364954497e+04 5.463604363606499101e+04 6.099534349284140626e+04 2.374515036078829318e+07 1.174281281021484137e+08 1.230683373964347690e+07 3.413973599759479053e+06 1.369176787669593468e+06 8.725371932244536001e+05 6.381985276970246341e+05 5.866309086181094171e+05 7.303940777983983280e+05 8.297938017604143824e+05 7.463950470147785963e+05 4.933246703642366338e+05 2.691110355115171988e+05 2.250692463669342105e+05 3.438605430923399981e+05 4.860612785892004613e+05 4.860155262883919640e+05 3.431073998908045469e+05 1.770519904241063050e+05 9.489325982247153297e+04 1.526212315954279911e+05 2.535309067838156188e+05 3.019468324776130612e+05 2.573108982002771227e+05 1.581226246164371260e+05 8.233060430968360743e+04 7.951239862602480571e+04 1.273030354653179529e+05 1.734213090211621020e+05 1.761832034557908482e+05
2.120222960107691586e+06 1.182828494446077943e+07 3.904392549209164083e+07 3.127576330709997099e+06 -6.216124602256374783e+04 -2.704708940671371529e+05 -3.625374734440299217e+05 -2.806210298718146514e+05 -1.019455564206029230e+05 5.498875322658639925e+04 9.289167784262489295e+04 2.080523189900914440e+04 -6.395967158783601189e+04 -7.317388275493300171e+04 -1.063465244494226681e+03 8.571445101630917634e+04 1.120782237722458958e+05 6.654911670559318736e+04 -1.334762310940956922e+03 -3.377024116106984729e+04 -8.146751132770958066e+03 4.372682688031554426e+04 7.511212496080237906e+04 6.443202985081306542e+04 2.640452675876008288e+04 -4.965224366608030323e+03 -6.592498763533288184e+03 1.593680427852138746e+04 3.973104741597808606e+04 4.640272817104079149e+04 2.022196367801001994e+06 1.026715832651403174e+07 2.751573483446801454e+07 3.618395137928732671e+06 1.291894534330875147e+06 8.296580893071142491e+05 5.606520176646588370e+05 5.016812121596290381e+05 5.682137026897659525e+05 6.382444420659516472e+05 5.920626264013306936e+05 4.323786289865258150e+05 2.715744405665957602e+05 2.183618069723832014e+05 2.787779843531292863e+05 3.637066168330007931e+05 3.717669334128288319e+05 2.852665170437955530e+05 1.713793073035599664e+05 1.101424213729103358e+05 1.323165233357846155e+05 1.936027957484243670e+05 2.271538155706652615e+05 2.018834621553998441e+05 1.385366118256730551e+05 8.567236242664595193e+04 7.647014759242956643e+04 1.030198170196253050e+05 1.320790206117163179e+05 1.369096940459900070e+05
-4.942094878663146665e+04 3.751853552848530817e+05 3.127576330709997099e+06 1.208750287946316972e+07 9.810527400355662685e+05 -9.240667089769188897e+04 -1.909141981965010636e+05 -1.761988076701796963e+05 -7.751844322543308954e+04 1.088563819306280857e+04 4.395126743600602640e+04 2.020237339453279128e+04 -1.707131412663686933e+04 -2.571400237320065571e+04 2.714103085992508568e+03 4.173954858721929486e+04 5.772505181399246794e+04 4.198140436103782849e+04 1.253508828756388903e+04 -4.553648311127411034e+03 2.923184730626938290e+03 2.381963644905814726e+04 3.892117709522087534e+04 3.642574096294947958e+04 2.094181741156608769e+04 6.376515586693389196e+03 3.472718333622121008e+03 1.157481566159347858e+04 2.193246743003874144e+04 2.605617974775812763e+04 7.792569945652170572e+05 2.360243270850582980e+06 3.081258683534757234e+06 1.119816904109755345e+07 1.331188048826422077e+06 6.393090026570536429e+05 3.954332357576639042e+05 3.203646604654951370e+05 3.351138387698042206e+05 3.604806813728081761e+05 3.459744757076922106e+05 2.792744183683574665e+05 2.022851258947546012e+05 1.631135731751599233e+05 1.741562585807034629e+05 2.039640353820330929e+05 2.089938139580988209e+05 1.751653643347717589e+05 1.241134070845984097e+05 9.032995676408580039e+04 9.090140433710535581e+04 1.116048990075182228e+05 1.260977091231474478e+05 1.172184355915439664e+05 9.058486652117982158e+04 6.528738144841766916e+04 5.659996611061061412e+04 6.406018070339661790e+04 7.549640040208442952e+04 7.867321548019658076e+04
-3.298830051944630104e+05 -2.842100394074577489e+05 -6.216124602256374783e+04 9.810527400355662685e+05 4.391589849524162710e+06 3.630263367798925610e+05 -9.367448406440133112e+04 -1.013279844971223938e+05 -5.969893543853874144e+04 -8.324628075620676100e+03 1.589591302435261423e+04 1.257191130042157056e+04 -8.764617314895017444e+02 -5.474706727536434300e+03 4.620088729803470414e+03 2.076897381382573803e+04 2.927903735219292867e+04 2.525498593745588732e+04 1.409159744192452126e+04 5.895403905675878377e+03 6.860311821231962313e+03 1.404508156082009191e+04 2.034550606726787373e+04 2.050893366155725380e+04 1.500663793367556354e+04 8.820913813070772449e+03 6.516259504530324193e+03 8.709823345040982531e+03 1.261368150265478471e+04 1.466323192779442616e+04 4.691298859348355327e+05 1.306134966676478274e+06 1.148560039741673507e+06 1.310007868463220540e+06 2.964074854282515123e+06 5.310769272701700684e+05 2.746599058286644286e+05 2.161934893518983736e+05 2.020401239415706950e+05 2.075678970119315200e+05 2.019360014296503505e+05 1.774548134695164626e+05 1.440213774458340777e+05 1.198831050476634409e+05 1.139304598873539362e+05 1.191899541973219748e+05 1.198047279310968734e+05 1.075435710221968184e+05 8.672222378131009464e+04 6.927245549997413764e+04 6.378070070155621215e+04 6.763097972957846650e+04 7.185688817343425762e+04 6.899373415400454542e+04 5.876918183048036008e+04 4.741901864234279492e+04 4.123192368120863102e+04 4.150408149856358068e+04 4.473142172662330995e+04 4.592290131992338866e+04
-2.655682754018586711e+05 -4.549906961298314855e+05 -2.704708940671371529e+05 -9.240667089769188897e+04 3.630263367798925610e+05 2.108175296377968974e+06 1.574712992833906901e+05 -5.952478632632161316e+04 -4.168920265426293190e+04 -1.525431831140779468e+04 3.083445053372239727e+03 5.982823217230623413e+03 2.643944085523783997e+03 1.519021997257545081e+03 5.928721591116631316e+03 1.293730918629398366e+04 1.726266776463447968e+04 1.666137606197426067e+04 1.254319163848146127e+04 8.751899359336297493e+03 8.147934226715155091e+03 1.026150551148127852e+04 1.270463198976420972e+04 1.315275783644696639e+04 1.128782287017048111e+04 8.636175602387451363e+03 7.126576854866551002e+03 7.400337748826033931e+03 8.674250194404728973e+03 9.488981554660058464e+03 3.529919855761941290e+05 9.148347560295218136e+05 8.065418495640670881e+05 6.146281882300603902e+05 5.270155150304543786e+05 1.788583758357000072e+06 2.941717703371613170e+05 1.770663081392469467e+05 1.498550042778024799e+05 1.418194452326300088e+05 1.372468786523530143e+05 1.269551485849739693e+05 1.123605788800365990e+05 9.793294329477123392e+04 8.860568755202752072e+04 8.459569652307609795e+04 8.171755706717685098e+04 7.604992958697761060e+04 6.689562384400147130e+04 5.749982880038052826e+04 5.150778634232862532e+04 4.950314729557394458e+04 4.919856029166829831e+04 4.747971790379396407e+04 4.321559473595203599e+04 3.775728354061261052e+04 3.354314548442379601e+04 3.175421396580493820e+04 3.169746948037098264e+04 3.147105925010462670e+04
-2.526522287964657880e+05 -4.668178898448639084e+05 -3.625374734440299217e+05 -1.909141981965010636e+05 -9.367448406440133112e+04 1.574712992833906901e+05 1.171598481255697785e+06 8.456875649829274334e+04 -2.368473456937745505e+04 -9.342811462982859666e+03 -1.113124539566071235e+03 2.249895056698285316e+03 2.949341580523909215e+03 4.983316514000709503e+03 8.476709098838760838e+03 1.168633303297840030e+04 1.292235756319011853e+04 1.242471288766926227e+04 1.094282479059488651e+04 9.698035550605633034e+03 9.371058426751587831e+03 9.635024074380051388e+03 9.980877311223117431e+03 9.830295581250507894e+03 9.084364372584986995e+03 8.129984121456463981e+03 7.432322106447683836e+03 7.196455905182041533e+03 7.255375070974102528e+03 7.178896663878418622e+03 2.599663670444663439e+05 6.711499691661968827e+05 5.876126605948139913e+05 4.056996093128311913e+05 2.783165138741226401e+05 3.097964934326593066e+05 8.560387284633393865e+05 1.840621290322626010e+05 1.281499834857570531e+05 1.164746423613857478e+05 1.066328162744679721e+05 9.950621551841139444e+04 9.281308708193755592e+04 8.573808988909864274e+04 7.810777916435230873e+04 7.098877117167148390e+04 6.493596288018598716e+04 6.001799457328354765e+04 5.524136970332932833e+04 5.040715602765815856e+04 4.592840633828815771e+04 4.220268904019286856e+04 3.944441817127935064e+04 3.714101165882998612e+04 3.470960704620101751e+04 3.205705612166924766e+04 2.949351879727565756e+04 2.742780326326635623e+04 2.593634600760322428e+04 2.458942666029058455e+04
-1.900861372500258149e+05 -3.591722877808036283e+05 -2.806210298718146514e+05 -1.761988076701796963e+05 -1.013279844971223938e+05 -5.952478632632161316e+04 8.456875649829274334e+04 6.910606423079065280e+05 5.850771464707455743e+04 1.419211397236163293e+03 3.145228916158725497e+03 1.370419593123859840e+03 2.848394477709929561e+03 6.737358691308938432e+03 1.099372543695798231e+04 1.289061549490454126e+04 1.202441855749983370e+04 1.040081601374140882e+04 9.442827837844994065e+03 9.586035601525894890e+03 1.007271569864925004e+04 9.968017923485844221e+03 9.212836335568474169e+03 8.240255228947245996e+03 7.552694851001599091e+03 7.315747189044152037e+03 7.292462993813904177e+03 7.123661908746623340e+03 6.685693402610288103e+03 6.026351487317877400e+03 2.496661149813107040e+05 6.194145689284072723e+05 5.267552780624643201e+05 3.396991915010639932e+05 2.292185115450371231e+05 1.908837213566947612e+05 1.998198032044649008e+05 5.500761469011651352e+05 1.269198675893530599e+05 1.000296333957817405e+05 8.753126833973795874e+04 7.769309431643686548e+04 7.369191895105186268e+04 7.158110378287217463e+04 6.801999775390155264e+04 6.162650985635175311e+04 5.407647826059887302e+04 4.812004371972723311e+04 4.442976436965377070e+04 4.221971005189270363e+04 3.992166662567808817e+04 3.669798965992785816e+04 3.305457628709448909e+04 2.988211668987543089e+04 2.766968275605144299e+04 2.625843582771698493e+04 2.505252879791580926e+04 2.354037031758461308e+04 2.171061986058879120e+04 1.973811171038058819e+04
-6.400687509032999515e+04 -1.041899262643267866e+05 -1.019455564206029230e+05 -7.751844322543308954e+04 -5.969893543853874144e+04 -4.168920265426293190e+04 -2.368473456937745505e+04 5.850771464707455743e+04 3.873307439322464052e+05 4.631743169411920098e+04 7.738193144011682307e+03 3.439035734264976327e+03 2.477679990414480926e+03 6.366287280791979356e+03 1.070917904547478975e+04 1.243097437971076579e+04 1.102785127763058335e+04 8.897849075838528734e+03 7.809964152274640583e+03 8.273015201339967462e+03 9.132876400406512403e+03 9.141223878545919433e+03 8.182418156536067727e+03 6.902933023411685099e+03 6.100292711545151178e+03 6.018391834211808600e+03 6.247291853016418827e+03 6.231733020204919740e+03 5.748735981182080650e+03 4.961319045120302690e+03 3.210307687982673524e+05 7.609659117180635221e+05 5.913049980361759663e+05 3.518486333403603639e+05 2.176236075838092947e+05 1.648084613100708229e+05 1.425233149460148707e+05 1.394000825572559843e+05 2.796983494471850572e+05 8.472553306813695235e+04 6.679670957352872938e+04 5.719940288397746917e+04 5.302730388096503157e+04 5.304129766441461106e+04 5.249448133411585877e+04 4.871795916613180452e+04 4.232262443566068396e+04 3.652977393485307402e+04 3.305443379349850875e+04 3.183559164867693471e+04 3.099153961474576499e+04 2.898946220420988539e+04 2.589821203476242954e+04 2.275148690982699190e+04 2.057909108843266222e+04 1.957808330873433442e+04 1.905930933841363003e+04 1.820572059820041613e+04 1.673096171488473556e+04 1.486305407926381304e+04
2.574205333673723362e+04 9.634212021355621982e+04 5.498875322658639925e+04 1.088563819306280857e+04 -8.324628075620676100e+03 -1.525431831140779468e+04 -9.342811462982859666e+03 1.419211397236163293e+03 4.631743169411920098e+04 2.360804048082180962e+05 3.181156345796877577e+04 4.840214326513961169e+03 2.848192507012864553e+03 4.609743649815447498e+03 8.176873242981789190e+03 9.810959122388605465e+03 8.921553649522964406e+03 7.231713411592005286e+03 6.224662800834594236e+03 6.488584976432835902e+03 7.178405096369397143e+03 7.259915024316178460e+03 6.547108243724617751e+03 5.502150334569405459e+03 4.783711602133791530e+03 4.659756480621219453e+03 4.831734199580623681e+03 4.842528291102928051e+03 4.483426037765506408e+03 3.859428494241262342e+03 3.544208748080534860e+05 8.532385783986668102e+05 6.554972073101415299e+05 3.725696524569682078e+05 2.185515980834455113e+05 1.538158529754204501e+05 1.277647334459890117e+05 1.093684059167605592e+05 9.172145652669496485e+04 1.663850951303924667e+05 5.191177319587214151e+04 4.007824314673790650e+04 3.659956026689177088e+04 3.642538215698729618e+04 3.689685852877022990e+04 3.511038434784191486e+04 3.101066035406646552e+04 2.672687126069497026e+04 2.384353619116852497e+04 2.278704471140736496e+04 2.232663036103968261e+04 2.115047369783543400e+04 1.904578468396212338e+04 1.666487826939743536e+04 1.486310355405751397e+04 1.399096654610948099e+04 1.362119879480979216e+04 1.309310144197139925e+04 1.209313947376226679e+04 1.070452873245292358e+04
4.122592444304684614e+04 1.269175773295688850e+05 9.289167784262489295e+04 4.395126743600602640e+04 1.589591302435261423e+04 3.083445053372239727e+03 -1.113124539566071235e+03 3.145228916158725497e+03 7.738193144011682307e+03 3.181156345796877577e+04 1.476315389099957247e+05 2.037223953534939210e+04 3.087142178792908908e+03 3.434866878639841161e+03 5.265347447231284605e+03 6.718947551335035314e+03 6.471899594529360911e+03 5.567026003486882473e+03 4.895579640685909908e+03 4.952509312035559560e+03 5.282431388386331491e+03 5.283694484257875956e+03 4.833857422789415068e+03 4.177947520884154073e+03 3.696710865890759123e+03 3.558008508679146871e+03 3.590684042299375506e+03 3.531475149294055427e+03 3.260352159374615894e+03 2.842921657840754051e+03 3.114596916116707725e+05 7.607586349823439959e+05 6.016076808367506601e+05 3.521405335751828970e+05 2.078571208115975023e+05 1.442320652606498916e+05 1.139964382800009334e+05 9.328356937570363516e+04 7.110082628644703072e+04 5.552529448603300261e+04 1.038682522099485213e+05 3.185009815610756777e+04 2.589210805902909851e+04 2.529553336990644311e+04 2.539556356224446063e+04 2.459801499717761544e+04 2.234593817134123310e+04 1.977621307202000025e+04 1.774041590439320862e+04 1.670618397146859570e+04 1.610250526110740611e+04 1.521251482315365320e+04 1.384561346438201872e+04 1.229012362861383735e+04 1.100831587441601732e+04 1.025177671820254545e+04 9.822784363668117294e+03 9.352868199931745039e+03 8.641454179395143001e+03 7.693281820485195567e+03
-1.380645524519382343e+04 1.914116201426074213e+03 2.080523189900914440e+04 2.020237339453279128e+04 1.257191130042157056e+04 5.982823217230623413e+03 2.249895056698285316e+03 1.370419593123859840e+03 3.439035734264976327e+03 4.840214326513961169e+03 2.037223953534939210e+04 1.034489295269807481e+05 1.460368403647032028e+04 3.429644123038450289e+03 4.217325044126911962e+03 4.796442117061558747e+03 4.827150492040261270e+03 4.474155479215334708e+03 4.201391782987140687e+03 4.234382149502845095e+03 4.278770400222943863e+03 4.068754232933089042e+03 3.671789858700293735e+03 3.271172059431852176e+03 3.030814431856280862e+03 2.962586275415230375e+03 2.902573419467294570e+03 2.728440015848308576e+03 2.440587689987512931e+03 2.130156088294261735e+03 1.950898838211978436e+05 5.016292011583462590e+05 4.366470407047945773e+05 2.812997623761297436e+05 1.798590743345077499e+05 1.305814913230382954e+05 1.035548105770770926e+05 8.094974317225326377e+04 5.937883408026122197e+04 4.213224796832000720e+04 3.440431380012564478e+04 6.748887196296130423e+04 2.229099823283880687e+04 1.963211554890986736e+04 1.942174605721301486e+04 1.867507767871467513e+04 1.732347876664571959e+04 1.583394660664173716e+04 1.454956339260247660e+04 1.365129557083564941e+04 1.286342942716608013e+04 1.191186351177001052e+04 1.081769913442027973e+04 9.751952182234843349e+03 8.880543590603876510e+03 8.277660451818024740e+03 7.789061493048935517e+03 7.245861779950966593e+03 6.600346183686695440e+03 5.865114910177078855e+03
-6.205423316936221090e+04 -1.206259186974313052e+05 -6.395967158783601189e+04 -1.707131412663686933e+04 -8.764617314895017444e+02 2.643944085523783997e+03 2.949341580523909215e+03 2.848394477709929561e+03 2.477679990414480926e+03 2.848192507012864553e+03 3.087142178792908908e+03 1.460368403647032028e+04 7.622649058102745039e+04 1.267919990064855301e+04 5.099610552910127808e+03 4.965623160277995339e+03 4.316862753299503311e+03 4.074370392838874977e+03 4.110148395734764563e+03 4.351816199775572386e+03 4.302527129334031997e+03 3.820037224560908726e+03 3.219482619335547042e+03 2.830477929010057778e+03 2.754254333653011599e+03 2.836745332480547404e+03 2.786975205484156959e+03 2.502378007926306054e+03 2.098224979782999526e+03 1.767579435039453983e+03 1.043724208068259904e+05 2.767932535466690315e+05 2.753116637878273614e+05 2.037682342629025807e+05 1.457372518551852554e+05 1.150994445037006517e+05 9.585630949455423979e+04 7.593365665999647172e+04 5.455272998395845934e+04 3.803133240111081977e+04 2.801942038025785587e+04 2.493741894113032322e+04 4.673997251009808679e+04 1.851128390584484441e+04 1.738028115632676781e+04 1.652599566659824632e+04 1.500607719977532906e+04 1.380745403333608192e+04 1.301060759058523763e+04 1.250013219243163803e+04 1.177084718823892399e+04 1.065147120053570870e+04 9.416724588324641445e+03 8.419550144851513323e+03 7.770059608609686620e+03 7.379059636403495460e+03 6.953166824742960671e+03 6.331539982200110899e+03 5.592062075080400973e+03 4.846511056834506235e+03
-5.637302880021127930e+04 -1.200506807550652302e+05 -7.317388275493300171e+04 -2.571400237320065571e+04 -5.474706727536434300e+03 1.519021997257545081e+03 4.983316514000709503e+03 6.737358691308938432e+03 6.366287280791979356e+03 4.609743649815447498e+03 3.434866878639841161e+03 3.429644123038450289e+03 1.267919990064855301e+04 5.868379458598094061e+04 1.231704448903911543e+04 5.966825923421989501e+03 4.713178518838480159e+03 3.952604115465149334e+03 4.078043540986998323e+03 4.558635758823332253e+03 4.631085064154185602e+03 4.041677222249350962e+03 3.230177559223103799e+03 2.704621684852429098e+03 2.650477679543313116e+03 2.849493834655035698e+03 2.881271881178201056e+03 2.577837057194341469e+03 2.087563774509624182e+03 1.689983215181731794e+03 9.441517730283469427e+04 2.352043133196105482e+05 2.244331694976958097e+05 1.663424342889537802e+05 1.227341497437121434e+05 1.013474376217293029e+05 8.918041642696125200e+04 7.408652356469925144e+04 5.471011201665619592e+04 3.801005335494855535e+04 2.739850433572551992e+04 2.236086688246449194e+04 2.113077353054109699e+04 3.568909176877910068e+04 1.696485907781709102e+04 1.553539099174730654e+04 1.371942965476167228e+04 1.226433306447011273e+04 1.166217570246514151e+04 1.160273760500580102e+04 1.123080688401535735e+04 1.014400414285570150e+04 8.727926025738426688e+03 7.582638156690456526e+03 6.975009841970171692e+03 6.772858543169088080e+03 6.517879166194195932e+03 5.937274202413860621e+03 5.129897368122989064e+03 4.309666693749029946e+03
-3.504804502059261722e+03 -3.775725321812300990e+03 -1.063465244494226681e+03 2.714103085992508568e+03 4.620088729803470414e+03 5.928721591116631316e+03 8.476709098838760838e+03 1.099372543695798231e+04 1.070917904547478975e+04 8.176873242981789190e+03 5.265347447231284605e+03 4.217325044126911962e+03 5.099610552910127808e+03 1.231704448903911543e+04 4.527755050717128324e+04 1.064768771984886371e+04 5.009982778377809154e+03 3.936550019711162349e+03 3.700762861713379152e+03 4.225768072855724313e+03 4.487815814018725177e+03 4.087160346637291241e+03 3.326356126748965835e+03 2.720246491191600398e+03 2.560827503456212071e+03 2.726590564162532701e+03 2.820498123058797319e+03 2.613877669127925401e+03 2.184852339557105552e+03 1.782824602910403883e+03 1.499037438213853166e+05 3.556838821119307540e+05 2.866777669230087195e+05 1.788957601415863028e+05 1.178261857617685455e+05 9.268496342056282447e+04 8.198717486260712030e+04 7.087893398421324673e+04 5.444257416470341559e+04 3.862602232477950747e+04 2.756212310388443439e+04 2.208316971400107286e+04 2.012464856824774324e+04 1.912040503758281557e+04 2.797182850644127393e+04 1.420144385660706030e+04 1.205160658271635111e+04 1.056297379967112283e+04 9.920249374959421402e+03 1.010696842394400301e+04 1.012004945137558025e+04 9.360844961817670992e+03 8.069810706059448421e+03 6.889201344134872670e+03 6.241343291632542787e+03 6.093649915850441175e+03 5.987906537045684672e+03 5.570575202727710348e+03 4.865038763935232055e+03 4.084819493275672357e+03
5.500371568855937221e+04 1.277630945188293845e+05 8.571445101630917634e+04 4.173954858721929486e+04 2.076897381382573803e+04 1.293730918629398366e+04 1.168633303297840030e+04 1.289061549490454126e+04 1.243097437971076579e+04 9.810959122388605465e+03 6.718947551335035314e+03 4.796442117061558747e+03 4.965623160277995339e+03 5.966825923421989501e+03 1.064768771984886371e+04 3.382832880416838452e+04 7.924331933908500105e+03 3.664756467971745678e+03 3.147027415122017374e+03 3.332013403973453023e+03 3.705435494876378925e+03 3.644412313012385312e+03 3.196184440368366268e+03 2.675499745267739854e+03 2.397194009474437735e+03 2.407093746976722286e+03 2.488030244731753555e+03 2.422853145646043231e+03 2.175307489143886414e+03 1.864339468860287525e+03 2.124666658210555324e+05 4.965547148197180359e+05 3.708106052082392853e+05 2.082902593585494615e+05 1.227245272098562273e+05 8.824354832611954771e+04 7.441069039368402446e+04 6.412862271266742027e+04 5.040736148089815106e+04 3.659473122509855602e+04 2.645918962374600233e+04 2.102515637948380027e+04 1.897612935876929987e+04 1.766598746804765688e+04 1.566433065272659769e+04 2.135887933768313451e+04 1.014226446563542231e+04 8.609139372721234395e+03 7.987043302888601829e+03 8.140254622893792657e+03 8.342341915725748549e+03 7.985989268852907117e+03 7.118400730320932780e+03 6.160365785023788703e+03 5.533543619038469842e+03 5.324312089051618386e+03 5.254000828630255455e+03 5.015972121881304702e+03 4.541800357028105282e+03 3.953757597090394484e+03
6.332288509906814579e+04 1.547246977452487336e+05 1.120782237722458958e+05 5.772505181399246794e+04 2.927903735219292867e+04 1.726266776463447968e+04 1.292235756319011853e+04 1.202441855749983370e+04 1.102785127763058335e+04 8.921553649522964406e+03 6.471899594529360911e+03 4.827150492040261270e+03 4.316862753299503311e+03 4.713178518838480159e+03 5.009982778377809154e+03 7.924331933908500105e+03 2.530217977339180288e+04 5.726261323095576699e+03 2.608981664423524307e+03 2.515292853462693074e+03 2.728035948134776390e+03 2.895362474765864135e+03 2.752992206045062630e+03 2.413536940557684375e+03 2.114757179298436313e+03 1.999563114751506419e+03 2.023594952578584071e+03 2.038749763201440601e+03 1.947252701464007714e+03 1.752336969688673662e+03 2.048481028015191550e+05 4.929623785684192553e+05 3.760159841758356197e+05 2.113046419064053916e+05 1.217749566187001328e+05 8.398115053636222729e+04 6.710742491228302242e+04 5.555495215921023191e+04 4.321830813478397613e+04 3.183311336819445569e+04 2.358422123952192851e+04 1.905890087330642928e+04 1.693358745340004680e+04 1.542124303480843628e+04 1.330922701887108451e+04 1.094590131389032831e+04 1.386448281233966554e+04 6.875777105522305646e+03 6.173203257480810862e+03 6.237992029285855097e+03 6.415738750107166197e+03 6.320122971780230728e+03 5.871576264138693659e+03 5.255038629161608696e+03 4.750860998551292141e+03 4.489210690632886326e+03 4.378959678267374329e+03 4.237844147517513193e+03 3.966367041764074202e+03 3.593527124991964229e+03
2.763675094738644839e+04 7.580807199272536673e+04 6.654911670559318736e+04 4.198140436103782849e+04 2.525498593745588732e+04 1.666137606197426067e+04 1.242471288766926227e+04 1.040081601374140882e+04 8.897849075838528734e+03 7.231713411592005286e+03 5.567026003486882473e+03 4.474155479215334708e+03 4.074370392838874977e+03 3.952604115465149334e+03 3.936550019711162349e+03 3.664756467971745678e+03 5.726261323095576699e+03 1.966563862572493599e+04 4.416109292185551567e+03 2.226626867682849479e+03 2.251561585495683175e+03 2.270977829049734282e+03 2.203451758492025419e+03 1.995596024750632751e+03 1.793650699782728225e+03 1.692622685031552919e+03 1.678745342104661177e+03 1.666518263877003392e+03 1.594039227704009591e+03 1.455702478730204348e+03 1.389078293107660138e+05 3.471944642492821440e+05 2.871340556984735886e+05 1.757411310507085291e+05 1.081606809509735904e+05 7.712206931278808042e+04 6.111722674866395391e+04 4.869806975199576118e+04 3.670506638767852564e+04 2.693531485334531317e+04 2.042775454966231337e+04 1.698360449815415632e+04 1.518143070390543289e+04 1.349533414401303162e+04 1.140129374575306065e+04 9.103542965092854502e+03 7.247829898659542778e+03 1.038642191576155528e+04 4.978700119648518012e+03 4.886526682720626923e+03 4.982783768424711525e+03 4.911979602270557734e+03 4.642143321524987186e+03 4.258027334714221070e+03 3.917198501864339050e+03 3.697158734827241460e+03 3.561746170418416114e+03 3.416127349484052502e+03 3.204564414967752327e+03 2.933869511907503693e+03
-1.380704480768506619e+04 -2.455042597351793302e+04 -1.334762310940956922e+03 1.253508828756388903e+04 1.409159744192452126e+04 1.254319163848146127e+04 1.094282479059488651e+04 9.442827837844994065e+03 7.809964152274640583e+03 6.224662800834594236e+03 4.895579640685909908e+03 4.201391782987140687e+03 4.110148395734764563e+03 4.078043540986998323e+03 3.700762861713379152e+03 3.147027415122017374e+03 2.608981664423524307e+03 4.416109292185551567e+03 1.608734491875205640e+04 4.010637099888932426e+03 2.278568464331606719e+03 2.068159996780897018e+03 1.805374102978043538e+03 1.632422455035531584e+03 1.552897887017662924e+03 1.555805418780637865e+03 1.544959476608501291e+03 1.459052691917238917e+03 1.312974734422253277e+03 1.167100488874740904e+03 6.957022170258293045e+04 1.802691477447202196e+05 1.725573506107279682e+05 1.241900198991752404e+05 8.692630034722085111e+04 6.756556495575069857e+04 5.596120672935401672e+04 4.468193441671796609e+04 3.296013779792985588e+04 2.379700738090906816e+04 1.810539436651592769e+04 1.537184003238293735e+04 1.404417223126345198e+04 1.257149601280978823e+04 1.047348030182945513e+04 8.195211085435314089e+03 6.315345953799223935e+03 5.302418284561106702e+03 7.008890466333419681e+03 4.173925861195947618e+03 4.209473350961614415e+03 4.068168434152637019e+03 3.761705069852533597e+03 3.446603242003464402e+03 3.231941661803582065e+03 3.123068551954699615e+03 3.013884622629665500e+03 2.825555977526278184e+03 2.568488024011901416e+03 2.290758404952982346e+03
-3.273002048896230554e+04 -6.963159252709761495e+04 -3.377024116106984729e+04 -4.553648311127411034e+03 5.895403905675878377e+03 8.751899359336297493e+03 9.698035550605633034e+03 9.586035601525894890e+03 8.273015201339967462e+03 6.488584976432835902e+03 4.952509312035559560e+03 4.234382149502845095e+03 4.351816199775572386e+03 4.558635758823332253e+03 4.225768072855724313e+03 3.332013403973453023e+03 2.515292853462693074e+03 2.226626867682849479e+03 4.010637099888932426e+03 1.374817249630623883e+04 3.897949142311643755e+03 2.224687487335167134e+03 1.790184804462376178e+03 1.494561687449965120e+03 1.466482851608374403e+03 1.557615589743864348e+03 1.585390474629311029e+03 1.462563541715363272e+03 1.247218813692938056e+03 1.062468957265559311e+03 3.558547478347570723e+04 9.920422376631188672e+04 1.123746374591453932e+05 9.123364039483081433e+04 7.008242261506486102e+04 5.862432929403267917e+04 5.150488481011669501e+04 4.280338470686423534e+04 3.201362682074467739e+04 2.293321339261275716e+04 1.717311871979382704e+04 1.449848127413625843e+04 1.350915160866272345e+04 1.246985637601951385e+04 1.061512356035073026e+04 8.294365157673139038e+03 6.289301118813780704e+03 5.117916482574946713e+03 4.488342563362450164e+03 6.078365930609063071e+03 3.979652588545920935e+03 3.804016140124464982e+03 3.412523862994485626e+03 3.042362386325274201e+03 2.866969729818047654e+03 2.860007053592084048e+03 2.825646164429299006e+03 2.632096999598174989e+03 2.319630081064388833e+03 1.989503480523361077e+03
-6.698995848479257802e+03 -1.878960117638691736e+04 -8.146751132770958066e+03 2.923184730626938290e+03 6.860311821231962313e+03 8.147934226715155091e+03 9.371058426751587831e+03 1.007271569864925004e+04 9.132876400406512403e+03 7.178405096369397143e+03 5.282431388386331491e+03 4.278770400222943863e+03 4.302527129334031997e+03 4.631085064154185602e+03 4.487815814018725177e+03 3.705435494876378925e+03 2.728035948134776390e+03 2.251561585495683175e+03 2.278568464331606719e+03 3.897949142311643755e+03 1.176254624727141527e+04 3.561780704420292750e+03 2.045258532601783827e+03 1.672641633825015560e+03 1.512032670631027713e+03 1.568012768285293987e+03 1.624593386629699125e+03 1.562908450375943175e+03 1.389798539137456373e+03 1.200967593842713995e+03 6.770701150117747602e+04 1.582139921959320200e+05 1.358196767339073704e+05 9.283704780425614445e+04 6.537250251680925430e+04 5.325698846133331244e+04 4.757693169852423307e+04 4.102928367327531305e+04 3.164181901579564874e+04 2.286197452616098235e+04 1.687454126008234743e+04 1.395932132882028236e+04 1.300640829410272272e+04 1.231274115047704254e+04 1.082510939024133040e+04 8.669004737011880934e+03 6.623639210574359822e+03 5.358204210903217245e+03 4.797310010608927769e+03 4.541511157390294102e+03 5.678116719011728492e+03 3.764781398137341512e+03 3.453160157224219802e+03 3.062728074650802228e+03 2.853375766840974393e+03 2.854513253556040127e+03 2.880462557253732484e+03 2.763724403377506860e+03 2.497564369280509709e+03 2.180921722154652343e+03
2.707007694867904866e+04 6.151777310927958024e+04 4.372682688031554426e+04 2.381963644905814726e+04 1.404508156082009191e+04 1.026150551148127852e+04 9.635024074380051388e+03 9.968017923485844221e+03 9.141223878545919433e+03 7.259915024316178460e+03 5.283694484257875956e+03 4.068754232933089042e+03 3.820037224560908726e+03 4.041677222249350962e+03 4.087160346637291241e+03 3.644412313012385312e+03 2.895362474765864135e+03 2.270977829049734282e+03 2.068159996780897018e+03 2.224687487335167134e+03 3.561780704420292750e+03 1.004357286376698357e+04 3.209916984542221144e+03 1.932390458480546386e+03 1.620720282886110908e+03 1.493906314397563165e+03 1.542880893155388549e+03 1.592461746307429166e+03 1.552428056261847814e+03 1.412572856971508600e+03 1.100816388607015833e+05 2.591616974334593979e+05 1.973036869272844633e+05 1.137873966926270514e+05 6.942226279111485928e+04 5.141535933189214848e+04 4.402023132985550910e+04 3.803873374300132855e+04 2.991416443313902710e+04 2.194549774811075622e+04 1.621431372191250011e+04 1.323333495149976079e+04 1.214898405712249223e+04 1.151172663776647096e+04 1.032851537838420882e+04 8.528431012341858150e+03 6.722103042363904024e+03 5.506303756366717607e+03 4.923733572794912106e+03 4.725427511923262500e+03 4.384280230091912017e+03 4.750094316732600419e+03 3.429075501452372009e+03 3.176428299342296668e+03 2.942783231314675504e+03 2.879093864799796393e+03 2.912526454985334567e+03 2.903637460552210541e+03 2.775361434162490696e+03 2.561063445186538047e+03
4.539776461016354733e+04 1.052748180461799493e+05 7.511212496080237906e+04 3.892117709522087534e+04 2.034550606726787373e+04 1.270463198976420972e+04 9.980877311223117431e+03 9.212836335568474169e+03 8.182418156536067727e+03 6.547108243724617751e+03 4.833857422789415068e+03 3.671789858700293735e+03 3.219482619335547042e+03 3.230177559223103799e+03 3.326356126748965835e+03 3.196184440368366268e+03 2.752992206045062630e+03 2.203451758492025419e+03 1.805374102978043538e+03 1.790184804462376178e+03 2.045258532601783827e+03 3.209916984542221144e+03 8.590065389658533604e+03 2.829679508404666194e+03 1.650893747079510376e+03 1.382348877306919803e+03 1.356052345584071645e+03 1.482568235873917956e+03 1.560265692151912162e+03 1.485963034625517139e+03 1.296185729208387202e+05 3.064242127532012528e+05 2.299779331944630831e+05 1.277045295597380609e+05 7.322132516044276417e+04 5.075557878737123974e+04 4.097833336782605329e+04 3.423554892030925839e+04 2.677626207936378341e+04 1.984198680083471481e+04 1.486269432176957162e+04 1.218103294704177461e+04 1.102062903129513506e+04 1.025024127273643535e+04 9.177688825837041804e+03 7.743486730788028581e+03 6.322171432474058747e+03 5.310915431090202219e+03 4.749777510799576703e+03 4.501133743887648052e+03 4.285496685065108977e+03 3.872069322736931554e+03 4.052478715610841846e+03 3.027120189330465109e+03 2.840330687163908806e+03 2.719336365479674896e+03 2.732194124087353885e+03 2.795180700187526782e+03 2.796547457327988923e+03 2.705833290562360162e+03
3.453267040890226781e+04 8.382523836194467731e+04 6.443202985081306542e+04 3.642574096294947958e+04 2.050893366155725380e+04 1.315275783644696639e+04 9.830295581250507894e+03 8.240255228947245996e+03 6.902933023411685099e+03 5.502150334569405459e+03 4.177947520884154073e+03 3.271172059431852176e+03 2.830477929010057778e+03 2.704621684852429098e+03 2.720246491191600398e+03 2.675499745267739854e+03 2.413536940557684375e+03 1.995596024750632751e+03 1.632422455035531584e+03 1.494561687449965120e+03 1.672641633825015560e+03 1.932390458480546386e+03 2.829679508404666194e+03 7.257593900060931446e+03 2.229975384224833761e+03 1.262140633526271358e+03 1.185285455513092529e+03 1.272974146463742500e+03 1.379248665598497155e+03 1.342345706189047860e+03 1.071410006768860330e+05 2.603152133368565701e+05 2.035005957994237542e+05 1.179638056574703369e+05 6.969868821261537960e+04 4.846888010627943731e+04 3.818089779865863966e+04 3.067656033825658233e+04 2.335307820505771815e+04 1.724857229035544879e+04 1.311737424650949106e+04 1.094033915227510442e+04 9.884580117897723539e+03 9.005432120375000522e+03 7.908937017341428145e+03 6.674463573655251821e+03 5.567648342393740677e+03 4.791170944981053253e+03 4.323036800710809985e+03 4.044903137061409325e+03 3.806441775110708477e+03 3.518240794994834687e+03 3.087876126226282850e+03 3.233787773248070152e+03 2.371721790536833396e+03 2.324961010318857006e+03 2.323123734069635248e+03 2.402107065509478616e+03 2.453995983051117946e+03 2.433008314251618685e+03
8.280548340222820116e+03 2.346449256352993689e+04 2.640452675876008288e+04 2.094181741156608769e+04 1.500663793367556354e+04 1.128782287017048111e+04 9.084364372584986995e+03 7.552694851001599091e+03 6.100292711545151178e+03 4.783711602133791530e+03 3.696710865890759123e+03 3.030814431856280862e+03 2.754254333653011599e+03 2.650477679543313116e+03 2.560827503456212071e+03 2.397194009474437735e+03 2.114757179298436313e+03 1.793650699782728225e+03 1.552897887017662924e+03 1.466482851608374403e+03 1.512032670631027713e+03 1.620720282886110908e+03 1.650893747079510376e+03 2.229975384224833761e+03 5.971389149652325614e+03 1.764478910033929651e+03 1.097752857870014395e+03 1.107930691889081118e+03 1.126859061260629232e+03 1.084978266926007109e+03 6.361654977355356095e+04 1.603253546888524434e+05 1.395023741961960332e+05 9.085933736657531699e+04 5.910085869481633563e+04 4.385934746597356570e+04 3.542977073045840370e+04 2.818634173272440967e+04 2.095071342469323281e+04 1.524490039933360458e+04 1.163030075848003253e+04 9.846672781474113435e+03 9.004244057950338174e+03 8.180394015997422684e+03 7.067633589389134613e+03 5.862228058486944064e+03 4.859261345946772053e+03 4.220375318499562127e+03 3.864114356682439848e+03 3.632638028864072112e+03 3.371898700465085312e+03 3.049831607863124191e+03 2.699297746130926498e+03 2.291731603925919444e+03 2.114244216613517892e+03 1.774278790604555979e+03 1.861934623647958233e+03 1.918010574410458275e+03 1.949329422290100638e+03 1.925334269213577045e+03
-1.100801111068409227e+04 -2.226913198170291435e+04 -4.965224366608030323e+03 6.376515586693389196e+03 8.820913813070772449e+03 8.636175602387451363e+03 8.129984121456463981e+03 7.315747189044152037e+03 6.018391834211808600e+03 4.659756480621219453e+03 3.558008508679146871e+03 2.962586275415230375e+03 2.836745332480547404e+03 2.849493834655035698e+03 2.726590564162532701e+03 2.407093746976722286e+03 1.999563114751506419e+03 1.692622685031552919e+03 1.555805418780637865e+03 1.557615589743864348e+03 1.568012768285293987e+03 1.493906314397563165e+03 1.382348877306919803e+03 1.262140633526271358e+03 1.764478910033929651e+03 5.120993749689811921e+03 1.605400214190055976e+03 1.047251416940721356e+03 9.740192638380011658e+02 8.732293775182758964e+02 3.173821510584317002e+04 8.467439927608727885e+04 8.680896990825189278e+04 6.570369878986119875e+04 4.784129766302282951e+04 3.843733166528653237e+04 3.278385532164345932e+04 2.676145554387478114e+04 1.991577419559784903e+04 1.431887306303159312e+04 1.078558719587066298e+04 9.111524281038040499e+03 8.438324721000233694e+03 7.792126861707822172e+03 6.761592481823032358e+03 5.530353060744828326e+03 4.476433578188523825e+03 3.841969029203786249e+03 3.553785798532529952e+03 3.410395075402168914e+03 3.175564476068819204e+03 2.805602240971965330e+03 2.392183336212854556e+03 2.036702898406310396e+03 1.696976927172764135e+03 1.552473763736360070e+03 1.457334054213758463e+03 1.571652637631746529e+03 1.556836296789213065e+03 1.499854330119335600e+03
