4.601664635301500559e+07 1.937071676945386920e+06 1.181350649168243544e+05 5.455719306498493825e+04 2.630662821003821591e+04 2.161931408444116096e+04 1.914727523995534284e+04 1.762067817848580307e+04 1.574040791877454649e+04 1.323226403133380882e+04 1.074109563192043061e+04 8.902656228395060680e+03 8.015929439856496174e+03 7.693670290727177417e+03 7.373153495903913608e+03 6.723234884762427100e+03 5.733492167498825438e+03 4.808300072051815732e+03 4.225501182243577205e+03 3.991879720589809040e+03 3.972099957356747382e+03 3.829581438992958283e+03 3.503217066469735983e+03 3.055650332978062579e+03 2.662659319149543080e+03 2.436717795265564746e+03 2.373336979976854309e+03 2.343279345198210649e+03 2.251735526701037088e+03 2.068134990611365083e+03 1.294936599489083886e+07 4.194423363889678149e+05 -5.592101793521481159e+04 9.902961720879463883e+02 2.224235923092190933e+04 1.793274551344020438e+04 1.568583105999721738e+04 1.468009367422911237e+04 1.361898637070872792e+04 1.173595755415908206e+04 9.468625303833287035e+03 7.495138314855663339e+03 6.499989140050160131e+03 6.327188323187066999e+03 6.369553675627677876e+03 6.084698884942554287e+03 5.215160726112504562e+03 4.192365593631233423e+03 3.482083940692851684e+03 3.219236365410550661e+03 3.364507712864848145e+03 3.419773166953988948e+03 3.215494175530072425e+03 2.757963955511116183e+03 2.283017341894428228e+03 2.001028743165833703e+03 1.974294183848151761e+03 2.038795820849359643e+03 2.036520905623335238e+03 1.883278238430199963e+03
1.937071676945386920e+06 1.033146167768268473e+07 5.519591463710238459e+05 7.484984016309073195e+04 4.456468913934064767e+04 2.879408161831543839e+04 2.494579240602485515e+04 2.282233335235725099e+04 2.102243055754445595e+04 1.837496390464777505e+04 1.517769826929612100e+04 1.230560490266177294e+04 1.061106718635023572e+04 1.006556027927109972e+04 9.928268359614525252e+03 9.438623468279351073e+03 8.258986734613001317e+03 6.807473549256970728e+03 5.721032075742036795e+03 5.245127660017007656e+03 5.297665526644925194e+03 5.332119723386342230e+03 5.026068751407410673e+03 4.394800615706990357e+03 3.711343198187539201e+03 3.272017098393792821e+03 3.165787387568215763e+03 3.212526982095833773e+03 3.184785637084344216e+03 2.969746668153804421e+03 7.717069419402952772e+05 4.459476065399086103e+06 1.716051802371935337e+05 5.393039820606471039e+03 2.300964777897526801e+04 2.742831568575296842e+04 2.355526042456863797e+04 2.180448924133658147e+04 2.082390400838427740e+04 1.878079502897334896e+04 1.558183270064536919e+04 1.218396773299886991e+04 1.001834943986495637e+04 9.497123140031535513e+03 9.823447168170103396e+03 9.839489508200736964e+03 8.761505115333158756e+03 6.993303678527578086e+03 5.515358525393579839e+03 4.866835597348524061e+03 5.120752461180076352e+03 5.481817103237779520e+03 5.357480424108331135e+03 4.652173014557580245e+03 3.735843846179831417e+03 3.114339902071913002e+03 3.016091271558260360e+03 3.212337645059842998e+03 3.334499710135426085e+03 3.156119421946791135e+03
1.181350649168243544e+05 5.519591463710238459e+05 3.486417502263018396e+06 2.248293824764693854e+05 4.586695897435580264e+04 3.146012271936468824e+04 2.327806805054520373e+04 2.069577548346606636e+04 1.873924180930241710e+04 1.662442880274410709e+04 1.415783610004414913e+04 1.181622568214933199e+04 1.015184022452413046e+04 9.308968512403935165e+03 8.903820024970311351e+03 8.400969608595829413e+03 7.518953404636454252e+03 6.416494881884275856e+03 5.487423617036894939e+03 4.974237283856453359e+03 4.826943664939053633e+03 4.755976474525727099e+03 4.499585816929860812e+03 4.027004544883716335e+03 3.498997593112146205e+03 3.113104437873071220e+03 2.947242324637379170e+03 2.911361660802260303e+03 2.852310758030905163e+03 2.683260626558087552e+03 3.637481411236427084e+04 2.839595149712470593e+05 1.441949831896334421e+06 7.037377782896652934e+04 1.481810412999862820e+04 1.949040186093613738e+04 2.061400544238651491e+04 1.868181387451665796e+04 1.745760193606765824e+04 1.597194302298268121e+04 1.374082824147753672e+04 1.125316387578911417e+04 9.364767083485998228e+03 8.537500736324596801e+03 8.431907502189249499e+03 8.289449418892936592e+03 7.558575945729700834e+03 6.331723654127645204e+03 5.176088189022229926e+03 4.554822368070519587e+03 4.512626752662634317e+03 4.658800855416728155e+03 4.551581915483584453e+03 4.067810768612471293e+03 3.414314380852107206e+03 2.915052704155207721e+03 2.743660628485404231e+03 2.800099863217198617e+03 2.846538944370648096e+03 2.720858674468759091e+03
5.455719306498493825e+04 7.484984016309073195e+04 2.248293824764693854e+05 1.469480007523339242e+06 1.130983909828361357e+05 3.002663330212838628e+04 2.218396624519061152e+04 1.730429423190328089e+04 1.533012044666987822e+04 1.363158056143475733e+04 1.193681794037903092e+04 1.027392785831921537e+04 8.889111138761632901e+03 7.928442003017875322e+03 7.308644602646917519e+03 6.786192991943088600e+03 6.169081942277660346e+03 5.456301999950999743e+03 4.790512302298293434e+03 4.312024220425046224e+03 4.036805812090301515e+03 3.852491150395956538e+03 3.632532175301847019e+03 3.324907580668634637e+03 2.982413427848519859e+03 2.694004286049460461e+03 2.508936728162120744e+03 2.403155691797491272e+03 2.311253581066369406e+03 2.182726511538143313e+03 2.184301355402327317e+04 3.970383825404882373e+04 1.041977193876798119e+05 4.877343104193994077e+05 3.581338847051083576e+04 1.110898760856711669e+04 1.302180328533987631e+04 1.366512598906647327e+04 1.252636455445747561e+04 1.149313990112178726e+04 1.026863230462281354e+04 8.849119409436447313e+03 7.570391370479984289e+03 6.719044598526119444e+03 6.289843394585463102e+03 5.998118468551370825e+03 5.549456317230817149e+03 4.888650838205046057e+03 4.197665993552346663e+03 3.706042964873924575e+03 3.490238080287509547e+03 3.418785870151730705e+03 3.302048071997156512e+03 3.035993061529252373e+03 2.677475273992100483e+03 2.361276543760594450e+03 2.181359932501815820e+03 2.121664476254083638e+03 2.089803488145835217e+03 2.001520687875528893e+03
2.630662821003821591e+04 4.456468913934064767e+04 4.586695897435580264e+04 1.130983909828361357e+05 7.580242334161241306e+05 6.810742099469965615e+04 2.135142835052011651e+04 1.636683470851628590e+04 1.310188868250831183e+04 1.159730329153414459e+04 1.029491373300458508e+04 9.064790072620220599e+03 7.924539139485783380e+03 6.980753021316155355e+03 6.273895510467227723e+03 5.736748269918043661e+03 5.251017987569412071e+03 4.750021816804552145e+03 4.252093644568607488e+03 3.821794374747233633e+03 3.500606953710484959e+03 3.266680823593981586e+03 3.062136536097601038e+03 2.841971759755023413e+03 2.602588229885862347e+03 2.376475263462617477e+03 2.194860835823509660e+03 2.061753654369833384e+03 1.955439107668593351e+03 1.848485201007497380e+03 1.457806300590495994e+04 2.861287599846619923e+04 2.462664446929538826e+04 4.919723319523237296e+04 2.064308950195169891e+05 2.043608239603570109e+04 7.686593630693856539e+03 8.776387160386788310e+03 9.187509496951213805e+03 8.463970687107961567e+03 7.768255606805587377e+03 6.992620379391955794e+03 6.162780650289460027e+03 5.434968142498528323e+03 4.912010283812200214e+03 4.558115816902560255e+03 4.241045000645921391e+03 3.866368811063171052e+03 3.446550624192829673e+03 3.068593302331201357e+03 2.805222551880483479e+03 2.645253125516505861e+03 2.517833194867131169e+03 2.357705050536457748e+03 2.152347552600327617e+03 1.944452911681023579e+03 1.782859369128225353e+03 1.681170751876097256e+03 1.613851808877951271e+03 1.541747615001566373e+03
2.161931408444116096e+04 2.879408161831543839e+04 3.146012271936468824e+04 3.002663330212838628e+04 6.810742099469965615e+04 4.681297154668779112e+05 4.657651169635806582e+04 1.641678045262546220e+04 1.292655692354644634e+04 1.055100519687467204e+04 9.373327510274084489e+03 8.364275502266151307e+03 7.423903528541977721e+03 6.552887811322472771e+03 5.815757595845298056e+03 5.237197876613634435e+03 4.777916673031912069e+03 4.368695412660710645e+03 3.968298511728427457e+03 3.586412971805663801e+03 3.254954408155441342e+03 2.991469974054248269e+03 2.781172989989502184e+03 2.592331081379165425e+03 2.403527366633656129e+03 2.214903635765563649e+03 2.042679685885226718e+03 1.899278506448639064e+03 1.783359418327859203e+03 1.682435866277383866e+03 1.141790911799452988e+04 2.100354069921351766e+04 1.874641303325301124e+04 1.343578273330499360e+04 2.468557101428660098e+04 1.170822021739398479e+05 1.400136779781098812e+04 5.764456507872753718e+03 6.456032761414920969e+03 6.741963199624835397e+03 6.289023255658384187e+03 5.843057494749480611e+03 5.326074365568929352e+03 4.758475733547706113e+03 4.245933959977270206e+03 3.855441821463419728e+03 3.567591857516845266e+03 3.309039289567937885e+03 3.028545670532006170e+03 2.736265429031070198e+03 2.476652846688852605e+03 2.280765678627788475e+03 2.138299628549818408e+03 2.012443542089753009e+03 1.875182406191416703e+03 1.725309468250574810e+03 1.584431878230428083e+03 1.471337122247249226e+03 1.387242642493026324e+03 1.317556877081923176e+03
1.914727523995534284e+04 2.494579240602485515e+04 2.327806805054520373e+04 2.218396624519061152e+04 2.135142835052011651e+04 4.657651169635806582e+04 3.176508707137350575e+05 3.398620629628647293e+04 1.320898856725081350e+04 1.060611515004486319e+04 8.799741377678561548e+03 7.884147399048530133e+03 7.091100529137909689e+03 6.332859666723505143e+03 5.616282113492328790e+03 5.000816731604536471e+03 4.514343349025717544e+03 4.128693229711336244e+03 3.787164845381344094e+03 3.456614116774604554e+03 3.140348018030084859e+03 2.861104046439373633e+03 2.632801056698911452e+03 2.446177350840014697e+03 2.280102738748400952e+03 2.119312805648860376e+03 1.962375353815781409e+03 1.818453145104253053e+03 1.694974693137700115e+03 1.590905142548908316e+03 9.868286919925600159e+03 1.773281342272740585e+04 1.560455775379843726e+04 1.102350677770409311e+04 7.930748824360562139e+03 1.549270102377614421e+04 7.098539336386564537e+04 9.017709582855353801e+03 4.535782798684791487e+03 5.003819003864595288e+03 5.246461235192602544e+03 4.976575670286076274e+03 4.680363937656224152e+03 4.299710674224150353e+03 3.867053706279909875e+03 3.472847177495735195e+03 3.170953633812554472e+03 2.945734684767649014e+03 2.741254679526673044e+03 2.522816908237121424e+03 2.296758294594940253e+03 2.093025041552918537e+03 1.932598051974774307e+03 1.808840654691425016e+03 1.699270429518106766e+03 1.586722708819539321e+03 1.469772858088225803e+03 1.360027494445470893e+03 1.267887176087981061e+03 1.194006211432813870e+03
1.762067817848580307e+04 2.282233335235725099e+04 2.069577548346606636e+04 1.730429423190328089e+04 1.636683470851628590e+04 1.641678045262546220e+04 3.398620629628647293e+04 2.249753448552339396e+05 2.565419559891525569e+04 1.071024589374357311e+04 8.755403438953439036e+03 7.395771638295843331e+03 6.684622527234707377e+03 6.035579191593799806e+03 5.397550641875586734e+03 4.796660258178577351e+03 4.289813672841741209e+03 3.894668584429845396e+03 3.578104494654167411e+03 3.292347628469573465e+03 3.011205499194766162e+03 2.741529028799944172e+03 2.503992802003821907e+03 2.309450128423674869e+03 2.149927337012028147e+03 2.007954746126235705e+03 1.870907721821702353e+03 1.737176077049618470e+03 1.613473845781618820e+03 1.505129783665281138e+03 9.608047624694587284e+03 1.666807416341172211e+04 1.412946906107050017e+04 9.918828592572857815e+03 6.833389346898209624e+03 5.448920574606319860e+03 9.960591468806193006e+03 4.211133942530619970e+04 6.229807284425966827e+03 3.460720585156132074e+03 3.838180318609378446e+03 4.089410190961327316e+03 3.940976474238563242e+03 3.733097617667451232e+03 3.440964831508767020e+03 3.109107922262591273e+03 2.814311289396416214e+03 2.592828192130083153e+03 2.423864310321474932e+03 2.265003667739908451e+03 2.091386293230070805e+03 1.911423814280005445e+03 1.749309266188317451e+03 1.620210048911132844e+03 1.519224962958302967e+03 1.429790244267387152e+03 1.339050847066339884e+03 1.245420377393469607e+03 1.156991841998245945e+03 1.081289149134652689e+03
1.574040791877454649e+04 2.102243055754445595e+04 1.873924180930241710e+04 1.533012044666987822e+04 1.310188868250831183e+04 1.292655692354644634e+04 1.320898856725081350e+04 2.565419559891525569e+04 1.632159365432010673e+05 1.978397162433681660e+04 8.690153694637796434e+03 7.236424765574613048e+03 6.193187351366999792e+03 5.611107052074099556e+03 5.062279428978053147e+03 4.530774162096080545e+03 4.047063165661977109e+03 3.647839662723577021e+03 3.332094325443466914e+03 3.069345731533529033e+03 2.824048131446771549e+03 2.583456005087550693e+03 2.357631642229120644e+03 2.162043067998803053e+03 2.002173607997662202e+03 1.868933313526564689e+03 1.747723721154968871e+03 1.629354200548031258e+03 1.513508208258017248e+03 1.405227204195010472e+03 9.440587668295207550e+03 1.651409963278282521e+04 1.350098633912093646e+04 9.103576722602936570e+03 6.353016565115147387e+03 4.791859997695803031e+03 4.014575015973517111e+03 6.525631572847340067e+03 2.479595782855367725e+04 4.535687911645167333e+03 2.490652422063864378e+03 2.844640442067617187e+03 3.102661846530570529e+03 3.019816242112344753e+03 2.868364315270381212e+03 2.652807165430952409e+03 2.418417124918066293e+03 2.217775231096096377e+03 2.065143645130478944e+03 1.941332959167779563e+03 1.816179722124582213e+03 1.678509799227974327e+03 1.539481235909137013e+03 1.416970496180163082e+03 1.319964848439804427e+03 1.242474765629680178e+03 1.171590079022350437e+03 1.098720851675251197e+03 1.024111871180443359e+03 9.541472619776991451e+02
1.323226403133380882e+04 1.837496390464777505e+04 1.662442880274410709e+04 1.363158056143475733e+04 1.159730329153414459e+04 1.055100519687467204e+04 1.060611515004486319e+04 1.071024589374357311e+04 1.978397162433681660e+04 1.220981481723572069e+05 1.555776492786691415e+04 7.183762343911643256e+03 6.055716274328338841e+03 5.210666829376876194e+03 4.718114001789958820e+03 4.259742410692271733e+03 3.831041390720789423e+03 3.449098870698502196e+03 3.129522228718714359e+03 2.867350029751337388e+03 2.640252859120505491e+03 2.427940062617311014e+03 2.225282738816827987e+03 2.039767210825645634e+03 1.880264725806056958e+03 1.747352120542343982e+03 1.632294802827848571e+03 1.524370527944611695e+03 1.417759643891411088e+03 1.312464771052142623e+03 8.363734634123593423e+03 1.524167786322690154e+04 1.261310790547374199e+04 8.454406755443593283e+03 5.806345418095555942e+03 4.516040381378508755e+03 3.595549853291145155e+03 2.878574730190136506e+03 4.358421077727078227e+03 1.522181774577983197e+04 2.952691755817189915e+03 1.778435941606364850e+03 2.099707241691779018e+03 2.338342314740432812e+03 2.287780561300134650e+03 2.182628772990836296e+03 2.038448245707751994e+03 1.886324990403577885e+03 1.753369354148107277e+03 1.645398954529741786e+03 1.548584658357779517e+03 1.448199812401278905e+03 1.341967804996469567e+03 1.238886943427000460e+03 1.149682567508927150e+03 1.077558374382547754e+03 1.016611580758766536e+03 9.583474771023495578e+02 8.984505200744522426e+02 8.381124315723543532e+02
1.074109563192043061e+04 1.517769826929612100e+04 1.415783610004414913e+04 1.193681794037903092e+04 1.029491373300458508e+04 9.373327510274084489e+03 8.799741377678561548e+03 8.755403438953439036e+03 8.690153694637796434e+03 1.555776492786691415e+04 9.566450255461785127e+04 1.269558623332052957e+04 6.103552390634165931e+03 5.177479758869161742e+03 4.471947330566648816e+03 4.056020257601557205e+03 3.677905612319922056e+03 3.329347050747798221e+03 3.015220344822879269e+03 2.745481616537330410e+03 2.517157621853683850e+03 2.318050829017743581e+03 2.135533928215900232e+03 1.965075144353515952e+03 1.809879092337096381e+03 1.673790218657991318e+03 1.555703032904772954e+03 1.449078095690678310e+03 1.346410787945383163e+03 1.243220462071217298e+03 6.636688877748698360e+03 1.258210504541536284e+04 1.084728927358707733e+04 7.582806747544250356e+03 5.332675202411321152e+03 4.147000254776483416e+03 3.449834848479717493e+03 2.643038283054388558e+03 1.927909351902012077e+03 2.962845874306324731e+03 1.075775664044118457e+04 2.334332547150110258e+03 1.324271024756460065e+03 1.604532691894868549e+03 1.813412933735545039e+03 1.786053163874040365e+03 1.722389734778789489e+03 1.632389556656983814e+03 1.530965533591540407e+03 1.435262922405243216e+03 1.350031473830458253e+03 1.271036499714729644e+03 1.191929607526573363e+03 1.111553031537149991e+03 1.034642516856815746e+03 9.664170858115520559e+02 9.079714832115081435e+02 8.556583332615183508e+02 8.047151205464874693e+02 7.527055715050530580e+02
8.902656228395060680e+03 1.230560490266177294e+04 1.181622568214933199e+04 1.027392785831921537e+04 9.064790072620220599e+03 8.364275502266151307e+03 7.884147399048530133e+03 7.395771638295843331e+03 7.236424765574613048e+03 7.183762343911643256e+03 1.269558623332052957e+04 7.799505190620876965e+04 1.074682436506530757e+04 5.320312576572832768e+03 4.540055116852021456e+03 3.940692836254415852e+03 3.588541758511195894e+03 3.271558046830890817e+03 2.976515291798319595e+03 2.705648223886430060e+03 2.467839144387116903e+03 2.265250202755748887e+03 2.090462661459908759e+03 1.932251903622513510e+03 1.784274155275597195e+03 1.646517741054841508e+03 1.521058297425404817e+03 1.407467897019199427e+03 1.301119759520514435e+03 1.195752992177995566e+03 4.944233737906482929e+03 9.489726881274849802e+03 8.664633911519904359e+03 6.442358083249187985e+03 4.779189838702412089e+03 3.837745314152431092e+03 3.214819984658847716e+03 2.614051903019116253e+03 1.833636966132244197e+03 1.262743449651295123e+03 2.188880497022413238e+03 7.600654808976945787e+03 1.707187979924566662e+03 1.056791920049754253e+03 1.299038175195700205e+03 1.480493362164515929e+03 1.473391275349394164e+03 1.439890425668523221e+03 1.380650579649827932e+03 1.304906893517882054e+03 1.226876561094086128e+03 1.155725469575815623e+03 1.091741253142080268e+03 1.029807165523395724e+03 9.669215105077070120e+02 9.045459661376626173e+02 8.460748055306603419e+02 7.933038613954797711e+02 7.446395863422852699e+02 6.967534503500341998e+02
8.015929439856496174e+03 1.061106718635023572e+04 1.015184022452413046e+04 8.889111138761632901e+03 7.924539139485783380e+03 7.423903528541977721e+03 7.091100529137909689e+03 6.684622527234707377e+03 6.193187351366999792e+03 6.055716274328338841e+03 6.103552390634165931e+03 1.074682436506530757e+04 6.486905531846829399e+04 9.219371552906530269e+03 4.705372033015259149e+03 4.037766276801303320e+03 3.526674116552575470e+03 3.227732727644591705e+03 2.956572055258442560e+03 2.699780465856527371e+03 2.459485702871674221e+03 2.247282298390618507e+03 2.067396603997813600e+03 1.912836667224126813e+03 1.771692610437110034e+03 1.636211197165672502e+03 1.505452682232062216e+03 1.381666432526347535e+03 1.265188514164288335e+03 1.152007586392040594e+03 4.127706657756693858e+03 7.528036560414397172e+03 6.995131985184543737e+03 5.385497257038690805e+03 4.153271946751996438e+03 3.479298700274228850e+03 3.008342617058438918e+03 2.474864913583028738e+03 1.877814827702385628e+03 1.246906658129277957e+03 8.801387507214069501e+02 1.567538875029791143e+03 5.301203012954534643e+03 1.189990775899216260e+03 8.798353452563721930e+02 1.087120069658361444e+03 1.248685018330336788e+03 1.258262199342109625e+03 1.243017425792942049e+03 1.200482510826151156e+03 1.138226761354663722e+03 1.072453873361896967e+03 1.013929466142057890e+03 9.628451503617727667e+02 9.130566936939903826e+02 8.600395218025269060e+02 8.043837623263574415e+02 7.497673825552867584e+02 6.988278318571249201e+02 6.506095699852239704e+02
7.693670290727177417e+03 1.006556027927109972e+04 9.308968512403935165e+03 7.928442003017875322e+03 6.980753021316155355e+03 6.552887811322472771e+03 6.332859666723505143e+03 6.035579191593799806e+03 5.611107052074099556e+03 5.210666829376876194e+03 5.177479758869161742e+03 5.320312576572832768e+03 9.219371552906530269e+03 5.465942230045001634e+04 8.010590748266246010e+03 4.168334957238503193e+03 3.599840453546034041e+03 3.166079455858801339e+03 2.911511690712062773e+03 2.676271369007360590e+03 2.448943246410968186e+03 2.234820267312557462e+03 2.046011492870077518e+03 1.885647236064783328e+03 1.745683024075517096e+03 1.613751536252875439e+03 1.482278852048280896e+03 1.350820646773401222e+03 1.221929029864225413e+03 1.095844576551743785e+03 4.167280876289138178e+03 7.232844621696664035e+03 6.384450137894375985e+03 4.736023406768759742e+03 3.609914588532024936e+03 3.069697317200713769e+03 2.743882209496063751e+03 2.326914377527924898e+03 1.790810765743594857e+03 1.313283830659621117e+03 8.854535761443510182e+02 6.707507158002454162e+02 1.265551927009807059e+03 3.071399044094237070e+03 9.222068888993999281e+02 7.198741017552561061e+02 9.009934461306929734e+02 1.051707569054504120e+03 1.073390920969869057e+03 1.069450379843321116e+03 1.037099712025247072e+03 9.860427624066044245e+02 9.326528650121331339e+02 8.861533666700674985e+02 8.452064644082997802e+02 8.028433609758526472e+02 7.545926784011581958e+02 7.015956923534679390e+02 6.479512379891779119e+02 5.962435330977384638e+02
7.373153495903913608e+03 9.928268359614525252e+03 8.903820024970311351e+03 7.308644602646917519e+03 6.273895510467227723e+03 5.815757595845298056e+03 5.616282113492328790e+03 5.397550641875586734e+03 5.062279428978053147e+03 4.718114001789958820e+03 4.471947330566648816e+03 4.540055116852021456e+03 4.705372033015259149e+03 8.010590748266246010e+03 4.630733782103215344e+04 6.950621511174613261e+03 3.689150597124835258e+03 3.209474359666680812e+03 2.840269801094611466e+03 2.620621195221079688e+03 2.412739476158617435e+03 2.210099997754306969e+03 2.019256240939310374e+03 1.850106026466345611e+03 1.703431258001229935e+03 1.570274958395322301e+03 1.439127312283317451e+03 1.303807056936751451e+03 1.164522166200661104e+03 1.023413565108175817e+03 4.482110930927145091e+03 7.835093617424126023e+03 6.520821545895874806e+03 4.508472694888113438e+03 3.256748838450918356e+03 2.702510937363098947e+03 2.430850478842257871e+03 2.119605536894976467e+03 1.678731246212515998e+03 1.249955963111261553e+03 9.477280814261519026e+02 6.842180640631913775e+02 5.395496811582884220e+02 9.080137321903904422e+02 2.170918143250371031e+03 7.683529914827458924e+02 5.616141566480577012e+02 7.245026350345619903e+02 8.707429565975357946e+02 8.997825428994144659e+02 9.019301652020124038e+02 8.778024118346431806e+02 8.380813096961250039e+02 7.966498869784095405e+02 7.598875070881383635e+02 7.249400724640139515e+02 6.853084432361214340e+02 6.378492937181321167e+02 5.845006923030260850e+02 5.290510916334470721e+02
6.723234884762427100e+03 9.438623468279351073e+03 8.400969608595829413e+03 6.786192991943088600e+03 5.736748269918043661e+03 5.237197876613634435e+03 5.000816731604536471e+03 4.796660258178577351e+03 4.530774162096080545e+03 4.259742410692271733e+03 4.056020257601557205e+03 3.940692836254415852e+03 4.037766276801303320e+03 4.168334957238503193e+03 6.950621511174613261e+03 3.963980392491834937e+04 6.075893649390751307e+03 3.283632576615731523e+03 2.874195848448630841e+03 2.554175711240814962e+03 2.359069902508149426e+03 2.171943548073948477e+03 1.989181201420282605e+03 1.815965496584568200e+03 1.658972828868124225e+03 1.516845382587003087e+03 1.380987235189644707e+03 1.241823301515164758e+03 1.094634033905419074e+03 9.395593928266241619e+02 4.470693522406982993e+03 8.124591184319938293e+03 6.616023642313594792e+03 4.410406398663230902e+03 3.059336149625454709e+03 2.442110295443972063e+03 2.146701218448890359e+03 1.876525773940458521e+03 1.523334556576192881e+03 1.167735990305108317e+03 9.003651783476311721e+02 7.405376416179589114e+02 5.536010352876371599e+02 4.112454621306376339e+02 6.666592573113846356e+02 1.725653770067229516e+03 6.617398052610733430e+02 4.196307528905169306e+02 5.769609418618622385e+02 7.146190949817566889e+02 7.451167597863309311e+02 7.503384270653946260e+02 7.333620067333032466e+02 7.033142321222792361e+02 6.704597965978379079e+02 6.383338808596658964e+02 6.038448195239991492e+02 5.621935721172087597e+02 5.117893912467460495e+02 4.546362938799323956e+02
5.733492167498825438e+03 8.258986734613001317e+03 7.518953404636454252e+03 6.169081942277660346e+03 5.251017987569412071e+03 4.777916673031912069e+03 4.514343349025717544e+03 4.289813672841741209e+03 4.047063165661977109e+03 3.831041390720789423e+03 3.677905612319922056e+03 3.588541758511195894e+03 3.526674116552575470e+03 3.599840453546034041e+03 3.689150597124835258e+03 6.075893649390751307e+03 3.437385751253366470e+04 5.379324541551736729e+03 2.956259352943259728e+03 2.597345886646449799e+03 2.311831256748238957e+03 2.133055625590568525e+03 1.960313580604133676e+03 1.790052943877042708e+03 1.625142654697910757e+03 1.469540555901918651e+03 1.321246424602266416e+03 1.173097638249704687e+03 1.017311503037313742e+03 8.497284080623398950e+02 3.804834987306197945e+03 7.255087245994707700e+03 6.076668044180896686e+03 4.127784337379342105e+03 2.882199250837668842e+03 2.271293201723809034e+03 1.943170454348679868e+03 1.663790287152639849e+03 1.353030808988095941e+03 1.064029891317632973e+03 8.466892609020535474e+02 7.081771065448153877e+02 6.083895408706798662e+02 4.330234044998610443e+02 2.852010471807307681e+02 4.900688318183266006e+02 1.303986173763681109e+03 3.696374791719126165e+02 3.231120517214437768e+02 4.689529771913831837e+02 5.920012289580445213e+02 6.204162929214724045e+02 6.269968651969771827e+02 6.144897123025382371e+02 5.893976059825600942e+02 5.587140239634991303e+02 5.247332283056850883e+02 4.854236896843952991e+02 4.376927225615181669e+02 3.805459915214838134e+02
4.808300072051815732e+03 6.807473549256970728e+03 6.416494881884275856e+03 5.456301999950999743e+03 4.750021816804552145e+03 4.368695412660710645e+03 4.128693229711336244e+03 3.894668584429845396e+03 3.647839662723577021e+03 3.449098870698502196e+03 3.329347050747798221e+03 3.271558046830890817e+03 3.227732727644591705e+03 3.166079455858801339e+03 3.209474359666680812e+03 3.283632576615731523e+03 5.379324541551736729e+03 3.023925234737518622e+04 4.838876091883820663e+03 2.689638437565166896e+03 2.365524892574132537e+03 2.103133545609971407e+03 1.933752555320097372e+03 1.767609337697998399e+03 1.600140732295292992e+03 1.432346213469762688e+03 1.267050910202462092e+03 1.102786445248630571e+03 9.336916187551669282e+02 7.527959147934770954e+02 2.903244190178924327e+03 5.618229431730827855e+03 4.983729089969230699e+03 3.597689021152260921e+03 2.629180023269511366e+03 2.120377712463107400e+03 1.809346006419967125e+03 1.518192839476465451e+03 1.214043323965884611e+03 9.583160697527544016e+02 7.835422173924381468e+02 6.763547481667203556e+02 5.905149018401340300e+02 4.927559636513078090e+02 3.160728174173676734e+02 1.804546718630472242e+02 3.702337332708488020e+02 4.306505839053418185e+02 3.104657748492826386e+02 2.629791316396051002e+02 3.890536297223578117e+02 4.985567105402822676e+02 5.233432175370812729e+02 5.287726145999765777e+02 5.161051150035730188e+02 4.895361552621571946e+02 4.545025518801141970e+02 4.134741013140155701e+02 3.654878105853873649e+02 3.081172658466567782e+02
4.225501182243577205e+03 5.721032075742036795e+03 5.487423617036894939e+03 4.790512302298293434e+03 4.252093644568607488e+03 3.968298511728427457e+03 3.787164845381344094e+03 3.578104494654167411e+03 3.332094325443466914e+03 3.129522228718714359e+03 3.015220344822879269e+03 2.976515291798319595e+03 2.956572055258442560e+03 2.911511690712062773e+03 2.840269801094611466e+03 2.874195848448630841e+03 2.956259352943259728e+03 4.838876091883820663e+03 2.686721578479908931e+04 4.363968878698895423e+03 2.453575128200775453e+03 2.153959324683250998e+03 1.905761757766067831e+03 1.738260029991682586e+03 1.569704157148084960e+03 1.394696912560160399e+03 1.213545643182824051e+03 1.029033607433485940e+03 8.402736862184417532e+02 6.419484053497935747e+02 2.269627258195178911e+03 4.227792389988801006e+03 3.924525468223234839e+03 3.009752939982397038e+03 2.313837161977555297e+03 1.938891278379104733e+03 1.692516310996355514e+03 1.422851336475452172e+03 1.121472134917708900e+03 8.730855017160818079e+02 7.167795284964540770e+02 6.351841739853708759e+02 5.721405155907148128e+02 4.868456999083743995e+02 3.801091633722087408e+02 2.181632105947163041e+02 1.123726529984085118e+02 2.387151079830256322e+02 1.402568086998501258e+02 2.515997848567200776e+02 2.113461723305437658e+02 3.233792426538157088e+02 4.190699216394024234e+02 4.383262304082306287e+02 4.390727675756006079e+02 4.211455498882409074e+02 3.876262513746696641e+02 3.436342878026058543e+02 2.920024658305028424e+02 2.320960165675404596e+02
3.991879720589809040e+03 5.245127660017007656e+03 4.974237283856453359e+03 4.312024220425046224e+03 3.821794374747233633e+03 3.586412971805663801e+03 3.456614116774604554e+03 3.292347628469573465e+03 3.069345731533529033e+03 2.867350029751337388e+03 2.745481616537330410e+03 2.705648223886430060e+03 2.699780465856527371e+03 2.676271369007360590e+03 2.620621195221079688e+03 2.554175711240814962e+03 2.597345886646449799e+03 2.689638437565166896e+03 4.363968878698895423e+03 2.406550135650165612e+04 3.915982414702545611e+03 2.222451206361117329e+03 1.937418915774196421e+03 1.695325394903879669e+03 1.521264003771077341e+03 1.340828478766306034e+03 1.148584353417566945e+03 9.449485746874685219e+02 7.327889246588088099e+02 5.112896893546595152e+02 2.084089092029753829e+03 3.665814511060586483e+03 3.392701559984347114e+03 2.609072526744254901e+03 2.027618930903386172e+03 1.736403019798543028e+03 1.557541252536262164e+03 1.337142136393926648e+03 1.058621581650612143e+03 8.142701069032621035e+02 6.593175045538528138e+02 5.861203267020214298e+02 5.418786519058060094e+02 4.770255150770716455e+02 3.823856359460952490e+02 2.823466824086335691e+02 1.513728855821896104e+02 6.928970048367798995e+01 1.628510798216119042e+02 1.039497820924222111e+02 1.445231068530343634e+02 1.598640662716068732e+02 2.570561843670559483e+02 3.371400708875502232e+02 3.482559951283460578e+02 3.404839264168587079e+02 3.129779559425314801e+02 2.685673163232874003e+02 2.123102184194785309e+02 1.469619243101233224e+02
3.972099957356747382e+03 5.297665526644925194e+03 4.826943664939053633e+03 4.036805812090301515e+03 3.500606953710484959e+03 3.254954408155441342e+03 3.140348018030084859e+03 3.011205499194766162e+03 2.824048131446771549e+03 2.640252859120505491e+03 2.517157621853683850e+03 2.467839144387116903e+03 2.459485702871674221e+03 2.448943246410968186e+03 2.412739476158617435e+03 2.359069902508149426e+03 2.311831256748238957e+03 2.365524892574132537e+03 2.453575128200775453e+03 3.915982414702545611e+03 2.153758681937216170e+04 3.531611276211985569e+03 1.976065952735691098e+03 1.696931657451650835e+03 1.450947343258608726e+03 1.261192222140816057e+03 1.059465025674944172e+03 8.409588608549706805e+02 6.063484815206425083e+02 3.582093620598334383e+02 2.329574714781851071e+03 4.024618118600415073e+03 3.448422941057543540e+03 2.482572089299486834e+03 1.847628246851813401e+03 1.556774777383061064e+03 1.407908071128113988e+03 1.233906908040542248e+03 9.948565820188255202e+02 7.682778701799006740e+02 6.144922146620975809e+02 5.387218120806269326e+02 4.999732486626034529e+02 4.524449934315052815e+02 3.766226287957960608e+02 2.869186673495453306e+02 2.095568069672353033e+02 1.068497434545382418e+02 4.107368578845375140e+01 1.185384999095393255e+02 -4.438366465806013252e+02 1.158724341385368319e+02 9.792889685976777514e+01 1.751555893985351418e+02 2.407119005700252217e+02 2.405826595253965365e+02 2.205384751785806543e+02 1.798052460365969694e+02 1.212904356448051431e+02 4.970749829772641704e+01
3.829581438992958283e+03 5.332119723386342230e+03 4.755976474525727099e+03 3.852491150395956538e+03 3.266680823593981586e+03 2.991469974054248269e+03 2.861104046439373633e+03 2.741529028799944172e+03 2.583456005087550693e+03 2.427940062617311014e+03 2.318050829017743581e+03 2.265250202755748887e+03 2.247282298390618507e+03 2.234820267312557462e+03 2.210099997754306969e+03 2.171943548073948477e+03 2.133055625590568525e+03 2.103133545609971407e+03 2.153959324683250998e+03 2.222451206361117329e+03 3.531611276211985569e+03 1.937405306582242702e+04 3.126776528811763001e+03 1.702256525679546940e+03 1.418001798011326855e+03 1.158429393358839206e+03 9.433048638940485944e+02 7.109809141239118162e+02 4.574333199533814991e+02 1.832565014373074064e+02 2.493852833404128887e+03 4.497270803380565667e+03 3.695245067795190153e+03 2.498161325238022528e+03 1.764201026221045822e+03 1.431309227319898582e+03 1.271254254525418673e+03 1.117703935557545265e+03 9.155707697327934511e+02 7.185207865487815297e+02 5.770153106747529819e+02 5.000089671273022986e+02 4.580285073427451152e+02 4.161871048250128524e+02 3.563747630272860079e+02 2.824833594038076399e+02 2.127563932700036844e+02 1.584055938801025150e+02 7.213991519063797853e+01 8.872391807879905556e+00 5.774539822917797949e+01 -7.727481101402925106e+02 3.315952302065291235e+01 1.566599997253997145e+01 7.890884250589499516e+01 1.253843682930746439e+02 1.102818758961384589e+02 7.422621081729110415e+01 1.693154243742258558e+01 -5.883010642383592881e+01
3.503217066469735983e+03 5.026068751407410673e+03 4.499585816929860812e+03 3.632532175301847019e+03 3.062136536097601038e+03 2.781172989989502184e+03 2.632801056698911452e+03 2.503992802003821907e+03 2.357631642229120644e+03 2.225282738816827987e+03 2.135533928215900232e+03 2.090462661459908759e+03 2.067396603997813600e+03 2.046011492870077518e+03 2.019256240939310374e+03 1.989181201420282605e+03 1.960313580604133676e+03 1.933752555320097372e+03 1.905761757766067831e+03 1.937418915774196421e+03 1.976065952735691098e+03 3.126776528811763001e+03 1.741870557706142426e+04 2.737484847866979180e+03 1.388522444480290915e+03 1.088927360039949690e+03 8.048602030503084279e+02 5.548213432720574474e+02 2.829436061169842560e+02 -1.442416337548575811e+01 2.384042566547908791e+03 4.469931502749557694e+03 3.677568544396851394e+03 2.460419787421288675e+03 1.706293542355437694e+03 1.351583167602083677e+03 1.169343486262202077e+03 1.011265108603126237e+03 8.290599538193287117e+02 6.600631501196751287e+02 5.390674800491310634e+02 4.694203393887751190e+02 4.250772608615234276e+02 3.809007584432925455e+02 3.269475902848740816e+02 2.664001948881153794e+02 2.085755341196586983e+02 1.590243021632458635e+02 1.152364721540167380e+02 3.196123891518093885e+01 -4.153215321970915852e+01 -6.057376983677910687e+01 -5.956525978267525261e+02 -7.264350857649120030e+01 -7.778238456882129981e+01 -3.685460356047977371e+01 -1.145328398855524021e+01 -4.525648384228487942e+01 -1.006195505509033410e+02 -1.776177689986974997e+02
3.055650332978062579e+03 4.394800615706990357e+03 4.027004544883716335e+03 3.324907580668634637e+03 2.841971759755023413e+03 2.592331081379165425e+03 2.446177350840014697e+03 2.309450128423674869e+03 2.162043067998803053e+03 2.039767210825645634e+03 1.965075144353515952e+03 1.932251903622513510e+03 1.912836667224126813e+03 1.885647236064783328e+03 1.850106026466345611e+03 1.815965496584568200e+03 1.790052943877042708e+03 1.767609337697998399e+03 1.738260029991682586e+03 1.695325394903879669e+03 1.696931657451650835e+03 1.702256525679546940e+03 2.737484847866979180e+03 1.568891675834183116e+04 2.286784938083993438e+03 1.020701724175745085e+03 6.944937987009334392e+02 3.755606706094066567e+02 8.163714408456181104e+01 -2.385611503899109493e+02 1.993919672818169829e+03 3.835708177376298408e+03 3.263567846934008230e+03 2.260614941604332216e+03 1.607842446236583783e+03 1.282551845732273705e+03 1.098003714901637977e+03 9.310682738212624372e+02 7.526534236170491567e+02 6.001448915225737437e+02 4.977643262107325199e+02 4.409618071444496081e+02 4.008807877302747329e+02 3.546143992386051877e+02 2.993417754199344927e+02 2.434963107427106479e+02 1.951520535165998353e+02 1.535263989727282024e+02 1.120254913565754578e+02 6.538969839547003460e+01 -2.574376598371572555e+01 -1.080839555557273997e+02 -1.122908418853059800e+02 -1.088157275929199841e+03 -1.652004660613091858e+02 -1.931925235813668280e+02 -1.756549609679750574e+02 -1.738647448395427375e+02 -2.294605927168725827e+02 -3.070842674700584780e+02
2.662659319149543080e+03 3.711343198187539201e+03 3.498997593112146205e+03 2.982413427848519859e+03 2.602588229885862347e+03 2.403527366633656129e+03 2.280102738748400952e+03 2.149927337012028147e+03 2.002173607997662202e+03 1.880264725806056958e+03 1.809879092337096381e+03 1.784274155275597195e+03 1.771692610437110034e+03 1.745683024075517096e+03 1.703431258001229935e+03 1.658972828868124225e+03 1.625142654697910757e+03 1.600140732295292992e+03 1.569704157148084960e+03 1.521264003771077341e+03 1.450947343258608726e+03 1.418001798011326855e+03 1.388522444480290915e+03 2.286784938083993438e+03 1.410996542377264268e+04 1.798127063576667979e+03 5.797746521465339811e+02 2.164059412209536788e+02 -1.467735661401663378e+02 -4.932758353730616818e+02 1.564774111778567203e+03 2.969843455361738052e+03 2.663119149958922208e+03 1.956465435806543610e+03 1.456647044486605864e+03 1.197407274819579015e+03 1.037098421376862234e+03 8.749106590836738633e+02 6.971088582126315032e+02 5.497024666152224199e+02 4.569435055034812763e+02 4.106517659926308284e+02 3.789415518710139850e+02 3.359591172857668653e+02 2.792209567488631023e+02 2.218513250750045813e+02 1.755616023223798265e+02 1.394588796723714950e+02 1.027750224664839607e+02 5.656703676410550941e+01 -1.422881423391735733e+00 -1.009443082912457896e+02 -1.875726843197321330e+02 -2.285511917786720915e+02 -9.879776067046507251e+02 -3.188327136352114621e+02 -3.360939466783952412e+02 -3.429345039001015039e+02 -3.680905147110217968e+02 -4.482476732132640791e+02
2.436717795265564746e+03 3.272017098393792821e+03 3.113104437873071220e+03 2.694004286049460461e+03 2.376475263462617477e+03 2.214903635765563649e+03 2.119312805648860376e+03 2.007954746126235705e+03 1.868933313526564689e+03 1.747352120542343982e+03 1.673790218657991318e+03 1.646517741054841508e+03 1.636211197165672502e+03 1.613751536252875439e+03 1.570274958395322301e+03 1.516845382587003087e+03 1.469540555901918651e+03 1.432346213469762688e+03 1.394696912560160399e+03 1.340828478766306034e+03 1.261192222140816057e+03 1.158429393358839206e+03 1.088927360039949690e+03 1.020701724175745085e+03 1.798127063576667979e+03 1.260332090188020265e+04 1.236461498674654649e+03 4.521276854472986173e+01 -3.648989346672710781e+02 -7.813895019124487362e+02 1.321979799191819438e+03 2.392107416741614543e+03 2.209755211637133016e+03 1.687594868616980875e+03 1.296901550735713045e+03 1.095300426925942247e+03 9.703234355431646918e+02 8.280050532051077425e+02 6.585361143496661498e+02 5.133500194626558368e+02 4.220239040438154916e+02 3.792637191070680274e+02 3.539713534204242364e+02 3.177085813985972891e+02 2.637345080553419621e+02 2.044240076268685016e+02 1.549735690247470927e+02 1.181368618656259173e+02 8.420711754918613678e+01 4.077774157873559346e+01 -1.815950982536925196e+01 -8.821558729677630595e+01 -1.939546961772388158e+02 -2.905126010512466337e+02 -3.431786681031759940e+02 -1.153993234151399065e+03 -4.630134376259408100e+02 -5.122943716640140792e+02 -5.482717064975498715e+02 -6.021079620294851793e+02
