1.677662696395380199e+08 1.419217953886737488e+07 4.911225531960886437e+05 -8.815232989788849954e+04 -1.371110326136202493e+05 -1.099804624038733891e+05 -1.038880773997023643e+05 -7.917378345439830446e+04 -2.984753251393393293e+04 5.713699720841219460e+03 1.263991800099324610e+04 -7.862510407292260425e+03 -2.614527815542786266e+04 -2.390106039012397378e+04 -3.492470274636757495e+03 1.922552034597464808e+04 2.276657897492932534e+04 9.346862225516229955e+03 -6.416165224310912890e+03 -1.365087212905888919e+04 -3.660678114230221581e+03 9.360527109132646729e+03 1.651365985973342322e+04 1.247991903815050318e+04 2.503004425477019140e+03 -4.858468562008882145e+03 -3.648026298630543351e+03 2.664305152285648546e+03 8.669055468649141403e+03 9.368227064934024384e+03 9.637804172190615535e+07 2.498449588441348821e+07 3.039897560899607372e+06 6.189369654137623729e+05 1.532745564601439401e+05 1.160159360474375426e+05 8.309322125799460628e+04 8.000461774155969033e+04 1.093551774965529039e+05 1.253133907955714240e+05 1.119806507630222477e+05 6.917222040283505339e+04 3.465054799071149318e+04 3.047882583729086036e+04 5.181404601355778868e+04 7.667368201303377282e+04 7.498152035738498671e+04 5.052140346412778308e+04 2.416298590906822938e+04 1.090457150504899982e+04 2.308782117475787527e+04 3.955892967753123958e+04 4.752502259162817791e+04 3.935502463233970047e+04 2.287255367830155228e+04 1.061847984270590678e+04 1.125920277406434252e+04 1.949006695894560107e+04 2.727389916215125413e+04 2.722386925884132143e+04
1.419217953886737488e+07 5.627259530718387663e+07 3.546856242468432523e+06 -7.734153056691956590e+04 -1.624057236016622628e+05 -1.927887084403451881e+05 -1.948407549906438217e+05 -1.518235904309636680e+05 -5.193826702408859273e+04 2.733973073761843989e+04 4.112383322378768935e+04 -5.508258801204479823e+03 -5.193202107716311002e+04 -5.146483411602542037e+04 -6.518969141387315176e+03 4.454790222245876794e+04 5.562992847688076290e+04 2.595699237554398132e+04 -1.221480328648537579e+04 -2.940365546885822550e+04 -9.846689911801271592e+03 2.111890862773211484e+04 3.817507004483552009e+04 3.024134435371078507e+04 7.304554364176879972e+03 -1.013370627856969804e+04 -8.827228509079766809e+03 5.577183233377621946e+03 1.954409289026865736e+04 2.211619197078736761e+04 1.035886913656458259e+07 4.293473381549589336e+07 6.882389798121215776e+06 1.389605170578576624e+06 6.034608252330548130e+05 3.201749827342079952e+05 2.319678351902780705e+05 2.141564002052519936e+05 2.717481862383456901e+05 3.119663027463003527e+05 2.811138086523425882e+05 1.843460434717845637e+05 9.849041192479850724e+04 8.206672782703870325e+04 1.284342971067465405e+05 1.837705533686089329e+05 1.841557423416801030e+05 1.293874109156308405e+05 6.562653495096077677e+04 3.419342268140995293e+04 5.665354561910645862e+04 9.573217535430236603e+04 1.145557454940092575e+05 9.749540416270257265e+04 5.939979756560253736e+04 3.031149809249668760e+04 2.933016085907658271e+04 4.783525789169609197e+04 6.568420062800805317e+04 6.681971322579937987e+04
4.911225531960886437e+05 3.546856242468432523e+06 1.580339162913637981e+07 8.922362088287994266e+05 -9.476961396486374724e+04 -1.305939445607798261e+05 -1.521649941474705993e+05 -1.190453471531797841e+05 -4.866977258105690998e+04 1.336231086675802362e+04 2.942319203989811649e+04 2.769249424454294058e+03 -2.921004641543642356e+04 -3.242516099265086086e+04 -4.412671692364347109e+03 2.935091691560817708e+04 3.998746633943896450e+04 2.295478027265684796e+04 -2.817918440935002764e+03 -1.513214301852152857e+04 -5.212972889514546296e+03 1.482062627669017820e+04 2.705416100916762662e+04 2.316425575738355110e+04 8.740019840528941131e+03 -3.197390200887338324e+03 -3.770792519143940808e+03 4.919470685626316481e+03 1.411945519260279252e+04 1.677332596075888432e+04 4.635470612715393072e+05 3.568638729595560115e+06 1.159219819676219299e+07 1.937543177135263337e+06 5.835482624221369624e+05 3.341838212091396563e+05 2.051601937336953706e+05 1.847053443406476290e+05 2.124324476887898054e+05 2.407073746405674901e+05 2.234173784651758615e+05 1.621391423349217512e+05 1.006800013378152507e+05 8.090861041442652640e+04 1.048673123915378674e+05 1.379591866395374527e+05 1.411243365181364352e+05 1.078254279963036242e+05 6.408405373773306201e+04 4.078384181878784148e+04 4.962689565655389742e+04 7.340915858294037753e+04 8.638064916299640026e+04 7.663897861507011112e+04 5.227253023693925934e+04 3.201802053045669891e+04 2.861133718275012507e+04 3.894140109917984228e+04 5.018106816367596912e+04 5.205023210510573699e+04
-8.815232989788849954e+04 -7.734153056691956590e+04 8.922362088287994266e+05 4.872690504866750911e+06 2.648973834942085086e+05 -6.914007002684750478e+04 -8.619791568531151279e+04 -7.476797284915886121e+04 -3.561862218341501284e+04 -5.585683707160844733e+02 1.299448001294013375e+04 4.455525760482471014e+03 -9.485201468049670439e+03 -1.252954924096196919e+04 -1.352777490541411680e+03 1.391123878100309048e+04 2.032736158540560791e+04 1.451668944252193978e+04 3.381949648792024163e+03 -3.070880162462180579e+03 -1.201557854141308894e+02 7.987255234384128926e+03 1.388546773601702807e+04 1.303508979647703381e+04 7.185052139414083285e+03 1.660638193819165281e+03 5.893802660030936522e+02 3.734496705566306446e+03 7.750676340688862183e+03 9.382959253921635536e+03 2.450323921297636116e+05 6.818491967418502318e+05 1.273140440975665580e+06 3.510221306855756789e+06 6.453355107832530048e+05 2.455515518503445783e+05 1.565149212525730254e+05 1.184273241873444495e+05 1.257394489039427717e+05 1.362336892329430557e+05 1.306171541499778978e+05 1.048227885436559736e+05 7.550655747891432839e+04 6.108857443128091109e+04 6.593726535771790077e+04 7.763023592492008174e+04 7.943298115329426946e+04 6.626757345720808371e+04 4.665161858947911242e+04 3.390109609911710868e+04 3.440309841062244959e+04 4.250468773663055617e+04 4.805804775529458129e+04 4.455224725769383076e+04 3.427367560578798293e+04 2.461195584947942552e+04 2.139189714799901412e+04 2.435262686640539687e+04 2.877502304592380460e+04 2.997053203604329610e+04
-1.371110326136202493e+05 -1.624057236016622628e+05 -9.476961396486374724e+04 2.648973834942085086e+05 1.793955794733071001e+06 9.544319955610999023e+04 -4.975333632371720159e+04 -4.553014940425496025e+04 -2.667999810794477526e+04 -6.197215652463888546e+03 3.633963839931097937e+03 2.699296889481414837e+03 -2.228679270664586966e+03 -3.790238261975440309e+03 2.857965470654923479e+02 6.675247933449982156e+03 1.010754996184194715e+04 8.691255685342915967e+03 4.506038913472170861e+03 1.434903504058165709e+03 1.868865043231749723e+03 4.687292083236983672e+03 7.164988025857172033e+03 7.285559106708176841e+03 5.226267491347191026e+03 2.894175857824990089e+03 2.041400501482863774e+03 2.909277591619679697e+03 4.433069509704882876e+03 5.247355798116995174e+03 1.691624952156283252e+05 4.727386421945732436e+05 4.196555833323046099e+05 4.895431057911639800e+05 1.227648129366102628e+06 2.678602118465043022e+05 1.146608137522253091e+05 8.521674220643553417e+04 7.565409108469373314e+04 7.828459823755350953e+04 7.601432338080964109e+04 6.643948538923999877e+04 5.379438041836790217e+04 4.501522849414397933e+04 4.318591063705620763e+04 4.536231780793008511e+04 4.546673851992057462e+04 4.060957478616375010e+04 3.261023435784282992e+04 2.608915948277827920e+04 2.419427314407689119e+04 2.577317867364939593e+04 2.736789148415132149e+04 2.618400121513112390e+04 2.221988405415942907e+04 1.790733816671283421e+04 1.562126523817372436e+04 1.579309315915337356e+04 1.704603373471401574e+04 1.747662485339389968e+04
-1.099804624038733891e+05 -1.927887084403451881e+05 -1.305939445607798261e+05 -6.914007002684750478e+04 9.544319955610999023e+04 8.787078900420197751e+05 3.742757163933735865e+04 -3.141470508322105889e+04 -1.991946702156199171e+04 -8.105608467181651577e+03 -6.561350418086362879e+02 7.027852517842640054e+02 -4.148353442254170886e+02 -6.897931881471943143e+02 1.169970636508253392e+03 4.016735455171716694e+03 5.804183454042806261e+03 5.661450959321266055e+03 4.148366013629794907e+03 2.747259521617861083e+03 2.567575721799278199e+03 3.429698033884159486e+03 4.412473731803189366e+03 4.623889132984621938e+03 3.942977434865143096e+03 2.954314208006229819e+03 2.399148878732312369e+03 2.525413940565361372e+03 3.034298714821836256e+03 3.366441884486646813e+03 1.267229512086949835e+05 3.363902934129229980e+05 3.011653729293209617e+05 2.028320415883683600e+05 2.208246106950010872e+05 5.880374414416386280e+05 1.391148648171494715e+05 6.892261015995097114e+04 5.831899217044952820e+04 5.313681015794926498e+04 5.134725056194369972e+04 4.728885283439600607e+04 4.184297647746850271e+04 3.668598815126472618e+04 3.346587786555204366e+04 3.206369448113116960e+04 3.087693960139325645e+04 2.860038051075057956e+04 2.509099469784701796e+04 2.162391015109249565e+04 1.948869419037702028e+04 1.879975242282719410e+04 1.866728372784740350e+04 1.794849790620321437e+04 1.628808957466645734e+04 1.423028316199099390e+04 1.268141888069107881e+04 1.204668633466021129e+04 1.203657289589892025e+04 1.193111413810943486e+04
-1.038880773997023643e+05 -1.948407549906438217e+05 -1.521649941474705993e+05 -8.619791568531151279e+04 -4.975333632371720159e+04 3.742757163933735865e+04 4.943860500729924534e+05 1.792138779685420741e+04 -1.416548051401233897e+04 -6.035825205591260783e+03 -1.937951947618219265e+03 -4.414710339373756369e+02 -4.645798517356314505e+01 8.590109768020470256e+02 2.343826969797651145e+03 3.713957267230602156e+03 4.299605932469481559e+03 4.179539530899597594e+03 3.663483385353663380e+03 3.227218212434911948e+03 3.144330197372160001e+03 3.288851087827709307e+03 3.458386659003692785e+03 3.431435874393735048e+03 3.172675094278363304e+03 2.829271502346433408e+03 2.580824267000372856e+03 2.507186321092699018e+03 2.545525443257477491e+03 2.531104030972183864e+03 9.197762303669718676e+04 2.445171385052508558e+05 2.157875504127530730e+05 1.493389429122711881e+05 1.031118075617966824e+05 1.229426178032807074e+05 3.257188497211725917e+05 8.547432961922069080e+04 5.103935802260763012e+04 4.514925071960469359e+04 3.981401859099657304e+04 3.696698080331558594e+04 3.452822629516691086e+04 3.215109295686321275e+04 2.954381493343842885e+04 2.693046089574250436e+04 2.452679879658120626e+04 2.254151399819207654e+04 2.070913526644380181e+04 1.897867076604807880e+04 1.740710864498145384e+04 1.604680270917259440e+04 1.496953001746066366e+04 1.402710042658513703e+04 1.307089086497319659e+04 1.208614331291135932e+04 1.116344423388231735e+04 1.041573250921736326e+04 9.850605766726650472e+03 9.313414308030278335e+03
-7.917378345439830446e+04 -1.518235904309636680e+05 -1.190453471531797841e+05 -7.476797284915886121e+04 -4.553014940425496025e+04 -3.141470508322105889e+04 1.792138779685420741e+04 2.885121033259502146e+05 1.486736490045855317e+04 -2.414251035718985349e+03 -3.645338038085025119e+02 -5.157759876743305085e+02 1.522061290585552911e+02 1.742962718247621524e+03 3.494532923297722391e+03 4.337608534547560339e+03 4.099144840681573442e+03 3.533491912888156548e+03 3.209093161261609112e+03 3.296084038543897805e+03 3.515426164707384942e+03 3.508217219926457801e+03 3.245325812402546035e+03 2.895079373760879207e+03 2.653828990432098180e+03 2.581816423953461708e+03 2.587712543100738912e+03 2.534509051254841324e+03 2.376775427185179069e+03 2.133967650130218317e+03 8.873759852061027777e+04 2.262845576585071103e+05 1.942507323707808973e+05 1.259366453691246861e+05 8.628828752570063807e+04 6.794541157334425952e+04 8.080513408685629838e+04 1.914172218715172494e+05 5.816821433739226632e+04 3.936261996359218028e+04 3.372210291548336681e+04 2.895589286089161760e+04 2.752166473404022690e+04 2.704711674040714206e+04 2.598978920589747941e+04 2.361780579599092016e+04 2.058715511793234327e+04 1.816263026579690995e+04 1.672924193264969654e+04 1.600699286447413397e+04 1.527366141216453252e+04 1.409503234644706026e+04 1.265644615132687977e+04 1.135700903213784295e+04 1.047159844460873683e+04 9.959908590259597986e+03 9.558287978898177244e+03 9.019824029976251040e+03 8.315878217634950488e+03 7.526899146017874955e+03
-2.984753251393393293e+04 -5.193826702408859273e+04 -4.866977258105690998e+04 -3.561862218341501284e+04 -2.667999810794477526e+04 -1.991946702156199171e+04 -1.416548051401233897e+04 1.486736490045855317e+04 1.678746157626851927e+05 1.344641099898108223e+04 1.149580692043569798e+03 3.228833513542535911e+02 2.554073485814392370e+02 1.822309207094028352e+03 3.581047934313610767e+03 4.331261537223957930e+03 3.866678367772913589e+03 3.091221923075897394e+03 2.706716187479441942e+03 2.907442767926856504e+03 3.261631849086667444e+03 3.289480421117592414e+03 2.939575854802674257e+03 2.463259445224901356e+03 2.171391384188720622e+03 2.153581831434982632e+03 2.251827346357766146e+03 2.253208394973292343e+03 2.074008708158468380e+03 1.777684837109096406e+03 1.172760449836556945e+05 2.827716584721662803e+05 2.209401694946513744e+05 1.320227415157654905e+05 8.149568947377409495e+04 6.189034469923867437e+04 5.323423003624478588e+04 5.737455713585019112e+04 1.092215979221398302e+05 3.848887684094253200e+04 2.620685365853544499e+04 2.195666562860933482e+04 1.990065080501102784e+04 2.021860961577136914e+04 2.028842544411855488e+04 1.888702506719213852e+04 1.626898337307787733e+04 1.388555949385060194e+04 1.252189307802975236e+04 1.217193912278232347e+04 1.198798932733117545e+04 1.126738680892340926e+04 1.002861796626866271e+04 8.726858900270111917e+03 7.848364961900580965e+03 7.487952866982292107e+03 7.345021055342625914e+03 7.054621492559530452e+03 6.481495649979584414e+03 5.727200989225160811e+03
5.713699720841219460e+03 2.733973073761843989e+04 1.336231086675802362e+04 -5.585683707160844733e+02 -6.197215652463888546e+03 -8.105608467181651577e+03 -6.035825205591260783e+03 -2.414251035718985349e+03 1.344641099898108223e+04 9.979792848642382887e+04 9.618563863640009004e+03 7.623828897562659677e+02 4.712736523949300818e+02 1.348242479830701996e+03 2.783315114028746393e+03 3.467244925655884799e+03 3.173479726964847941e+03 2.554789638361159632e+03 2.198516509431027771e+03 2.320254331227114562e+03 2.599028710316135403e+03 2.639149759244783127e+03 2.369502698379293633e+03 1.976026315023197185e+03 1.715821615256184032e+03 1.682878069562705832e+03 1.756828256159598368e+03 1.761839098114956869e+03 1.622686297663282858e+03 1.384258550843603871e+03 1.313916789608172257e+05 3.202965100900040707e+05 2.469669064148714824e+05 1.407110283746547939e+05 8.235505920747789787e+04 5.755904218415288778e+04 4.834222571610210434e+04 4.124900265573983779e+04 3.842359901064138103e+04 6.440514222857526329e+04 2.340873211656323110e+04 1.563362443097542382e+04 1.410108554829655623e+04 1.392482747647578435e+04 1.433178647228754562e+04 1.367629575320554795e+04 1.195730809963990032e+04 1.017422366322349262e+04 9.041281906394135149e+03 8.733608326708643290e+03 8.670382468641906598e+03 8.252612567345700882e+03 7.394445000748089114e+03 6.397453417317611638e+03 5.668292356760703115e+03 5.354442009584357038e+03 5.258532894848513934e+03 5.083686792077378414e+03 4.689520749188824993e+03 4.121548605619521368e+03
1.263991800099324610e+04 4.112383322378768935e+04 2.942319203989811649e+04 1.299448001294013375e+04 3.633963839931097937e+03 -6.561350418086362879e+02 -1.937951947618219265e+03 -3.645338038085025119e+02 1.149580692043569798e+03 9.618563863640009004e+03 6.359459373788931407e+04 6.125430441494760089e+03 4.495772744960300997e+02 9.135054372130935008e+02 1.761982427660685516e+03 2.362628763136974612e+03 2.303766229220980676e+03 1.978419075265567244e+03 1.745757176739499755e+03 1.784030303279545478e+03 1.920438323120259611e+03 1.925174904136301166e+03 1.752153230229559085e+03 1.504416591375088956e+03 1.332416145195066747e+03 1.291554549044570194e+03 1.310040315937155810e+03 1.286243512438025846e+03 1.178952907570352181e+03 1.018032270755475338e+03 1.159243490100160707e+05 2.862098374975140905e+05 2.269099989040671499e+05 1.329542264512382390e+05 7.825182102851846139e+04 5.395247381806121848e+04 4.256884087268392614e+04 3.540927599036396714e+04 2.705952462136646136e+04 2.336225814302308572e+04 3.849347769207970123e+04 1.406467993674828904e+04 1.002959215324770958e+04 9.805849782186076482e+03 9.776654590731426651e+03 9.505732434090099559e+03 8.551809530170354265e+03 7.475458056448502248e+03 6.680287552881567535e+03 6.354609722112476447e+03 6.205286347059354739e+03 5.891271713727117458e+03 5.335374195678872638e+03 4.682225197088055211e+03 4.166774115463804264e+03 3.892505197934826356e+03 3.760449378059092851e+03 3.600350363083973207e+03 3.320873306767900431e+03 2.933518710638305947e+03
-7.862510407292260425e+03 -5.508258801204479823e+03 2.769249424454294058e+03 4.455525760482471014e+03 2.699296889481414837e+03 7.027852517842640054e+02 -4.414710339373756369e+02 -5.157759876743305085e+02 3.228833513542535911e+02 7.623828897562659677e+02 6.125430441494760089e+03 4.439048804923418356e+04 4.436371771421054291e+03 8.072640925362422877e+02 1.345989640497695973e+03 1.671704975063452594e+03 1.714534579191218654e+03 1.595515052242373713e+03 1.513343468043160101e+03 1.540402929741534763e+03 1.565318425624034035e+03 1.486369110696176449e+03 1.329735220177402880e+03 1.176519522761543385e+03 1.095440637695966643e+03 1.080894159005592655e+03 1.062935982207037796e+03 9.934366698429562348e+02 8.777140725879419278e+02 7.559455203914575350e+02 7.174174026782329020e+04 1.873183705672276556e+05 1.637672592746942537e+05 1.056852483633370139e+05 6.741848957696754951e+04 4.868953787430856755e+04 3.852651228012479260e+04 3.026645193825141905e+04 2.260538230114473845e+04 1.604616619962089680e+04 1.429341647385257238e+04 2.445321138031141163e+04 9.969396360191631175e+03 7.613443358662108039e+03 7.528577015253133141e+03 7.114585176852204313e+03 6.550009068523319002e+03 5.924247415639978499e+03 5.427270339397065982e+03 5.135856342835142641e+03 4.895166192014425178e+03 4.555046240377309005e+03 4.118679959860462077e+03 3.672338673558236223e+03 3.325014344908443036e+03 3.106455449023368601e+03 2.941855889313055741e+03 2.748556061794379730e+03 2.497344000744914410e+03 2.200080982867404146e+03
-2.614527815542786266e+04 -5.193202107716311002e+04 -2.921004641543642356e+04 -9.485201468049670439e+03 -2.228679270664586966e+03 -4.148353442254170886e+02 -4.645798517356314505e+01 1.522061290585552911e+02 2.554073485814392370e+02 4.712736523949300818e+02 4.495772744960300997e+02 4.436371771421054291e+03 3.331279499861385557e+04 4.087835351891795199e+03 1.595756667015347830e+03 1.718466966786659668e+03 1.550692307434284885e+03 1.468421766991189997e+03 1.500422179204063696e+03 1.604629789887876996e+03 1.595337612288589980e+03 1.415154808664733309e+03 1.179941584254891495e+03 1.027412650334759746e+03 1.005754344534723032e+03 1.046412765065397252e+03 1.031793339011439912e+03 9.203222290417504610e+02 7.600490163941929040e+02 6.290381413668947062e+02 3.704171574230582337e+04 1.012142441454093205e+05 1.020815206411298714e+05 7.613731525606123614e+04 5.449106828641022003e+04 4.289312761926745588e+04 3.569389693330038426e+04 2.843469986898322895e+04 2.057014516373371225e+04 1.454269291050657193e+04 1.056174913908896997e+04 1.024647847506135076e+04 1.828646617467616306e+04 8.211862774663415621e+03 6.833993601927639247e+03 6.430062768652633167e+03 5.684730150948111259e+03 5.172049987815680652e+03 4.860848775877354456e+03 4.713988599589700243e+03 4.493038925335074964e+03 4.089952291413234434e+03 3.602590988370144260e+03 3.182192738943591849e+03 2.919215803741123636e+03 2.778352090310453605e+03 2.634219677737658458e+03 2.410240440632750506e+03 2.123885250114120481e+03 1.824119120056133397e+03
-2.390106039012397378e+04 -5.146483411602542037e+04 -3.242516099265086086e+04 -1.252954924096196919e+04 -3.790238261975440309e+03 -6.897931881471943143e+02 8.590109768020470256e+02 1.742962718247621524e+03 1.822309207094028352e+03 1.348242479830701996e+03 9.135054372130935008e+02 8.072640925362422877e+02 4.087835351891795199e+03 2.559108966726471044e+04 4.139040260379229949e+03 2.040602405544295380e+03 1.690791111839080259e+03 1.442090843948364636e+03 1.507719031985363927e+03 1.703298759494467959e+03 1.739870458744848747e+03 1.516420901390887593e+03 1.196562751903121125e+03 9.886656979745250737e+02 9.748692602831457634e+02 1.060620748113254649e+03 1.077239260701305511e+03 9.573048412434980037e+02 7.620838270050650181e+02 6.036719871210551673e+02 3.332172877035853890e+04 8.558616653236738057e+04 8.305992579473592923e+04 6.226965828804505873e+04 4.605469847698339436e+04 3.792089091280002322e+04 3.340354587593531323e+04 2.800026219094736371e+04 2.088949765511208534e+04 1.456271218299863904e+04 1.050008291500493215e+04 8.421018849931078876e+03 8.844953917158902186e+03 1.398704789020923636e+04 7.536935968527595833e+03 6.201486752964761763e+03 5.368154373278161074e+03 4.642585099388394156e+03 4.398739510932884514e+03 4.429541004200093084e+03 4.350881237065725145e+03 3.957700349668918534e+03 3.390804564646844938e+03 2.901304039504018874e+03 2.648193001754087163e+03 2.579410563063906920e+03 2.502529538998108364e+03 2.294202416809941496e+03 1.978137867435813860e+03 1.644232844990481681e+03
-3.492470274636757495e+03 -6.518969141387315176e+03 -4.412671692364347109e+03 -1.352777490541411680e+03 2.857965470654923479e+02 1.169970636508253392e+03 2.343826969797651145e+03 3.494532923297722391e+03 3.581047934313610767e+03 2.783315114028746393e+03 1.761982427660685516e+03 1.345989640497695973e+03 1.595756667015347830e+03 4.139040260379229949e+03 1.961205832382645531e+04 3.683352044692308482e+03 1.750401132470721905e+03 1.417239381597633383e+03 1.375419658390748282e+03 1.590709539561776637e+03 1.694785596884639290e+03 1.533853695070120011e+03 1.227412016559720314e+03 9.889580862161426467e+02 9.384148173395778940e+02 1.015314419845782595e+03 1.056031033222567203e+03 9.702673331922283069e+02 7.950974136840313804e+02 6.342596998496683227e+02 5.491390439509569842e+04 1.324866784274748643e+05 1.075993851464416366e+05 6.759579448253587179e+04 4.454907290160155389e+04 3.489369831996217545e+04 3.090963424749284604e+04 2.702536856339973747e+04 2.101878984907385893e+04 1.498725316886733708e+04 1.057807834622834707e+04 8.422457238259385122e+03 7.701698195773122279e+03 8.056435329212083161e+03 1.134200248929949157e+04 6.321565492985262608e+03 4.832392224719891601e+03 4.103564775051560900e+03 3.770713157723335826e+03 3.900023528273992270e+03 3.969940470501644995e+03 3.693862137194193565e+03 3.161858481608690454e+03 2.650526123320400984e+03 2.378917148940220159e+03 2.334489434389623057e+03 2.318313428730354644e+03 2.170637421048942088e+03 1.888004904946489660e+03 1.562931278752958860e+03
1.922552034597464808e+04 4.454790222245876794e+04 2.935091691560817708e+04 1.391123878100309048e+04 6.675247933449982156e+03 4.016735455171716694e+03 3.713957267230602156e+03 4.337608534547560339e+03 4.331261537223957930e+03 3.467244925655884799e+03 2.362628763136974612e+03 1.671704975063452594e+03 1.718466966786659668e+03 2.040602405544295380e+03 3.683352044692308482e+03 1.468079663768385035e+04 2.726169261330902373e+03 1.259288603404463174e+03 1.139903235870434855e+03 1.247993713056402157e+03 1.389505713035168810e+03 1.351373955171688522e+03 1.164154099700220286e+03 9.628762581183816565e+02 8.699755658328974732e+02 8.892377141899364688e+02 9.247284901432947208e+02 8.921507255559272380e+02 7.862427829775556347e+02 6.622669918890446752e+02 7.938811031980178086e+04 1.873409441590305651e+05 1.403933559394474723e+05 7.912587986760260537e+04 4.658692524305402185e+04 3.332729584702256398e+04 2.812319605802885053e+04 2.451057706515997415e+04 1.950815264394059341e+04 1.423147356077777658e+04 1.018643011109696818e+04 7.965709862184877238e+03 7.274224717894136120e+03 6.900215638550016592e+03 6.723196413822650356e+03 8.184091287707973606e+03 4.456354165949532216e+03 3.369596326549103651e+03 3.084865556896284033e+03 3.143627406980052911e+03 3.277773654045454350e+03 3.147775534029656228e+03 2.775124448575912538e+03 2.355671977308268652e+03 2.095602770802292525e+03 2.030821509103439894e+03 2.029162163715455563e+03 1.947481785643113653e+03 1.751781877733405736e+03 1.500146067156350909e+03
2.276657897492932534e+04 5.562992847688076290e+04 3.998746633943896450e+04 2.032736158540560791e+04 1.010754996184194715e+04 5.804183454042806261e+03 4.299605932469481559e+03 4.099144840681573442e+03 3.866678367772913589e+03 3.173479726964847941e+03 2.303766229220980676e+03 1.714534579191218654e+03 1.550692307434284885e+03 1.690791111839080259e+03 1.750401132470721905e+03 2.726169261330902373e+03 1.096570213347265781e+04 1.940725252189042067e+03 8.936750699204937973e+02 9.168735743643259184e+02 1.010395444703686962e+03 1.055094320222023725e+03 9.855757577417969060e+02 8.573926345807180951e+02 7.586722758909731965e+02 7.309481471063478466e+02 7.441926993198421769e+02 7.419042558200364965e+02 6.960712275739159622e+02 6.183201186786855033e+02 7.687111879907367984e+04 1.865093115821917308e+05 1.425780925044418254e+05 8.023558236474811565e+04 4.615589823907421669e+04 3.166502428576657985e+04 2.529007800730747113e+04 2.112465184486900398e+04 1.661163453174994720e+04 1.228132161562328474e+04 9.013832319163297143e+03 7.184397098320356235e+03 6.389952635456051212e+03 5.971782987310021781e+03 5.263065708338030163e+03 4.655691683813243799e+03 5.483554878499897313e+03 2.985193759108236918e+03 2.389452254029409232e+03 2.416861305437883857e+03 2.484687472764207996e+03 2.449106767001198023e+03 2.243714644957271958e+03 1.970751831279851331e+03 1.765917523277765667e+03 1.682459397360388266e+03 1.662552301071882994e+03 1.614651657586406145e+03 1.497936351263489087e+03 1.333533660744074496e+03
9.346862225516229955e+03 2.595699237554398132e+04 2.295478027265684796e+04 1.451668944252193978e+04 8.691255685342915967e+03 5.661450959321266055e+03 4.179539530899597594e+03 3.533491912888156548e+03 3.091221923075897394e+03 2.554789638361159632e+03 1.978419075265567244e+03 1.595515052242373713e+03 1.468421766991189997e+03 1.442090843948364636e+03 1.417239381597633383e+03 1.259288603404463174e+03 1.940725252189042067e+03 8.545627314117991773e+03 1.502154554160762700e+03 7.766033541533971629e+02 8.185147918149993984e+02 8.248662053168520742e+02 7.874497456895146570e+02 7.096122313636144554e+02 6.450908726400123214e+02 6.195764593012657997e+02 6.174792156454473115e+02 6.063295207075759663e+02 5.700202656238027430e+02 5.146608475383818586e+02 5.176703354436848895e+04 1.307662431200300925e+05 1.084660866365504917e+05 6.647729414309133426e+04 4.083667486647523765e+04 2.898183706352669469e+04 2.293852370081051049e+04 1.839159974903694092e+04 1.397936330928040115e+04 1.028579465517288918e+04 7.734032412284412203e+03 6.355306432131899783e+03 5.683728405606398155e+03 5.114831811009746161e+03 4.424682377361243198e+03 3.542071546121165738e+03 3.039334415936983987e+03 3.762026259034053510e+03 2.157781895362757496e+03 1.888948663799392079e+03 1.931621521311562901e+03 1.874350336346910808e+03 1.748899200005969305e+03 1.577146400679770522e+03 1.440063433860151690e+03 1.369322867607064836e+03 1.334403784276278657e+03 1.283634650588686554e+03 1.193942405797187803e+03 1.075300465296309085e+03
-6.416165224310912890e+03 -1.221480328648537579e+04 -2.817918440935002764e+03 3.381949648792024163e+03 4.506038913472170861e+03 4.148366013629794907e+03 3.663483385353663380e+03 3.209093161261609112e+03 2.706716187479441942e+03 2.198516509431027771e+03 1.745757176739499755e+03 1.513343468043160101e+03 1.500422179204063696e+03 1.507719031985363927e+03 1.375419658390748282e+03 1.139903235870434855e+03 8.936750699204937973e+02 1.502154554160762700e+03 7.017427108928669441e+03 1.408031283884773075e+03 8.202531500766065164e+02 7.522342562197129610e+02 6.480244223293160530e+02 5.798436245756993230e+02 5.612468514087294125e+02 5.756082270472427354e+02 5.746697836229816403e+02 5.342404184907943545e+02 4.679266295427663636e+02 4.076148801727719047e+02 2.520189145114509301e+04 6.670639577309560264e+04 6.448500011871213792e+04 4.668610908962044050e+04 3.269021181144061848e+04 2.532991722076397855e+04 2.096967809917560953e+04 1.683977484847489541e+04 1.251493126865257727e+04 9.055687281127757160e+03 6.830750975690642008e+03 5.735405423739968683e+03 5.243254483506507313e+03 4.747129917065112750e+03 4.003231692929623478e+03 3.173438668949134808e+03 2.427860371302934254e+03 2.189111173847563805e+03 2.774164363402748677e+03 1.797654376839514953e+03 1.644228049947574846e+03 1.570549371190579222e+03 1.407966281602214622e+03 1.264217455641278775e+03 1.177099193179087706e+03 1.146980367523427958e+03 1.118655754804453863e+03 1.050247736264111836e+03 9.434846947520044296e+02 8.236613568987802410e+02
-1.365087212905888919e+04 -2.940365546885822550e+04 -1.513214301852152857e+04 -3.070880162462180579e+03 1.434903504058165709e+03 2.747259521617861083e+03 3.227218212434911948e+03 3.296084038543897805e+03 2.907442767926856504e+03 2.320254331227114562e+03 1.784030303279545478e+03 1.540402929741534763e+03 1.604629789887876996e+03 1.703298759494467959e+03 1.590709539561776637e+03 1.247993713056402157e+03 9.168735743643259184e+02 7.766033541533971629e+02 1.408031283884773075e+03 6.014901222010094898e+03 1.399696089688458642e+03 8.024769867906136369e+02 6.418882490150529065e+02 5.337617936356673454e+02 5.339277735712252024e+02 5.819775368960797550e+02 5.959306725433909833e+02 5.408732021456710299e+02 4.469696635236514339e+02 3.703521034680502453e+02 1.215160367033017610e+04 3.563680419224325306e+04 4.153320303319898812e+04 3.420741779861996474e+04 2.636548291944137600e+04 2.200876077489888485e+04 1.935800031301943091e+04 1.622078124658976776e+04 1.224815369475479747e+04 8.803398802102530681e+03 6.530015087301141648e+03 5.442206533909995414e+03 5.076716799843360604e+03 4.751412585831132674e+03 4.103769281238351141e+03 3.220621772440815221e+03 2.436429350247385628e+03 1.949619433589705750e+03 1.903911471360607720e+03 2.324786470021103924e+03 1.742903173172077004e+03 1.510664299201964241e+03 1.320172593833791780e+03 1.128089511176377528e+03 1.053318825262103928e+03 1.061150042436799595e+03 1.061270674461207818e+03 9.909782567601189385e+02 8.618731866647501647e+02 7.201357002535783067e+02
-3.660678114230221581e+03 -9.846689911801271592e+03 -5.212972889514546296e+03 -1.201557854141308894e+02 1.868865043231749723e+03 2.567575721799278199e+03 3.144330197372160001e+03 3.515426164707384942e+03 3.261631849086667444e+03 2.599028710316135403e+03 1.920438323120259611e+03 1.565318425624034035e+03 1.595337612288589980e+03 1.739870458744848747e+03 1.694785596884639290e+03 1.389505713035168810e+03 1.010395444703686962e+03 8.185147918149993984e+02 8.202531500766065164e+02 1.399696089688458642e+03 5.109321018178831764e+03 1.250626699556292806e+03 7.146005481380869924e+02 5.890188502083719868e+02 5.478379039948856644e+02 5.830068164025597071e+02 6.080751403561647521e+02 5.764983120833488783e+02 4.990803611040867054e+02 4.217658473419666052e+02 2.457245650864078925e+04 5.852369628408162680e+04 5.079925568056572229e+04 3.505228495010419283e+04 2.473090599578342517e+04 2.008054780869303795e+04 1.796977010602006339e+04 1.566212524464115631e+04 1.222290638930345449e+04 8.872629346843259555e+03 6.484701890149475730e+03 5.286707655536303719e+03 4.934118565221880090e+03 4.747434533331335842e+03 4.242502159966810723e+03 3.413238356667273365e+03 2.569291047044198876e+03 2.054581871914839667e+03 1.842517867611199108e+03 1.919223380403199371e+03 2.154066330575707525e+03 1.635032777066063318e+03 1.362235413160449070e+03 1.165528808569784815e+03 1.058453877008614654e+03 1.070913695194306683e+03 1.096787435473976984e+03 1.056124904464113570e+03 9.429494486348955888e+02 8.035525952619789223e+02
9.360527109132646729e+03 2.111890862773211484e+04 1.482062627669017820e+04 7.987255234384128926e+03 4.687292083236983672e+03 3.429698033884159486e+03 3.288851087827709307e+03 3.508217219926457801e+03 3.289480421117592414e+03 2.639149759244783127e+03 1.925174904136301166e+03 1.486369110696176449e+03 1.415154808664733309e+03 1.516420901390887593e+03 1.533853695070120011e+03 1.351373955171688522e+03 1.055094320222023725e+03 8.248662053168520742e+02 7.522342562197129610e+02 8.024769867906136369e+02 1.250626699556292806e+03 4.279880619899277008e+03 1.104572366969463928e+03 6.639859018006914084e+02 5.743334787680937552e+02 5.466083245740462644e+02 5.685279271904722691e+02 5.808045556310380562e+02 5.567208607626027970e+02 5.010920377026644132e+02 4.101424724136767327e+04 9.761108394627197413e+04 7.464552565542326192e+04 4.323527530756108899e+04 2.637909535968685668e+04 1.944761166298895478e+04 1.667067006135790507e+04 1.456692358786421755e+04 1.160147428644936372e+04 8.553280714170021383e+03 6.258650517500349451e+03 5.033996628073238753e+03 4.632012048989721734e+03 4.464508257241815954e+03 4.071426970080045521e+03 3.370235771161088451e+03 2.611285337869926479e+03 2.092849147369322054e+03 1.881039168249813883e+03 1.845580025444063267e+03 1.865504934033904647e+03 1.787833047247319428e+03 1.446968832676085185e+03 1.218165938006093711e+03 1.106535314582639330e+03 1.081443037960519860e+03 1.112666555974676157e+03 1.113286778403596600e+03 1.052715862629921503e+03 9.522259870782681901e+02
1.651365985973342322e+04 3.817507004483552009e+04 2.705416100916762662e+04 1.388546773601702807e+04 7.164988025857172033e+03 4.412473731803189366e+03 3.458386659003692785e+03 3.245325812402546035e+03 2.939575854802674257e+03 2.369502698379293633e+03 1.752153230229559085e+03 1.329735220177402880e+03 1.179941584254891495e+03 1.196562751903121125e+03 1.227412016559720314e+03 1.164154099700220286e+03 9.855757577417969060e+02 7.874497456895146570e+02 6.480244223293160530e+02 6.418882490150529065e+02 7.146005481380869924e+02 1.104572366969463928e+03 3.624979698780008221e+03 9.652891092713263106e+02 5.701118122952558451e+02 4.925978648015933459e+02 4.913035917885824801e+02 5.359494954633360067e+02 5.614199117826769907e+02 5.343494530871107600e+02 4.870530935579280776e+04 1.160441269644483691e+05 8.732120443699488533e+04 4.859523208929448447e+04 2.783418390090938919e+04 1.919916388541553897e+04 1.550467206493553385e+04 1.308233455907218740e+04 1.035604334528927757e+04 7.708891568755667322e+03 5.721171619186405223e+03 4.626236178707313229e+03 4.196122894959313271e+03 3.966682342412658272e+03 3.606736669844267453e+03 3.044602173100930941e+03 2.440864624452708995e+03 2.010115994718345291e+03 1.787782418884531126e+03 1.737318848810901272e+03 1.685140390985160593e+03 1.603849738015834191e+03 1.429820446196894409e+03 1.222377097106245856e+03 1.074765234973035149e+03 1.031672920097747237e+03 1.042574310613659009e+03 1.071101208462080649e+03 1.062966105447601421e+03 1.013372820165677012e+03
1.247991903815050318e+04 3.024134435371078507e+04 2.316425575738355110e+04 1.303508979647703381e+04 7.285559106708176841e+03 4.623889132984621938e+03 3.431435874393735048e+03 2.895079373760879207e+03 2.463259445224901356e+03 1.976026315023197185e+03 1.504416591375088956e+03 1.176519522761543385e+03 1.027412650334759746e+03 9.886656979745250737e+02 9.889580862161426467e+02 9.628762581183816565e+02 8.573926345807180951e+02 7.096122313636144554e+02 5.798436245756993230e+02 5.337617936356673454e+02 5.890188502083719868e+02 6.639859018006914084e+02 9.652891092713263106e+02 3.048952073996744730e+03 7.620323422214914899e+02 4.368730667776675318e+02 4.216840223945306434e+02 4.591934549706428470e+02 4.986429870444651442e+02 4.873509776398244639e+02 4.020337465214439726e+04 9.848730528201960260e+04 7.717333978212930379e+04 4.480051115259029029e+04 2.643103284775124484e+04 1.829287469058363786e+04 1.440132544453364062e+04 1.165971166480194734e+04 8.968929590940064372e+03 6.649687688000203707e+03 5.013569339661165031e+03 4.131921572822642702e+03 3.741618662151314766e+03 3.457498639528655531e+03 3.079270674297566984e+03 2.598445891130949349e+03 2.130358796772537062e+03 1.801570829012229296e+03 1.617474357090808098e+03 1.534068954733621922e+03 1.477405157773942619e+03 1.370186177272653367e+03 1.257649129948374139e+03 1.021346113393963606e+03 9.522604610742739624e+02 8.856929817947568608e+02 8.919859401298459716e+02 9.166498909922366920e+02 9.311715088919604568e+02 9.127882411581730366e+02
2.503004425477019140e+03 7.304554364176879972e+03 8.740019840528941131e+03 7.185052139414083285e+03 5.226267491347191026e+03 3.942977434865143096e+03 3.172675094278363304e+03 2.653828990432098180e+03 2.171391384188720622e+03 1.715821615256184032e+03 1.332416145195066747e+03 1.095440637695966643e+03 1.005754344534723032e+03 9.748692602831457634e+02 9.384148173395778940e+02 8.699755658328974732e+02 7.586722758909731965e+02 6.450908726400123214e+02 5.612468514087294125e+02 5.339277735712252024e+02 5.478379039948856644e+02 5.743334787680937552e+02 5.701118122952558451e+02 7.620323422214914899e+02 2.535919256821142881e+03 6.044214285293232933e+02 3.842222208231894456e+02 3.971270707340563604e+02 4.073963353679395709e+02 3.928996564756549787e+02 2.353863775787437044e+04 6.012136855685550836e+04 5.258636728129546100e+04 3.436218264424490189e+04 2.233868317775394826e+04 1.651414828373390628e+04 1.333380853874405693e+04 1.067664185949515377e+04 8.007734248553186262e+03 5.845801826245899065e+03 4.422524973798850624e+03 3.702732104393461668e+03 3.392550136745232521e+03 3.121832873389330416e+03 2.732337270673679086e+03 2.267473571240364436e+03 1.849832722976367677e+03 1.580294064441095998e+03 1.440510373106197221e+03 1.371171030964786269e+03 1.289526402344457210e+03 1.176694131320195993e+03 1.032847991077013148e+03 9.102292385071809804e+02 6.227530784629427671e+02 7.236751643553318445e+02 7.168140172138392927e+02 7.346577661087014803e+02 7.334194818711671360e+02 7.158609135944520858e+02
-4.858468562008882145e+03 -1.013370627856969804e+04 -3.197390200887338324e+03 1.660638193819165281e+03 2.894175857824990089e+03 2.954314208006229819e+03 2.829271502346433408e+03 2.581816423953461708e+03 2.153581831434982632e+03 1.682878069562705832e+03 1.291554549044570194e+03 1.080894159005592655e+03 1.046412765065397252e+03 1.060620748113254649e+03 1.015314419845782595e+03 8.892377141899364688e+02 7.309481471063478466e+02 6.195764593012657997e+02 5.756082270472427354e+02 5.819775368960797550e+02 5.830068164025597071e+02 5.466083245740462644e+02 4.925978648015933459e+02 4.368730667776675318e+02 6.044214285293232933e+02 2.179261328727433465e+03 5.561753403478096516e+02 3.700839982119175033e+02 3.482699046418915714e+02 3.138598825837000845e+02 1.130335186648025592e+04 3.107978013712409302e+04 3.238748337441760668e+04 2.474619693723823002e+04 1.805275801211998623e+04 1.446540506444157290e+04 1.234617174282263659e+04 1.015469381561021873e+04 7.629520577125133059e+03 5.504837889736547368e+03 4.109921518432600351e+03 3.430421598539267961e+03 3.182907299822671121e+03 2.979411489779644398e+03 2.621203500709580567e+03 2.148301568157913607e+03 1.712939775198948155e+03 1.444364987204719682e+03 1.330144402198819535e+03 1.293675658694872254e+03 1.221627434971315779e+03 1.079987359024504940e+03 9.166352057288740980e+02 7.682895581745453910e+02 6.754379945867399329e+02 4.413871271488071102e+02 6.023264592497041576e+02 6.086069733260651446e+02 5.919512674728766797e+02 5.539988307911708034e+02
