3.010366728432593346e+08 4.590070216875094175e+07 4.935454934999791440e+05 -4.729078504601481836e+05 -5.881178867100223433e+05 -4.686394344415870728e+05 -4.212965201200647862e+05 -3.344807457107155351e+05 -1.676899048418361635e+05 -4.602921845400200982e+04 -1.492903477612735151e+04 -6.391504556378292909e+04 -1.142685620215197268e+05 -9.969038266462358297e+04 -3.024496648676434052e+04 3.689203765306013520e+04 4.992448425855420646e+04 8.680138098842839099e+03 -3.761901702540455153e+04 -5.219975239388835325e+04 -1.844656868003065756e+04 2.306290253176610713e+04 4.330949464589741547e+04 2.705083982848925370e+04 -3.046161556291185661e+03 -2.296834308871942631e+04 -1.547193800917916997e+04 7.130765901360065982e+03 2.412203827860497404e+04 2.410539396992669936e+04 2.739773184105663300e+08 8.620897467048475146e+07 2.337342676943464205e+06 1.228503797704247758e+06 4.166072353973666904e+05 3.282499974209534703e+05 2.436728378095439402e+05 2.330478905498997774e+05 3.370483946457976708e+05 3.935398921513977693e+05 3.525058662499703933e+05 2.239804653640087345e+05 1.127142021428405133e+05 1.060221172751470003e+05 1.821707318351818249e+05 2.550470324186217040e+05 2.482832726000517141e+05 1.636239358159799885e+05 7.727502438120864099e+04 4.387448906790732144e+04 8.738477413145644823e+04 1.424034026344104786e+05 1.639797867879599507e+05 1.288916614329565346e+05 7.386037036821569200e+04 3.667231532459691516e+04 4.413175523483514553e+04 7.575776127935298427e+04 9.824088516314074514e+04 9.363532739700120874e+04
4.590070216875094175e+07 1.318602160421047211e+08 1.313271667091842741e+07 -9.549144033249095082e+05 -8.988658495703509543e+05 -9.044087284050565213e+05 -8.521126967967476230e+05 -6.788299216951525304e+05 -3.228721057250032900e+05 -3.873195225231219956e+04 2.281509381629760173e+04 -1.065210174695348542e+05 -2.443816905059931742e+05 -2.252153173100482090e+05 -6.171841387391528406e+04 1.039565555957082834e+05 1.402909179826951586e+05 4.033763076989976980e+04 -8.212504606806638185e+04 -1.222595953502039192e+05 -4.702692426245743991e+04 5.923297217080605333e+04 1.109837108653078612e+05 7.507756234945931647e+04 -2.023636593637543001e+03 -5.342984199805949902e+04 -3.915613061174624454e+04 1.643903261584880238e+04 6.057685134948912309e+04 6.228712507605491555e+04 4.408439110401906073e+07 9.447347285641473532e+07 2.571587925175693631e+07 2.197257652998311445e+06 1.532939165978423320e+06 1.020378715601994423e+06 7.617779554193455260e+05 7.162142297346312553e+05 9.311698501791654853e+05 1.081613706149119418e+06 9.738983519796507899e+05 6.497585340508907102e+05 3.551879983688360080e+05 3.132848010964107234e+05 4.913880865728387143e+05 6.733834158130355645e+05 6.643861716004442424e+05 4.584137022729285527e+05 2.313279940462907252e+05 1.414428246161836432e+05 2.344522130219587125e+05 3.755591136970269727e+05 4.306848310609792825e+05 3.502740623774703126e+05 2.091423496619504294e+05 1.131195072886922862e+05 1.236771239207067556e+05 2.004158685135303531e+05 2.585681968395428266e+05 2.493197810776297410e+05
4.935454934999791440e+05 1.313271667091842741e+07 3.837528110385908186e+07 3.242131264822246507e+06 -7.371109942606964614e+05 -7.040658599514744710e+05 -7.180529800931490026e+05 -5.659828698254607152e+05 -2.926936506602189620e+05 -5.668087984819727717e+04 1.334858323748168186e+04 -6.516653045759032830e+04 -1.628471513443455915e+05 -1.593088554312256165e+05 -4.949986928593627817e+04 7.110368327435405809e+04 1.064542446747194481e+05 4.490308835307919071e+04 -4.240195300993683486e+04 -7.540870735547467484e+04 -3.084231647339592018e+04 4.332147449507557030e+04 8.329406523198043578e+04 6.346578327276005439e+04 1.065683613401312323e+04 -2.723387557272554113e+04 -2.181732758826248755e+04 1.441456488056226954e+04 4.645543757675539382e+04 4.979980735199876653e+04 1.399164017808518140e+06 1.666506595557951182e+07 2.742921077196957543e+07 7.872163702580823563e+06 1.229330391616314650e+06 1.011471029474482639e+06 7.181734522525741486e+05 6.677585913711728062e+05 7.862282984100454487e+05 8.987827627864055103e+05 8.363555970162970480e+05 6.119475035532191396e+05 3.898803183213925804e+05 3.275633392480469774e+05 4.267149060613764450e+05 5.472853927301778458e+05 5.483293870685488218e+05 4.129719774967972189e+05 2.471228270970114390e+05 1.705213434697568300e+05 2.157732918832919677e+05 3.082946363710553851e+05 3.491294900836403831e+05 2.991979877301954548e+05 2.005646762661425164e+05 1.279580041176621744e+05 1.249950474071444769e+05 1.714171594580954988e+05 2.117977874685445277e+05 2.073676365486500436e+05
-4.729078504601481836e+05 -9.549144033249095082e+05 3.242131264822246507e+06 1.233194276574429125e+07 9.690479432955626398e+05 -4.625743313760815654e+05 -4.498323456443430623e+05 -3.730333625269550830e+05 -2.057348362758453586e+05 -6.317769168144282594e+04 -4.963428313587014600e+03 -2.809575500980865036e+04 -7.073708525093579374e+04 -7.261911196433866280e+04 -2.479986375247615069e+04 3.337700977995425637e+04 5.628028864098602207e+04 3.377159505365868972e+04 -5.482405824265648334e+03 -2.436243379196012393e+04 -8.464919363560060447e+03 2.393752690704428824e+04 4.461656211076349427e+04 3.879596571121449233e+04 1.607050482343096883e+04 -2.642929317572232321e+03 -3.063889618203720602e+03 1.140056937434820429e+04 2.619319732226182532e+04 2.886650861451638775e+04 7.782637930612254422e+05 1.722450295517618302e+06 6.087727006323692389e+06 1.128828298874942958e+07 2.902677952345554717e+06 6.184291269919422921e+05 5.240173229956694413e+05 4.521024772797424812e+05 4.955847209185811225e+05 5.425139075340982527e+05 5.215564383817087510e+05 4.211219375344183645e+05 3.087632871205545962e+05 2.582125628268609289e+05 2.818198583023878746e+05 3.270872926213043975e+05 3.290326890590157127e+05 2.708915440168145578e+05 1.918935155535554513e+05 1.455056848256136291e+05 1.528858617706926889e+05 1.871399142886926420e+05 2.057938459999930346e+05 1.858166653042056714e+05 1.412281740871251677e+05 1.036888986542274070e+05 9.507830363215185935e+04 1.102838940985903027e+05 1.268567852433292137e+05 1.251791528354598559e+05
-5.881178867100223433e+05 -8.988658495703509543e+05 -7.371109942606964614e+05 9.690479432955626398e+05 4.720063206152492203e+06 3.379386931383109186e+05 -2.976741459178645164e+05 -2.378621716863954789e+05 -1.445054413894639001e+05 -5.683468861320779251e+04 -1.454602119580187718e+04 -1.274245261120141186e+04 -2.568210248813136786e+04 -2.629698082809867992e+04 -7.984221042021072208e+03 1.623103349245730715e+04 2.859329546291496445e+04 2.307669633601619353e+04 8.543625587595015531e+03 -5.923372423068117314e+02 3.051417003867812127e+03 1.451859277630008546e+04 2.340285435382857395e+04 2.289769071580049786e+04 1.491816329837938974e+04 6.934905193763490388e+03 5.123624039865257146e+03 9.419236424472612271e+03 1.487274300563333964e+04 1.609708270751338569e+04 4.884881851281117415e+05 1.470054373769604135e+06 1.209668687586093787e+06 2.521552458416862413e+06 3.665923890274834353e+06 1.272258403480584268e+06 3.100648347221547738e+05 3.076549990435895743e+05 3.078540318188812234e+05 3.238009753694364335e+05 3.154147254215821158e+05 2.769217837425210746e+05 2.269129310670648701e+05 1.939844373075372423e+05 1.881451598998598638e+05 1.958790905311657116e+05 1.937673688279113267e+05 1.712663476365321549e+05 1.378779871424215671e+05 1.127928520562034973e+05 1.068656045323733124e+05 1.139394772611674562e+05 1.191965696060274495e+05 1.120203837444468081e+05 9.436409033306877245e+04 7.689409140554076293e+04 6.891621213018067647e+04 7.067445693399067386e+04 7.488543488683400210e+04 7.312062666791121592e+04
-4.686394344415870728e+05 -9.044087284050565213e+05 -7.040658599514744710e+05 -4.625743313760815654e+05 3.379386931383109186e+05 2.314915967287979089e+06 1.191067037057077541e+05 -1.721780272141788155e+05 -1.008197241859071364e+05 -4.712222729054898809e+04 -1.552484704437775326e+04 -6.112068273713752205e+03 -5.572053975045389961e+03 -3.511000002953628609e+03 3.412684789178927531e+03 1.200293281261530137e+04 1.732454530515162332e+04 1.713739463839540258e+04 1.305205314715789063e+04 9.330669863631612316e+03 9.000593232070415979e+03 1.157353893243713173e+04 1.442953918585529391e+04 1.497381619230785145e+04 1.291884368726063622e+04 1.000303244364415877e+04 8.418172742634065798e+03 8.762360124452303353e+03 9.900537621748815582e+03 9.855694447411548026e+03 3.790906058727279305e+05 1.099759112665900029e+06 1.022839264624101575e+06 6.501737093312684447e+05 1.158131010711172596e+06 1.984822898708199151e+06 6.762093219135843683e+05 2.056283774910880893e+05 2.241677113128252677e+05 2.197390814684109646e+05 2.134543721231700038e+05 1.972633817217264441e+05 1.762474976805536426e+05 1.566083493142579391e+05 1.431234324979400262e+05 1.353870759046954627e+05 1.284657939660835691e+05 1.181727109983004339e+05 1.041987624236616539e+05 9.091995770528179128e+04 8.251824756569904275e+04 7.912985442669072654e+04 7.767748847091587959e+04 7.410199571292716428e+04 6.734561957439093385e+04 5.941870367537981656e+04 5.348308467459623353e+04 5.064143446443464200e+04 4.939562955139554106e+04 4.664011219290905865e+04
-4.212965201200647862e+05 -8.521126967967476230e+05 -7.180529800931490026e+05 -4.498323456443430623e+05 -2.976741459178645164e+05 1.191067037057077541e+05 1.266159958101293072e+06 6.768108059125120053e+04 -6.585030568148275779e+04 -2.458355828763114550e+04 -7.255441833910067544e+03 2.212399992535316414e+03 8.232913971190604570e+03 1.324424293333480091e+04 1.593833075976177497e+04 1.620824865884329120e+04 1.564561212928940586e+04 1.567302454332270645e+04 1.591566211698523693e+04 1.566029089082109931e+04 1.453244312137172528e+04 1.299482584286470228e+04 1.198680703278981127e+04 1.177681638299754195e+04 1.190271228403897476e+04 1.169766640062603619e+04 1.087324756239477574e+04 9.659323294273817737e+03 8.459317348256066907e+03 7.268578912734146797e+03 2.865713442589907208e+05 8.253525115209912183e+05 7.729060779940583743e+05 5.504515031963866204e+05 3.422856263300979626e+05 6.483008364336974919e+05 1.113690727863079868e+06 4.119478493315752130e+05 1.691704349278963637e+05 1.758162107985285111e+05 1.610993934471875546e+05 1.503202165953285876e+05 1.419630032639544806e+05 1.333994985343332519e+05 1.212600437010726018e+05 1.073646715545696497e+05 9.526050866092048818e+04 8.705911589939869009e+04 8.119043272470957891e+04 7.549327006699430058e+04 6.883289601118266000e+04 6.184488342364515120e+04 5.629432511597067059e+04 5.255568328969874710e+04 4.988195912238970050e+04 4.708970277086578426e+04 4.358494531129661482e+04 3.960672459029550373e+04 3.570389160553855618e+04 3.173169794820535026e+04
-3.344807457107155351e+05 -6.788299216951525304e+05 -5.659828698254607152e+05 -3.730333625269550830e+05 -2.378621716863954789e+05 -1.721780272141788155e+05 6.768108059125120053e+04 7.528840470256760018e+05 7.896133533964914386e+04 -2.386800891044458695e+02 9.816748465228796704e+03 1.278241835546590482e+04 1.962607403811042605e+04 2.594112090928758334e+04 2.737298576882932321e+04 2.344821266687180469e+04 1.858148489526503545e+04 1.688008120329731173e+04 1.816250048803637765e+04 1.977135155279942774e+04 1.900897580051996920e+04 1.586017159091710710e+04 1.254971531950072676e+04 1.106100215795246913e+04 1.155236628647007637e+04 1.257380417738098186e+04 1.250206961532175774e+04 1.088191950814989104e+04 8.588502885891179176e+03 6.659583276235605808e+03 2.741249614855218679e+05 7.762456592081646668e+05 7.166496246542175068e+05 4.902584692133098142e+05 3.362452423598518362e+05 2.394236014661110821e+05 4.132537799897804507e+05 6.494440161389564164e+05 2.774204570677436423e+05 1.372475319831052329e+05 1.288155506673439086e+05 1.139707295557427715e+05 1.101185062131583254e+05 1.091074760689397226e+05 1.024720346788098104e+05 8.865678942333930172e+04 7.366738395518537436e+04 6.418698105528646556e+04 6.077841238808014896e+04 5.969675583333770919e+04 5.631467785749147879e+04 4.953472054968287557e+04 4.226786514404072659e+04 3.739528865852555464e+04 3.571577262560342206e+04 3.546155535903511191e+04 3.419544601021170092e+04 3.081332129219800117e+04 2.619871095620889537e+04 2.162884790782526397e+04
-1.676899048418361635e+05 -3.228721057250032900e+05 -2.926936506602189620e+05 -2.057348362758453586e+05 -1.445054413894639001e+05 -1.008197241859071364e+05 -6.585030568148275779e+04 7.896133533964914386e+04 4.662054416051696753e+05 7.858530125584223424e+04 2.001520880802204192e+04 2.097469696772309908e+04 2.457572312928149768e+04 3.014393134113722044e+04 3.083094208353609793e+04 2.598547334621485425e+04 1.991293201445813975e+04 1.724628816980306146e+04 1.818705181514669675e+04 2.002502257709945843e+04 1.954634561463251157e+04 1.631220056542908969e+04 1.250497205282053801e+04 1.045843225796538354e+04 1.069982204127578370e+04 1.186529472827359132e+04 1.207233978365543226e+04 1.059565034348103654e+04 8.254596926388072461e+03 6.325030546196203431e+03 3.738126508367080241e+05 9.850064867006323766e+05 8.295296427134445403e+05 5.279589593749084743e+05 3.376815870866657933e+05 2.516868563556665904e+05 1.986717689251268166e+05 2.863462623170164297e+05 4.119423985027900198e+05 1.837677423619368928e+05 9.111926745276051224e+04 8.237980631878998247e+04 7.777004439132602420e+04 7.997351185765271657e+04 7.774827826963053667e+04 6.778143984624370933e+04 5.444152449062118831e+04 4.519916069336986402e+04 4.224155011941824341e+04 4.277786243114162062e+04 4.169943618965178030e+04 3.678445137228057138e+04 3.029939641483804007e+04 2.545652222057939071e+04 2.388173084721800114e+04 2.434844805404128419e+04 2.424302008794728317e+04 2.196637516867602244e+04 1.808241749479169448e+04 1.408433826648462491e+04
-4.602921845400200982e+04 -3.873195225231219956e+04 -5.668087984819727717e+04 -6.317769168144282594e+04 -5.683468861320779251e+04 -4.712222729054898809e+04 -2.458355828763114550e+04 -2.386800891044458695e+02 7.858530125584223424e+04 2.929514295813248609e+05 5.839670580782561592e+04 1.982328884552919044e+04 2.263533143611233390e+04 2.555588489161678808e+04 2.584316078810844920e+04 2.188926372783181068e+04 1.712149002945317989e+04 1.497655642516735679e+04 1.558200709119549720e+04 1.687347317381700122e+04 1.635138884135460103e+04 1.369416071154082965e+04 1.059217422523126515e+04 8.873793786783320684e+03 8.964387588511637659e+03 9.809650991924090704e+03 9.917718081338767661e+03 8.706995723167116012e+03 6.843211868288334699e+03 5.364997822143064695e+03 4.217819110516030341e+05 1.122520544962015934e+06 9.312663296615297440e+05 5.666955890081641264e+05 3.463366272756163962e+05 2.438715345249157981e+05 1.993952413878833177e+05 1.599944863769407384e+05 1.926022972804548335e+05 2.610258849295248510e+05 1.124453337488544494e+05 5.307448199134095921e+04 5.277523364355920057e+04 5.396380746351569542e+04 5.361814732260392339e+04 4.744857117613808077e+04 3.828646862103675812e+04 3.146345710556145787e+04 2.904363962014450954e+04 2.944961819947238837e+04 2.894796572689623645e+04 2.565444818522191053e+04 2.101123191115300506e+04 1.734763548106848975e+04 1.603939117879164041e+04 1.635668819542366327e+04 1.638190923983108951e+04 1.482860561622667956e+04 1.205269618408769384e+04 9.162054659264282236e+03
-1.492903477612735151e+04 2.281509381629760173e+04 1.334858323748168186e+04 -4.963428313587014600e+03 -1.454602119580187718e+04 -1.552484704437775326e+04 -7.255441833910067544e+03 9.816748465228796704e+03 2.001520880802204192e+04 5.839670580782561592e+04 1.926534146752634842e+05 4.243509987776807975e+04 1.842344230307451289e+04 2.033547215805462838e+04 1.930996542526218764e+04 1.623355800998725681e+04 1.304359472062513851e+04 1.201385936128286994e+04 1.272208000324397108e+04 1.350757635296368426e+04 1.271519590470314870e+04 1.044726978653631704e+04 8.127578107286853992e+03 7.018180582959508683e+03 7.216210918296763339e+03 7.806203248849099509e+03 7.699662374343454758e+03 6.610990698473873636e+03 5.159009089964814848e+03 4.144413951196576818e+03 3.716996284837900894e+05 1.000599708645249717e+06 8.565723555234208470e+05 5.365761064502052031e+05 3.306357315618000575e+05 2.311284410591758206e+05 1.810163685878354590e+05 1.475519433970535174e+05 1.071148614770869317e+05 1.187376380378360918e+05 1.630551918294428615e+05 6.919697198180244595e+04 3.344803854124536156e+04 3.604652075269933994e+04 3.506105915775330504e+04 3.124627528588094719e+04 2.570938983893109253e+04 2.179425098679915754e+04 2.037766439492869176e+04 2.040504666176755563e+04 1.962470472693339252e+04 1.710349170910876637e+04 1.399607758335469043e+04 1.171795535434922567e+04 1.096477392031857016e+04 1.111317625275371392e+04 1.089031769227177574e+04 9.587773316900251302e+03 7.588231148071548887e+03 5.663983050688570984e+03
-6.391504556378292909e+04 -1.065210174695348542e+05 -6.516653045759032830e+04 -2.809575500980865036e+04 -1.274245261120141186e+04 -6.112068273713752205e+03 2.212399992535316414e+03 1.278241835546590482e+04 2.097469696772309908e+04 1.982328884552919044e+04 4.243509987776807975e+04 1.403170295012568240e+05 3.691130171507073101e+04 1.917462958991712003e+04 1.738173631929655676e+04 1.343179804744166904e+04 1.079290519387321547e+04 1.055938227860509141e+04 1.171703680837704815e+04 1.235139868863815173e+04 1.116405449663833861e+04 8.720372866029047145e+03 6.609032937848767688e+03 5.900543220850393482e+03 6.366682617713453510e+03 6.948601232980325221e+03 6.665848044732329072e+03 5.469247519293391633e+03 4.108055788708235923e+03 3.349576807878015188e+03 2.374893594178548083e+05 6.673526486927904189e+05 6.239931076281724963e+05 4.296446878472815733e+05 2.866773110825864132e+05 2.099060752966059372e+05 1.655286418469719938e+05 1.297008441018192680e+05 9.520384668043436250e+04 6.234667407883191481e+04 7.253854296818001603e+04 1.133874365565131011e+05 4.815545235502685682e+04 2.405732167621064218e+04 2.423178925555650494e+04 2.039432554492424970e+04 1.670570737119137630e+04 1.478877762104130306e+04 1.459960848834230637e+04 1.473587072577411345e+04 1.362797924051965492e+04 1.114819350628704524e+04 8.712860002802794043e+03 7.387527450799154394e+03 7.301236712784218980e+03 7.596784911242504677e+03 7.210017795352747271e+03 5.856252357421784836e+03 4.145598412135778744e+03 2.787131345059350224e+03
-1.142685620215197268e+05 -2.443816905059931742e+05 -1.628471513443455915e+05 -7.073708525093579374e+04 -2.568210248813136786e+04 -5.572053975045389961e+03 8.232913971190604570e+03 1.962607403811042605e+04 2.457572312928149768e+04 2.263533143611233390e+04 1.842344230307451289e+04 3.691130171507073101e+04 1.112791149553134310e+05 3.474293419139136677e+04 1.851616292725095263e+04 1.398706976801064411e+04 1.052566725080340075e+04 1.042062853085266215e+04 1.194221947121447738e+04 1.279494951583101465e+04 1.147041611173170168e+04 8.703243316790281824e+03 6.366706501654120075e+03 5.676520977480542570e+03 6.313629403508250107e+03 7.024963198786885187e+03 6.717665931207292488e+03 5.393257502636648496e+03 3.937880507571238923e+03 3.219062023553682593e+03 1.253719103112235607e+05 3.715386696411935845e+05 4.007521970372488722e+05 3.160502806676360779e+05 2.351590271919934312e+05 1.870086494009480812e+05 1.550498543250632647e+05 1.236949140307040943e+05 8.921124015245243208e+04 6.026331390940095298e+04 3.859669673564549885e+04 5.112677082758121833e+04 8.418293571207069908e+04 3.834536698950971913e+04 1.924824005207962909e+04 1.635933862411218433e+04 1.220403729099175325e+04 1.089739782993062545e+04 1.159571933941042880e+04 1.241000323441899309e+04 1.143973726152926611e+04 8.767477205776143819e+03 6.224008729655934076e+03 5.103052372316307810e+03 5.422323039164166403e+03 6.046465364118101206e+03 5.747694118423174586e+03 4.315360845168297601e+03 2.563501540701508929e+03 1.351645992445059164e+03
-9.969038266462358297e+04 -2.252153173100482090e+05 -1.593088554312256165e+05 -7.261911196433866280e+04 -2.629698082809867992e+04 -3.511000002953628609e+03 1.324424293333480091e+04 2.594112090928758334e+04 3.014393134113722044e+04 2.555588489161678808e+04 2.033547215805462838e+04 1.917462958991712003e+04 3.474293419139136677e+04 8.740971203178525320e+04 2.871804663343213906e+04 1.439390852327845278e+04 1.076936236255379845e+04 9.968363985283840520e+03 1.142760841405943575e+04 1.256158695838985659e+04 1.161786873952670794e+04 9.022658993324217590e+03 6.593574352703113618e+03 5.700712443511702986e+03 6.224011101522111858e+03 6.980017311993869953e+03 6.812383519566601535e+03 5.597562093375513541e+03 4.161701108767123515e+03 3.398156961728454007e+03 1.203429279063991271e+05 3.327917285185084911e+05 3.416638578738389770e+05 2.681886947698415024e+05 2.042492930263002054e+05 1.689786050377667998e+05 1.479608724053422629e+05 1.241760205760864628e+05 9.286973375378377386e+04 6.314728074760985328e+04 4.244458196371736994e+04 3.065365789632550513e+04 4.357205832941866538e+04 6.596180999921419425e+04 3.261505921869350277e+04 1.579419795144254385e+04 1.200766205002608694e+04 9.892802663997261334e+03 1.076714952292726230e+04 1.225719836667455820e+04 1.195308899874219787e+04 9.472635903475904342e+03 6.674075585051190501e+03 5.214567013688044426e+03 5.430467792242494397e+03 6.221996981135795068e+03 6.182189353329687947e+03 4.888793082139161925e+03 3.111923016270745848e+03 1.819190774816862358e+03
-3.024496648676434052e+04 -6.171841387391528406e+04 -4.949986928593627817e+04 -2.479986375247615069e+04 -7.984221042021072208e+03 3.412684789178927531e+03 1.593833075976177497e+04 2.737298576882932321e+04 3.083094208353609793e+04 2.584316078810844920e+04 1.930996542526218764e+04 1.738173631929655676e+04 1.851616292725095263e+04 2.871804663343213906e+04 6.430282387390707299e+04 1.984072584910530713e+04 9.535345906229864340e+03 8.527447259118212969e+03 9.290282425764402433e+03 1.047324795659373922e+04 1.015714528797922139e+04 8.333862403540253581e+03 6.303324485731774075e+03 5.314774347384643988e+03 5.532050993631948586e+03 6.134752493606732969e+03 6.138432931583226491e+03 5.273897810061005657e+03 4.106643333112661821e+03 3.372507695549474192e+03 1.970155145303740283e+05 5.124524530917699449e+05 4.430927768747290829e+05 2.944451436857816298e+05 2.011098959640344256e+05 1.585247020399786707e+05 1.394364907931535854e+05 1.217084583474156534e+05 9.502484250443699420e+04 6.698051752060827857e+04 4.567714073718465806e+04 3.477265908810986730e+04 3.021463912675945176e+04 3.991817519695476221e+04 5.784033491382165812e+04 2.653697504465885140e+04 1.240624941971406224e+04 1.047911847018621484e+04 1.063063620687489856e+04 1.227758771376824370e+04 1.263139423431381510e+04 1.085616589757160000e+04 8.270792562759743305e+03 6.532173219203616100e+03 6.333387713993317448e+03 6.946748359964698466e+03 7.092429430290772871e+03 6.140936258098246981e+03 4.584930267616908168e+03 3.276820648112322033e+03
3.689203765306013520e+04 1.039565555957082834e+05 7.110368327435405809e+04 3.337700977995425637e+04 1.623103349245730715e+04 1.200293281261530137e+04 1.620824865884329120e+04 2.344821266687180469e+04 2.598547334621485425e+04 2.188926372783181068e+04 1.623355800998725681e+04 1.343179804744166904e+04 1.398706976801064411e+04 1.439390852327845278e+04 1.984072584910530713e+04 4.484111452624316735e+04 1.272167119134220047e+04 6.223647479723702418e+03 6.580378189929655491e+03 7.365139391788454304e+03 7.530027424514109953e+03 6.591831837159319548e+03 5.266446318734226224e+03 4.431518144558263884e+03 4.394971153195194347e+03 4.748193488021512167e+03 4.831259216670944625e+03 4.341836053584809633e+03 3.559898186856323264e+03 2.964982038238099449e+03 2.678697012986891204e+05 6.918075605879887007e+05 5.622225328306371812e+05 3.396817362521510804e+05 2.097205625710344175e+05 1.526151760446388798e+05 1.284442453999460558e+05 1.117393330157340097e+05 8.937850141629067366e+04 6.507059380543262523e+04 4.598643116273534542e+04 3.523152306864059210e+04 3.152679901383996912e+04 2.862173527338356507e+04 3.337918288774673420e+04 4.442208471653921151e+04 2.001361459648075106e+04 1.003462546274047054e+04 1.019546601587830446e+04 1.126144056107639881e+04 1.189486367876571421e+04 1.089110155192064121e+04 8.975802490192185360e+03 7.378836657746003766e+03 6.868048201421132035e+03 7.130948012369575736e+03 7.265027387214854571e+03 6.648006150657407488e+03 5.479921456249665425e+03 4.342729263046869164e+03
4.992448425855420646e+04 1.402909179826951586e+05 1.064542446747194481e+05 5.628028864098602207e+04 2.859329546291496445e+04 1.732454530515162332e+04 1.564561212928940586e+04 1.858148489526503545e+04 1.991293201445813975e+04 1.712149002945317989e+04 1.304359472062513851e+04 1.079290519387321547e+04 1.052566725080340075e+04 1.076936236255379845e+04 9.535345906229864340e+03 1.272167119134220047e+04 3.245611410812854592e+04 8.703961030056385425e+03 4.546816767979576980e+03 5.089959365137592613e+03 5.199823775872906481e+03 4.752205365488205643e+03 3.977745941174471682e+03 3.433461086042507759e+03 3.357425406301654220e+03 3.547627392339357357e+03 3.602861102418036808e+03 3.303714690673607947e+03 2.797461161194949909e+03 2.377292020860200410e+03 2.575255174726968398e+05 6.773467710517441155e+05 5.588748355752737261e+05 3.388034184519184055e+05 2.058258486662966316e+05 1.446849864093486103e+05 1.160672972055633436e+05 9.717405876642672229e+04 7.695990952870776528e+04 5.701998924718741182e+04 4.162929292650450952e+04 3.276396423147992027e+04 2.877466362369314447e+04 2.627925084912856983e+04 2.172202736377242763e+04 2.379659778168940102e+04 3.244248570399695745e+04 1.455514985590963988e+04 8.078772703335252118e+03 9.027393804311373970e+03 9.378816032976057613e+03 8.863200339933275245e+03 7.657478747884468248e+03 6.549457430572293561e+03 6.081083644192140127e+03 6.133752156847374863e+03 6.158139686824966702e+03 5.718643482555885384e+03 4.899014180508705977e+03 4.051772833006150904e+03
8.680138098842839099e+03 4.033763076989976980e+04 4.490308835307919071e+04 3.377159505365868972e+04 2.307669633601619353e+04 1.713739463839540258e+04 1.567302454332270645e+04 1.688008120329731173e+04 1.724628816980306146e+04 1.497655642516735679e+04 1.201385936128286994e+04 1.055938227860509141e+04 1.042062853085266215e+04 9.968363985283840520e+03 8.527447259118212969e+03 6.223647479723702418e+03 8.703961030056385425e+03 2.528937481663324797e+04 7.470093122945219875e+03 4.406636501932731335e+03 4.355533104638847362e+03 3.763326688485621617e+03 3.153395058425216575e+03 2.822569758204760547e+03 2.871124500974503462e+03 3.054040633328612330e+03 3.044978579311002250e+03 2.731082207136351826e+03 2.294152332333319464e+03 1.989540303544991048e+03 1.701542971988059580e+05 4.670520269441936398e+05 4.196739218133834656e+05 2.775709581369067309e+05 1.806116815099392552e+05 1.316933093643149477e+05 1.050686361494268931e+05 8.492356484137073858e+04 6.519153862022233079e+04 4.801294743307431054e+04 3.574364653334231116e+04 2.889117112098417419e+04 2.551767340390295431e+04 2.248669874126704599e+04 1.840752587047075212e+04 1.317113734241731618e+04 1.492769196544437364e+04 2.486876923313680163e+04 1.073250560400618451e+04 6.258166504752058245e+03 6.675494451525671138e+03 6.088932766685128627e+03 5.294438038095104275e+03 4.655489181619388546e+03 4.477031468287438656e+03 4.574530600175406107e+03 4.539495278933787631e+03 4.126707396554485967e+03 3.478222724797401497e+03 2.877030557898408006e+03
-3.761901702540455153e+04 -8.212504606806638185e+04 -4.240195300993683486e+04 -5.482405824265648334e+03 8.543625587595015531e+03 1.305205314715789063e+04 1.591566211698523693e+04 1.816250048803637765e+04 1.818705181514669675e+04 1.558200709119549720e+04 1.272208000324397108e+04 1.171703680837704815e+04 1.194221947121447738e+04 1.142760841405943575e+04 9.290282425764402433e+03 6.580378189929655491e+03 4.546816767979576980e+03 7.470093122945219875e+03 2.187265147624740348e+04 7.648338763215595463e+03 4.575349872863795099e+03 3.772006857666563974e+03 2.944992182317344486e+03 2.669505335102991012e+03 2.849060573211552764e+03 3.118576796654361715e+03 3.084998605066916753e+03 2.685296430313472683e+03 2.191796099395966849e+03 1.915561261674786238e+03 8.308142043763346737e+04 2.388166113633164205e+05 2.526585039487133326e+05 1.972563369093066431e+05 1.455744405076263356e+05 1.155154126993385726e+05 9.637139793046265549e+04 7.826404491578179295e+04 5.896417714184142824e+04 4.262297444664461364e+04 3.156804152712081122e+04 2.589492175186606619e+04 2.335143718204501420e+04 2.067446369735792541e+04 1.632119148237297122e+04 1.144927176294994024e+04 7.278000736971520382e+03 1.024414094848945570e+04 1.918161935952245040e+04 8.898333183105971329e+03 4.855396724238147726e+03 4.375913633547483187e+03 3.485163090782903510e+03 3.061847868143216147e+03 3.152874418410081489e+03 3.443694079448476259e+03 3.457128963613052747e+03 3.020048292613418653e+03 2.383930125457433860e+03 1.888687663156157669e+03
-5.219975239388835325e+04 -1.222595953502039192e+05 -7.540870735547467484e+04 -2.436243379196012393e+04 -5.923372423068117314e+02 9.330669863631612316e+03 1.566029089082109931e+04 1.977135155279942774e+04 2.002502257709945843e+04 1.687347317381700122e+04 1.350757635296368426e+04 1.235139868863815173e+04 1.279494951583101465e+04 1.256158695838985659e+04 1.047324795659373922e+04 7.365139391788454304e+03 5.089959365137592613e+03 4.406636501932731335e+03 7.648338763215595463e+03 1.935707243639686567e+04 7.258188003735809616e+03 4.100274675712846147e+03 3.167818486575500174e+03 2.730869155597540157e+03 2.926387135425631641e+03 3.260471844494902598e+03 3.276301281701809330e+03 2.869157317427591352e+03 2.334379480934569074e+03 2.029304923050361822e+03 5.052491552919197420e+04 1.504383875857909152e+05 1.774327151149629499e+05 1.517253567537847557e+05 1.207611075251106813e+05 1.019393533246102743e+05 8.984483198208514659e+04 7.596914614482093020e+04 5.817248312140663620e+04 4.182117252241290407e+04 3.047550816348424269e+04 2.482594871459830028e+04 2.286955693401570170e+04 2.096594056861323770e+04 1.704356532309597969e+04 1.192484367992541229e+04 7.752109661287511699e+03 5.538909940837758768e+03 9.170975947369157439e+03 1.683010863582659658e+04 8.311640338759794759e+03 4.164672109051069128e+03 3.310335425946480427e+03 2.679086004441000114e+03 2.826121798141639374e+03 3.260442760316170279e+03 3.403236386140510604e+03 3.000320509476436655e+03 2.330586471850067937e+03 1.807708084539090123e+03
-1.844656868003065756e+04 -4.702692426245743991e+04 -3.084231647339592018e+04 -8.464919363560060447e+03 3.051417003867812127e+03 9.000593232070415979e+03 1.453244312137172528e+04 1.900897580051996920e+04 1.954634561463251157e+04 1.635138884135460103e+04 1.271519590470314870e+04 1.116405449663833861e+04 1.147041611173170168e+04 1.161786873952670794e+04 1.015714528797922139e+04 7.530027424514109953e+03 5.199823775872906481e+03 4.355533104638847362e+03 4.575349872863795099e+03 7.258188003735809616e+03 1.641917014982080946e+04 5.927696426605582019e+03 3.219453332453285839e+03 2.724483575085689154e+03 2.734447883743387138e+03 3.035562040896356393e+03 3.130234133866948923e+03 2.847770217741257511e+03 2.388055675599543974e+03 2.067317313026979718e+03 9.482299090178422921e+04 2.449997633568964666e+05 2.243740175241707184e+05 1.606455905183498689e+05 1.161405998167466896e+05 9.475408083694381639e+04 8.441647166227811249e+04 7.385866206107581093e+04 5.837358330175041920e+04 4.256790789577301621e+04 3.090514770286580460e+04 2.486473793323813152e+04 2.298405805480678100e+04 2.175594667694074451e+04 1.859346212166380428e+04 1.387309624851379704e+04 9.475717566136878304e+03 7.190633569046352932e+03 6.555648431424498995e+03 9.949010343650557843e+03 1.690585585974651622e+04 7.939718385298290741e+03 4.106610387713237287e+03 3.427969575533662919e+03 3.301707868556840367e+03 3.705022773055943617e+03 3.946751284844446673e+03 3.672500104639465917e+03 3.052510901428863690e+03 2.481554606078471807e+03
2.306290253176610713e+04 5.923297217080605333e+04 4.332147449507557030e+04 2.393752690704428824e+04 1.451859277630008546e+04 1.157353893243713173e+04 1.299482584286470228e+04 1.586017159091710710e+04 1.631220056542908969e+04 1.369416071154082965e+04 1.044726978653631704e+04 8.720372866029047145e+03 8.703243316790281824e+03 9.022658993324217590e+03 8.333862403540253581e+03 6.591831837159319548e+03 4.752205365488205643e+03 3.763326688485621617e+03 3.772006857666563974e+03 4.100274675712846147e+03 5.927696426605582019e+03 1.304717662161252883e+04 4.493548292991639755e+03 2.442470746483599214e+03 2.324575738716742308e+03 2.454139579635459995e+03 2.596578702736917876e+03 2.483854845772971203e+03 2.184982079082451492e+03 1.901677560756228786e+03 1.494887588500678539e+05 3.858256040057890350e+05 3.170523511597750476e+05 1.954915597531798412e+05 1.240752640630428796e+05 9.258366443443301250e+04 7.909340913858925342e+04 6.913766116887735552e+04 5.569984931783989305e+04 4.146871925315649423e+04 3.050978562425712880e+04 2.449764391484529551e+04 2.241754318941690872e+04 2.136350672407953971e+04 1.890693890876715159e+04 1.496696272755683094e+04 1.100591892053465926e+04 8.546300629693079827e+03 7.842606750771405132e+03 7.779433421198127689e+03 1.023827963943475334e+04 1.476813113985150267e+04 7.458038292023047688e+03 4.121960389034695254e+03 3.902348903901656286e+03 4.047686794854350865e+03 4.297523549237170300e+03 4.169851021592494362e+03 3.699243651341442273e+03 3.159694535563888167e+03
4.330949464589741547e+04 1.109837108653078612e+05 8.329406523198043578e+04 4.461656211076349427e+04 2.340285435382857395e+04 1.442953918585529391e+04 1.198680703278981127e+04 1.254971531950072676e+04 1.250497205282053801e+04 1.059217422523126515e+04 8.127578107286853992e+03 6.609032937848767688e+03 6.366706501654120075e+03 6.593574352703113618e+03 6.303324485731774075e+03 5.266446318734226224e+03 3.977745941174471682e+03 3.153395058425216575e+03 2.944992182317344486e+03 3.167818486575500174e+03 3.219453332453285839e+03 4.493548292991639755e+03 1.042812323701280548e+04 3.366091812062038116e+03 1.868793115956651263e+03 1.901594657145535166e+03 1.980932604424435794e+03 1.975152259204214715e+03 1.814994504938263617e+03 1.604612652271477828e+03 1.697264654315887019e+05 4.389602845277815359e+05 3.563578019698264543e+05 2.132413607629930484e+05 1.288249388373047113e+05 9.094073817094070546e+04 7.367132733903609915e+04 6.230982950523412728e+04 4.988870325843049795e+04 3.761096462271091877e+04 2.824385574903523957e+04 2.292999779922671587e+04 2.075767459197144490e+04 1.949776650572216022e+04 1.735497384768470511e+04 1.418864926517728418e+04 1.095562465092081402e+04 8.821104937227994014e+03 7.923084564576155572e+03 7.806923148907973882e+03 7.369458599041906382e+03 8.760577374145461363e+03 1.279310476948257565e+04 6.272021084806943691e+03 3.805070031524259321e+03 3.881490382482877067e+03 3.987806809865587638e+03 3.953805109413313403e+03 3.646235115436358228e+03 3.223129122159040435e+03
2.705083982848925370e+04 7.507756234945931647e+04 6.346578327276005439e+04 3.879596571121449233e+04 2.289769071580049786e+04 1.497381619230785145e+04 1.177681638299754195e+04 1.106100215795246913e+04 1.045843225796538354e+04 8.873793786783320684e+03 7.018180582959508683e+03 5.900543220850393482e+03 5.676520977480542570e+03 5.700712443511702986e+03 5.314774347384643988e+03 4.431518144558263884e+03 3.433461086042507759e+03 2.822569758204760547e+03 2.669505335102991012e+03 2.730869155597540157e+03 2.724483575085689154e+03 2.442470746483599214e+03 3.366091812062038116e+03 8.502674350262466760e+03 2.746250527123658685e+03 1.615839532929937377e+03 1.651792992067085379e+03 1.597581460745633649e+03 1.484808564803319769e+03 1.336679708203329710e+03 1.332104231110517867e+05 3.562805085007352754e+05 3.044012801697382238e+05 1.915966159451792773e+05 1.201202566779216286e+05 8.576866256215897738e+04 6.819319994167839468e+04 5.564727882414298074e+04 4.339946964800117712e+04 3.257186611438099862e+04 2.478656993744623469e+04 2.045489558443066562e+04 1.848823722605617149e+04 1.702035965109547396e+04 1.485739875848785232e+04 1.209503327027957494e+04 9.481497271330321382e+03 7.805560681798175210e+03 7.069568783737078775e+03 6.772421217081837312e+03 6.369819330733364950e+03 5.457604776037514057e+03 6.515687417060111329e+03 1.028012821787146095e+04 4.962128429764279645e+03 3.099140623593535111e+03 3.210955943225141709e+03 3.118555889003079756e+03 2.914600905678287290e+03 2.625604154339940578e+03
-3.046161556291185661e+03 -2.023636593637543001e+03 1.065683613401312323e+04 1.607050482343096883e+04 1.491816329837938974e+04 1.291884368726063622e+04 1.190271228403897476e+04 1.155236628647007637e+04 1.069982204127578370e+04 8.964387588511637659e+03 7.216210918296763339e+03 6.366682617713453510e+03 6.313629403508250107e+03 6.224011101522111858e+03 5.532050993631948586e+03 4.394971153195194347e+03 3.357425406301654220e+03 2.871124500974503462e+03 2.849060573211552764e+03 2.926387135425631641e+03 2.734447883743387138e+03 2.324575738716742308e+03 1.868793115956651263e+03 2.746250527123658685e+03 7.371441777223908502e+03 2.610398340612025095e+03 1.638034524236316201e+03 1.518375020045890778e+03 1.328193374135300473e+03 1.203695326745803868e+03 7.747872305224256706e+04 2.139999601758618956e+05 2.046013115673678694e+05 1.457513591638146318e+05 1.009653283923252311e+05 7.706718389978594496e+04 6.303826649037429888e+04 5.111130798344805953e+04 3.896875206573381729e+04 2.872439525696640339e+04 2.174707017378780074e+04 1.808842957718219986e+04 1.649716740500868764e+04 1.509232512350619072e+04 1.286659775989322952e+04 1.015322242047109830e+04 7.780089159875215046e+03 6.422262531590698927e+03 5.934395798613772058e+03 5.737590785959850109e+03 5.217176008678203289e+03 4.372433586378663676e+03 3.398301023457924202e+03 4.522905957555481109e+03 8.174146426881899970e+03 3.913504452966013559e+03 2.370639550929695361e+03 2.305791386212179532e+03 2.054384767791915692e+03 1.851256874996495299e+03
-2.296834308871942631e+04 -5.342984199805949902e+04 -2.723387557272554113e+04 -2.642929317572232321e+03 6.934905193763490388e+03 1.000303244364415877e+04 1.169766640062603619e+04 1.257380417738098186e+04 1.186529472827359132e+04 9.809650991924090704e+03 7.806203248849099509e+03 6.948601232980325221e+03 7.024963198786885187e+03 6.980017311993869953e+03 6.134752493606732969e+03 4.748193488021512167e+03 3.547627392339357357e+03 3.054040633328612330e+03 3.118576796654361715e+03 3.260471844494902598e+03 3.035562040896356393e+03 2.454139579635459995e+03 1.901594657145535166e+03 1.615839532929937377e+03 2.610398340612025095e+03 6.751161083638022319e+03 2.612585683678526038e+03 1.600148739463804077e+03 1.354539856548854914e+03 1.178998598171865069e+03 4.040088052649990277e+04 1.181756495403555164e+05 1.320722560832269373e+05 1.079598755966780736e+05 8.283287141382852860e+04 6.796762020169856260e+04 5.851909774566470151e+04 4.872075761122875701e+04 3.722387354317269637e+04 2.705478398505111545e+04 2.009773542344298767e+04 1.656800302841264420e+04 1.525970062119879549e+04 1.415483185232703545e+04 1.205287763416831513e+04 9.302448855668513716e+03 6.886861582026698670e+03 5.587349607470257979e+03 5.259992999908019556e+03 5.234091331708102189e+03 4.799085594870130080e+03 3.856711176934172727e+03 2.908165670725791188e+03 2.240154264918164245e+03 3.610143470933901881e+03 7.233014012424697285e+03 3.419573149670539351e+03 1.884552824305725608e+03 1.647084048114268398e+03 1.396199758781951232e+03
