1.689100333468974829e+08 2.672146523170676827e+07 1.413683679312969092e+06 2.071911990031941677e+05 -2.986127372219874815e+04 -2.491217472839863331e+04 -2.924678703936974853e+04 -1.270204964914609081e+04 2.574006077366137106e+04 4.952179331745482341e+04 4.727479282709327526e+04 2.189793317789239882e+04 1.507697575052313368e+03 2.034466036733222609e+03 1.971982046280530631e+04 3.891642814820750209e+04 3.978330434817347850e+04 2.442557179444843860e+04 7.866213902400083498e+03 -4.099645923133812175e+02 8.278620130587540189e+03 2.011294679668316530e+04 2.625228121637705408e+04 2.166211163767522885e+04 1.125527395207144400e+04 3.262197634256162019e+03 3.574709638825424463e+03 9.208385917233550572e+03 1.472393266747654707e+04 1.532651881152271199e+04 9.521340569980677962e+07 4.603405081322588027e+07 4.178723909682277590e+06 9.185668638723379700e+05 2.301104665163203026e+05 1.760305456130109960e+05 1.349947455923451344e+05 1.284024547472067206e+05 1.547431620634530555e+05 1.646915638688624022e+05 1.440471293987960671e+05 9.444795495157293044e+04 5.572598393565898004e+04 5.013930803950582049e+04 7.143416625930456212e+04 9.601509948990566772e+04 9.296854175017257512e+04 6.532357057774982241e+04 3.645656101865958044e+04 2.087688421088563700e+04 3.266260149076073867e+04 4.971622383550953236e+04 5.799640697987975727e+04 4.932401840437679493e+04 3.142187998938131568e+04 1.744506470743422688e+04 1.695603440760534431e+04 2.518941989646635921e+04 3.338279436278346111e+04 3.373769353213088471e+04
2.672146523170676827e+07 6.159947825121697038e+07 8.280030050441365689e+06 4.805752792256538523e+05 9.715117544170169276e+04 -2.886393276879104087e+04 -5.121785221499465842e+04 -2.557235046511179098e+04 5.297002060844974767e+04 1.108679713189259928e+05 1.087824761315560027e+05 5.364556737155569135e+04 2.644438255864185521e+03 -1.371297471443409449e+03 3.745483788398855540e+04 8.203833402349156677e+04 8.879936697094437841e+04 5.626930227359464334e+04 1.636425037777373655e+04 -3.368221409160697021e+03 1.295288841592145036e+04 4.144741467090259539e+04 5.697091190380502667e+04 4.850140243583160918e+04 2.494882839460542164e+04 6.025132369186741926e+03 5.221341322730744650e+03 1.799457176717800394e+04 3.113253256473785586e+04 3.369421456947919796e+04 1.560394645339676179e+07 3.828632665250471234e+07 1.368586328208201937e+07 1.883928565171248745e+06 7.881577937262330670e+05 4.351714384200236527e+05 3.298306038865876617e+05 3.036501824808773235e+05 3.561231420177450636e+05 3.880498024705675198e+05 3.453480929763415479e+05 2.356416082666040747e+05 1.397447992494990467e+05 1.188238707641130022e+05 1.648779491443870356e+05 2.211082266546394676e+05 2.203832689847436850e+05 1.602260997528608132e+05 9.028689992539648665e+04 5.339052768052069587e+04 7.420671427919738926e+04 1.149272705019589921e+05 1.353748371471611899e+05 1.180492064091358334e+05 7.704019545850023860e+04 4.386145856866685790e+04 4.008197205226017104e+04 5.842502871256286744e+04 7.756274893982338835e+04 7.986054830374778248e+04
1.413683679312969092e+06 8.280030050441365689e+06 1.835921722910760716e+07 2.465597645349672996e+06 1.745411114919183892e+05 3.317573595197121904e+04 -2.894198810653957844e+04 -1.202727800471281444e+04 4.011724170625304396e+04 8.501919608979197801e+04 8.836452515103842597e+04 5.422685022735905659e+04 1.770879011251463817e+04 1.021505920242628417e+04 3.314433581381464319e+04 6.183873195132534602e+04 6.870251936178782489e+04 4.919190090498579957e+04 2.154031783754696517e+04 7.085714942326930213e+03 1.454497342408100667e+04 3.251915454554111420e+04 4.345072031606768724e+04 3.884199519044510089e+04 2.369519559542021307e+04 1.054010944376886255e+04 8.419245937452975340e+03 1.581692148277220076e+04 2.431227825055777066e+04 2.670415886139594659e+04 1.109313933808773756e+06 7.227589509712165222e+06 1.119341225777201727e+07 3.971982151912868954e+06 7.949178645925115561e+05 4.554296636425263132e+05 2.929150505976539571e+05 2.639051883899209788e+05 2.855437372482905630e+05 3.068760537238111719e+05 2.802890307771139778e+05 2.088779591631764197e+05 1.391940579439194989e+05 1.149301577860280813e+05 1.376723880339990719e+05 1.706328691663150094e+05 1.723001425887565129e+05 1.351263006184198312e+05 8.642408354464234435e+04 5.908047056319830881e+04 6.630530862866644748e+04 9.063235226032027276e+04 1.044642138882520085e+05 9.424628521396634460e+04 6.770259317222592654e+04 4.451785819950580481e+04 3.901933167828407022e+04 4.891285827248850546e+04 6.081982320925648673e+04 6.323301969146050396e+04
2.071911990031941677e+05 4.805752792256538523e+05 2.465597645349672996e+06 5.991421938860038295e+06 8.776737779754751828e+05 6.990498748325434281e+04 9.957931796965593094e+03 -6.476223873866799750e+02 2.564487299145332145e+04 4.937154377507482423e+04 5.466507194765619352e+04 4.089598948942256538e+04 2.341918446943581512e+04 1.710772745665250113e+04 2.480253061704801075e+04 3.674203668712635408e+04 4.054126810734460742e+04 3.287554287501994986e+04 2.028612945229260731e+04 1.237641011609042653e+04 1.381620207309189573e+04 2.057443546481459998e+04 2.548541776552736701e+04 2.394532912623112497e+04 1.745360572999865690e+04 1.114886100458176224e+04 9.191204323478763399e+03 1.155587089953333270e+04 1.503454312352396846e+04 1.634119914935909765e+04 4.007741430502404692e+05 1.020428476921570720e+06 2.579826839883525856e+06 3.655719874331751838e+06 1.333785333818556741e+06 3.534251747041817871e+05 2.276432566238664149e+05 1.753079468118980003e+05 1.772832620055115549e+05 1.823456395602241391e+05 1.707734270125527401e+05 1.389077873956140538e+05 1.046098222985563625e+05 8.694353533314392553e+04 9.010879607919530827e+04 1.007196342086648510e+05 1.009650781747114670e+05 8.543381638075038791e+04 6.307085347239897965e+04 4.803172205749004934e+04 4.734966468680540129e+04 5.515692638713451743e+04 6.065669313647488161e+04 5.660326737784926809e+04 4.509355653648333100e+04 3.392945433128549485e+04 2.955428695395401883e+04 3.204266151392991014e+04 3.648622659573028795e+04 3.773072893611332984e+04
-2.986127372219874815e+04 9.715117544170169276e+04 1.745411114919183892e+05 8.776737779754751828e+05 2.404530423135525547e+06 3.916933653252086369e+05 3.165027430676694348e+04 1.252103877221764014e+04 1.698228692303636490e+04 2.948835628877318231e+04 3.371310382493978250e+04 2.919893382366638252e+04 2.164677596384508070e+04 1.756881331404385855e+04 1.905973224235988164e+04 2.308879736581853649e+04 2.467400509653393965e+04 2.191947088251218156e+04 1.666493764079437460e+04 1.256647374690828292e+04 1.196494319971468394e+04 1.384031715294610513e+04 1.556669624289619605e+04 1.511309430827156757e+04 1.255072694969609802e+04 9.689806137224011763e+03 8.284617381117503101e+03 8.641633226801532146e+03 9.758790242248029244e+03 1.027828499749573348e+04 2.360785988932108157e+05 6.371215621660856996e+05 6.087892710508811288e+05 1.043250869258219842e+06 1.339892549399587559e+06 5.767637695602909662e+05 1.753623167138625577e+05 1.296280523049564508e+05 1.119191325982327689e+05 1.103628692057106527e+05 1.041176174530613207e+05 9.103007055951587972e+04 7.550804265201929957e+04 6.450492187358581577e+04 6.099115673688959214e+04 6.177591490771825192e+04 6.047378251248468587e+04 5.413898279551815358e+04 4.464826780350826448e+04 3.684294828661800420e+04 3.405602856083711231e+04 3.507437490999160218e+04 3.625352715045466175e+04 3.456233428089869267e+04 2.990535125477187103e+04 2.481667858456105751e+04 2.187958068315652054e+04 2.163467084502420767e+04 2.267565520784154796e+04 2.296206657961547171e+04
-2.491217472839863331e+04 -2.886393276879104087e+04 3.317573595197121904e+04 6.990498748325434281e+04 3.916933653252086369e+05 1.239205885328163393e+06 2.128240845638003084e+05 2.245980174097399868e+04 1.811381708496515785e+04 2.063451565798999582e+04 2.362748889860449708e+04 2.222357300967966148e+04 1.906765741938493011e+04 1.673076128453991259e+04 1.642756240710037673e+04 1.731356147131292892e+04 1.759008390675196642e+04 1.637562878011895373e+04 1.401590346038364441e+04 1.180887908952610815e+04 1.081246658345512333e+04 1.090877537387110533e+04 1.125882747514623406e+04 1.096786221262921026e+04 9.862864438269974926e+03 8.464136725001411833e+03 7.497787113880878678e+03 7.234651355111534940e+03 7.410297302400693297e+03 7.480697915159227705e+03 1.788244471272968804e+05 4.419961778338900767e+05 4.162908719244526001e+05 3.059662474025598494e+05 4.836937842454736819e+05 6.777181332322689705e+05 3.072999491439808626e+05 1.092523110747555329e+05 8.873344308036583243e+04 7.781562388332493720e+04 7.298567948409411474e+04 6.660007008045731345e+04 5.942093283273476118e+04 5.271401684366424161e+04 4.797340121040288068e+04 4.510592263604086475e+04 4.258893634142575320e+04 3.922111799635326315e+04 3.478640177912641957e+04 3.051859822696675110e+04 2.768548282470133563e+04 2.637465987180318916e+04 2.571534464848478456e+04 2.451284075721348927e+04 2.238440224717119418e+04 1.986300452899186712e+04 1.789088933545476903e+04 1.690262902245325677e+04 1.662190464111807887e+04 1.631046989396950630e+04
-2.924678703936974853e+04 -5.121785221499465842e+04 -2.894198810653957844e+04 9.957931796965593094e+03 3.165027430676694348e+04 2.128240845638003084e+05 7.374877890629689209e+05 1.318683224639550317e+05 2.315459822674130919e+04 2.073265108364819389e+04 1.917908322159636373e+04 1.824953682608222516e+04 1.694936338545636681e+04 1.616643963043386975e+04 1.581014586032597072e+04 1.544363523431830617e+04 1.464176904664870744e+04 1.353237894127728214e+04 1.227159428912650401e+04 1.117110875871648568e+04 1.042944082761853679e+04 9.930258363560093130e+03 9.528445154441622435e+03 9.020025439002292842e+03 8.356583166201799031e+03 7.655505078554380816e+03 7.077888471616231982e+03 6.695948848109081155e+03 6.456237361475828948e+03 6.202320121669382388e+03 1.369145128326234408e+05 3.339464406242022524e+05 2.973849542284077033e+05 2.181615164503293636e+05 1.617061263356784475e+05 2.802472088734232821e+05 3.767422551996799884e+05 1.926839965114619699e+05 8.035194625899661332e+04 6.730272614152939059e+04 5.801527491083789209e+04 5.325851424851148477e+04 4.966610504125792795e+04 4.631366217588177824e+04 4.250098869413671491e+04 3.846997870434257493e+04 3.469007756321321358e+04 3.167101448923290081e+04 2.913120183521071158e+04 2.687806022237904108e+04 2.480415498560819105e+04 2.286801101648512122e+04 2.121146774157034815e+04 1.975058510054556245e+04 1.837696768790138594e+04 1.706099700500269682e+04 1.585382029464954758e+04 1.482891403137378802e+04 1.399665517914082557e+04 1.322340733566401468e+04
-1.270204964914609081e+04 -2.557235046511179098e+04 -1.202727800471281444e+04 -6.476223873866799750e+02 1.252103877221764014e+04 2.245980174097399868e+04 1.318683224639550317e+05 4.570025913834204548e+05 8.790137950364296557e+04 2.334686381928874471e+04 1.900541970145365485e+04 1.555304532000047584e+04 1.475088846105680568e+04 1.501119197351533876e+04 1.532138414824399115e+04 1.471658913936662429e+04 1.321151078020223213e+04 1.168004243131521071e+04 1.064968232810751942e+04 1.018668539746483293e+04 9.917318708026959939e+03 9.416539346637924609e+03 8.661599209027332108e+03 7.842631376781990184e+03 7.193164070311643627e+03 6.788976916948626240e+03 6.535829485174892397e+03 6.259898300445349378e+03 5.889196107388870587e+03 5.433620900512363733e+03 1.308627681650695740e+05 3.080011866799843265e+05 2.674911975494024809e+05 1.788877117341508856e+05 1.285314466591679666e+05 1.068866185500463325e+05 1.778095550467672292e+05 2.283261969287541579e+05 1.266842612936734513e+05 6.040897725214497768e+04 5.010092194498033496e+04 4.277984678271420125e+04 4.046858505409894860e+04 3.948748813159846759e+04 3.768492459978569241e+04 3.412337393489375245e+04 2.971540464004056412e+04 2.619515252380852326e+04 2.409476896758451767e+04 2.302337954408251971e+04 2.200115975336579868e+04 2.038275717525804066e+04 1.838521017289583688e+04 1.652210615222143679e+04 1.519789601762938400e+04 1.440122155753110201e+04 1.381770316220393215e+04 1.309893273536372180e+04 1.217418644055313416e+04 1.114538251780793144e+04
2.574006077366137106e+04 5.297002060844974767e+04 4.011724170625304396e+04 2.564487299145332145e+04 1.698228692303636490e+04 1.811381708496515785e+04 2.315459822674130919e+04 8.790137950364296557e+04 2.822715606263692025e+05 6.002113636187012889e+04 1.876925628439108550e+04 1.420379386903746126e+04 1.214840969830494214e+04 1.267819634842873711e+04 1.339159400168186221e+04 1.306456346297857090e+04 1.155186053283388173e+04 9.890483218964847765e+03 8.837672553495303873e+03 8.573903153497074527e+03 8.591440644893773424e+03 8.288388265356117699e+03 7.561242644797552202e+03 6.664559160771399547e+03 5.977169920703410753e+03 5.651005307267421813e+03 5.548145885775313218e+03 5.406520274818803955e+03 5.084882780816426020e+03 4.614667048265590893e+03 1.573948112718771736e+05 3.604760763875665143e+05 2.887408941002439242e+05 1.798287813816831913e+05 1.150708340480767365e+05 9.049313219235793804e+04 8.091951674329745583e+04 1.181058831947959843e+05 1.457202694210707559e+05 7.966162007666417048e+04 4.066272803703478712e+04 3.345625561638268118e+04 3.029291896801444454e+04 3.038994131491447115e+04 3.010381801765242199e+04 2.787577266532597423e+04 2.408222604122649500e+04 2.066299360272588092e+04 1.865658480417914689e+04 1.804138497161964551e+04 1.772267845186506747e+04 1.672360239907509822e+04 1.503251421335555096e+04 1.320240366365368391e+04 1.188702226919202622e+04 1.126227635603092858e+04 1.099741468013251870e+04 1.060991021257106695e+04 9.885905500295066304e+03 8.927506063607848773e+03
4.952179331745482341e+04 1.108679713189259928e+05 8.501919608979197801e+04 4.937154377507482423e+04 2.948835628877318231e+04 2.063451565798999582e+04 2.073265108364819389e+04 2.334686381928874471e+04 6.002113636187012889e+04 1.785108275071834796e+05 4.024952977895129879e+04 1.307110797785387695e+04 1.051609023516299567e+04 1.005319990258004327e+04 1.070098161002562483e+04 1.060824108364007770e+04 9.518175592277108080e+03 8.156856250465157245e+03 7.197123036450613654e+03 6.905219720567141849e+03 6.930816190665129398e+03 6.753188569264297257e+03 6.213547812781651373e+03 5.474328210832842160e+03 4.858905172077380485e+03 4.544581721168746299e+03 4.452612445265581300e+03 4.362898517896868725e+03 4.133051008058433581e+03 3.760948031817975789e+03 1.666223100967754726e+05 3.910909111698640045e+05 3.088074887172009330e+05 1.836296783809255576e+05 1.119850837045122462e+05 8.030582525056367740e+04 6.919246735483032535e+04 6.140365503727637406e+04 7.686406854600207589e+04 8.562236595706650405e+04 4.970706292732397560e+04 2.511066094748277828e+04 2.229998224521669181e+04 2.176663635792096466e+04 2.201568344293868722e+04 2.083987461203028943e+04 1.827048159060486068e+04 1.566419213423471228e+04 1.397743578060687469e+04 1.343372686032266211e+04 1.328742779505849830e+04 1.269913231655556592e+04 1.151862652331811114e+04 1.009972819568272826e+04 8.991525422851940675e+03 8.437073612129282992e+03 8.241281511516426690e+03 8.010384892170299281e+03 7.523096623871630072e+03 6.806497792198340903e+03
4.727479282709327526e+04 1.087824761315560027e+05 8.836452515103842597e+04 5.466507194765619352e+04 3.371310382493978250e+04 2.362748889860449708e+04 1.917908322159636373e+04 1.900541970145365485e+04 1.876925628439108550e+04 4.024952977895129879e+04 1.204232815635504085e+05 2.795410384281217557e+04 9.632177432283711823e+03 8.496995218550040590e+03 8.328242194234591807e+03 8.323860206236993690e+03 7.664245231990035791e+03 6.748726794144322412e+03 5.990335725375387483e+03 5.642095936371550124e+03 5.547785324251601196e+03 5.386702741236091242e+03 5.017567978654836224e+03 4.496160924244990383e+03 4.017896217746614184e+03 3.719732440197760297e+03 3.585302945825723782e+03 3.485377549222901507e+03 3.315377669257139132e+03 3.052457037834140920e+03 1.447567843406210886e+05 3.463602254111467628e+05 2.803973436367082759e+05 1.705356443955621216e+05 1.042911575343829172e+05 7.387281326521438314e+04 5.943481315141060622e+04 5.093395380581985955e+04 4.102762839199838345e+04 4.771919270010252512e+04 5.393527435131593666e+04 3.123194875775373657e+04 1.678463320457507507e+04 1.593775826778575720e+04 1.567503281542883087e+04 1.507158283793648661e+04 1.355921578935543221e+04 1.191697802132863580e+04 1.069865165108989095e+04 1.015312953633272627e+04 9.907873425745621716e+03 9.466866454213995894e+03 8.690999932688730041e+03 7.734475839795692082e+03 6.922092231573311437e+03 6.436606094001585006e+03 6.204449754418861630e+03 5.997148838216136937e+03 5.658207266195095144e+03 5.173621771821766743e+03
2.189793317789239882e+04 5.364556737155569135e+04 5.422685022735905659e+04 4.089598948942256538e+04 2.919893382366638252e+04 2.222357300967966148e+04 1.824953682608222516e+04 1.555304532000047584e+04 1.420379386903746126e+04 1.307110797785387695e+04 2.795410384281217557e+04 8.834195251241017831e+04 2.108818875256885076e+04 8.072896937795634585e+03 7.375101313217257484e+03 6.939423469440920599e+03 6.511276537427563198e+03 5.907142252659880796e+03 5.351102115606154257e+03 4.999294536702638652e+03 4.801559030875241660e+03 4.594376819870549298e+03 4.299611351375620870e+03 3.924515821658408640e+03 3.562396493923538401e+03 3.292933522942459604e+03 3.121491167899098400e+03 2.988049368787690128e+03 2.833826304101382448e+03 2.633778261648275475e+03 9.427576468555533211e+04 2.352032149265171320e+05 2.076816014265320846e+05 1.375976336683258996e+05 9.022518198688584380e+04 6.646384721021671430e+04 5.356211701272409118e+04 4.319521365779863845e+04 3.362340302309503022e+04 2.526650540289095443e+04 3.083943947380669852e+04 3.386753782947690343e+04 2.266032237235895445e+04 1.289597462303002430e+04 1.239296548290404644e+04 1.166235126927691999e+04 1.073148893104805757e+04 9.730917841952377785e+03 8.928590177051934006e+03 8.438550530747550511e+03 8.085995117629341621e+03 7.637638267866313981e+03 7.049332561833331056e+03 6.387374656811569366e+03 5.804641149731020050e+03 5.392919699906423375e+03 5.121801734575543378e+03 4.882791300210575173e+03 4.596150165081968225e+03 4.242363650389388567e+03
1.507697575052313368e+03 2.644438255864185521e+03 1.770879011251463817e+04 2.341918446943581512e+04 2.164677596384508070e+04 1.906765741938493011e+04 1.694936338545636681e+04 1.475088846105680568e+04 1.214840969830494214e+04 1.051609023516299567e+04 9.632177432283711823e+03 2.108818875256885076e+04 6.860024045219532854e+04 1.738908769767272315e+04 7.574390701820029790e+03 6.808056614053804878e+03 6.049789938444175277e+03 5.527019451311765806e+03 5.101987384136338733e+03 4.837109254761213379e+03 4.633366608510050355e+03 4.373176403476707492e+03 4.046815927682301663e+03 3.696912441645250510e+03 3.392198242152393505e+03 3.165650237428277705e+03 2.997992366284739546e+03 2.840814173465607382e+03 2.666894957894521667e+03 2.472047048399865162e+03 5.553527391845223610e+04 1.392517296689499926e+05 1.379362509944284102e+05 1.031990076957835699e+05 7.452242172070324887e+04 5.899811048159599886e+04 4.958620390558430518e+04 4.043496573332487606e+04 3.029697340270619316e+04 2.233302810968376798e+04 1.709278307039436186e+04 2.183105867850579671e+04 2.618382953735606861e+04 1.779100647968758130e+04 1.136291369960304655e+04 1.054869078145618550e+04 9.468781072895399120e+03 8.665679703931880795e+03 8.120931934752919915e+03 7.819101918139433110e+03 7.509966238036033246e+03 7.023926861091777027e+03 6.419145736114283864e+03 5.819685390944949177e+03 5.345438056105152100e+03 5.019052184359394232e+03 4.772235667972907322e+03 4.513072395523709929e+03 4.210251184208049381e+03 3.877730817060687514e+03
2.034466036733222609e+03 -1.371297471443409449e+03 1.021505920242628417e+04 1.710772745665250113e+04 1.756881331404385855e+04 1.673076128453991259e+04 1.616643963043386975e+04 1.501119197351533876e+04 1.267819634842873711e+04 1.005319990258004327e+04 8.496995218550040590e+03 8.072896937795634585e+03 1.738908769767272315e+04 5.416903123026726826e+04 1.474185618149702714e+04 7.147990172554407764e+03 6.094361709621989576e+03 5.263089127673360053e+03 4.881666164641445903e+03 4.736499146726908293e+03 4.625002605991110613e+03 4.362879207399015286e+03 3.974361108719601361e+03 3.571576042859695008e+03 3.269222824820009919e+03 3.087158537870980126e+03 2.961656177028295588e+03 2.812441474181649028e+03 2.615634204998663790e+03 2.394415879211235278e+03 5.049006224333368300e+04 1.191891357747527072e+05 1.144587866392199649e+05 8.610993190646843868e+04 6.388658178177021910e+04 5.248844499796814489e+04 4.630373571022655233e+04 3.943707315539810224e+04 3.030355575577996206e+04 2.183958977361080179e+04 1.627332350615829455e+04 1.345969091403902166e+04 1.830853205300323316e+04 1.924095334629114950e+04 1.534254991973241886e+04 1.016203043943480225e+04 8.905602357985335402e+03 7.873528516158527054e+03 7.429616457835159963e+03 7.363442011647809522e+03 7.259072281926562027e+03 6.820426463629160935e+03 6.147242707222498211e+03 5.476156881334989521e+03 5.012931731209137070e+03 4.770231376726025701e+03 4.610581736983891460e+03 4.385235111666019293e+03 4.062319384311485919e+03 3.698179210652788242e+03
1.971982046280530631e+04 3.745483788398855540e+04 3.314433581381464319e+04 2.480253061704801075e+04 1.905973224235988164e+04 1.642756240710037673e+04 1.581014586032597072e+04 1.532138414824399115e+04 1.339159400168186221e+04 1.070098161002562483e+04 8.328242194234591807e+03 7.375101313217257484e+03 7.574390701820029790e+03 1.474185618149702714e+04 4.279781666739014327e+04 1.229555831329143257e+04 6.078727342968206358e+03 5.062091246284825502e+03 4.493158920804715308e+03 4.418222329094094675e+03 4.403094501251114707e+03 4.199644933503936045e+03 3.805249672216440104e+03 3.366230999586911366e+03 3.046948214742952587e+03 2.888190094623807454e+03 2.806021221318994321e+03 2.687200061538313093e+03 2.492861739630870943e+03 2.255572406057319768e+03 7.225250522909010760e+04 1.659997083292442840e+05 1.379408659547352581e+05 8.985544764460973965e+04 6.076854337098274846e+04 4.799080619497130101e+04 4.262408194774122967e+04 3.769568145517568337e+04 3.001823601634607257e+04 2.201837129199754781e+04 1.594399267571914243e+04 1.288611206895035502e+04 1.198008318869877985e+04 1.527638671742496808e+04 1.599830491599809102e+04 1.241541620247594619e+04 8.045588985117803531e+03 6.941944242282618688e+03 6.414348944722032684e+03 6.500597501346543140e+03 6.602163559814418477e+03 6.310804279282763673e+03 5.670524045131014645e+03 4.967206069123294583e+03 4.491880439535685582e+03 4.300464951149192530e+03 4.229114950587174462e+03 4.075152895318741685e+03 3.778337361589805823e+03 3.406739742751962694e+03
3.891642814820750209e+04 8.203833402349156677e+04 6.183873195132534602e+04 3.674203668712635408e+04 2.308879736581853649e+04 1.731356147131292892e+04 1.544363523431830617e+04 1.471658913936662429e+04 1.306456346297857090e+04 1.060824108364007770e+04 8.323860206236993690e+03 6.939423469440920599e+03 6.808056614053804878e+03 7.147990172554407764e+03 1.229555831329143257e+04 3.354614423890304897e+04 9.719282630216348480e+03 4.767760692327678044e+03 4.110956962494787149e+03 3.893751942231049725e+03 3.906285936830769060e+03 3.765118029878467496e+03 3.437277455029706289e+03 3.036030588320531479e+03 2.726234535449308169e+03 2.568805791856281758e+03 2.498480269315803525e+03 2.403692244901722006e+03 2.234129916410499391e+03 2.012345947321543917e+03 9.679866490610915935e+04 2.221914444045397686e+05 1.709538239144978579e+05 1.005459212030028866e+05 6.158707263285756926e+04 4.508789583480980218e+04 3.850723242457276501e+04 3.402900233467954968e+04 2.767209188827197795e+04 2.069567995616449844e+04 1.514131399093957407e+04 1.197073021326457820e+04 1.096297846578463577e+04 1.053861296630955985e+04 1.262202201244029493e+04 1.157679231215395885e+04 9.017586019468053564e+03 5.713453497240665456e+03 5.209084000075421500e+03 5.259783793399143178e+03 5.445422897293743517e+03 5.300203094901393342e+03 4.813936373748681945e+03 4.211174293541898805e+03 3.779130640638839850e+03 3.608832964841787998e+03 3.573338195463959892e+03 3.478133005377851987e+03 3.245330962976832780e+03 2.924169539519813952e+03
3.978330434817347850e+04 8.879936697094437841e+04 6.870251936178782489e+04 4.054126810734460742e+04 2.467400509653393965e+04 1.759008390675196642e+04 1.464176904664870744e+04 1.321151078020223213e+04 1.155186053283388173e+04 9.518175592277108080e+03 7.664245231990035791e+03 6.511276537427563198e+03 6.049789938444175277e+03 6.094361709621989576e+03 6.078727342968206358e+03 9.719282630216348480e+03 2.646454476381324639e+04 7.596594059683184241e+03 3.805727700190665018e+03 3.469750458329169305e+03 3.334903974767054933e+03 3.224607900789635096e+03 2.982847299387915882e+03 2.671426079485639093e+03 2.404503371613395757e+03 2.242707482658703157e+03 2.154258111389526221e+03 2.061323455102270600e+03 1.918094444369129178e+03 1.730429009687514508e+03 9.328105883083216031e+04 2.207302673215040704e+05 1.720397717822779960e+05 1.003882504366206995e+05 5.996339146084911772e+04 4.226133691179162997e+04 3.442141836554929614e+04 2.934164768958069908e+04 2.363144587437057635e+04 1.789160370075618994e+04 1.337849154913242819e+04 1.075725426688208609e+04 9.606373202390554070e+03 9.042722313527254300e+03 8.174182893022075405e+03 8.954180399960776413e+03 7.476795466052655684e+03 6.366504198449601972e+03 4.071875191257454389e+03 4.058285248477760888e+03 4.176456397859952631e+03 4.119244318790813850e+03 3.814002000082404265e+03 3.396616005760484768e+03 3.066055408292620086e+03 2.911052875514898460e+03 2.863222243608644021e+03 2.788929596139310434e+03 2.620963454871151043e+03 2.380956920177712163e+03
2.442557179444843860e+04 5.626930227359464334e+04 4.919190090498579957e+04 3.287554287501994986e+04 2.191947088251218156e+04 1.637562878011895373e+04 1.353237894127728214e+04 1.168004243131521071e+04 9.890483218964847765e+03 8.156856250465157245e+03 6.748726794144322412e+03 5.907142252659880796e+03 5.527019451311765806e+03 5.263089127673360053e+03 5.062091246284825502e+03 4.767760692327678044e+03 7.596594059683184241e+03 2.160472264286466088e+04 6.282475773900134300e+03 3.287481668856942179e+03 3.037779240413167827e+03 2.834469666753868296e+03 2.646564715423085545e+03 2.410581621349690977e+03 2.192715065319568112e+03 2.032654264624332427e+03 1.920554384983122418e+03 1.812967765423119772e+03 1.679836678302084238e+03 1.517841096738876331e+03 6.521065861974837753e+04 1.599024326095184661e+05 1.343152177804095554e+05 8.446612396438978612e+04 5.332599035529674438e+04 3.861849006883081165e+04 3.114139861679036039e+04 2.558853604308093054e+04 2.001194575131144666e+04 1.510217263766896576e+04 1.154765620007694270e+04 9.548958770693057886e+03 8.579367315533880173e+03 7.807929084768878965e+03 6.872221991288128265e+03 5.683904090341202391e+03 6.066476509898398945e+03 5.547971359948393001e+03 4.715714825009918059e+03 3.256971272169625081e+03 3.308228275075050533e+03 3.255322575721042085e+03 3.070268310763766294e+03 2.804287720180855104e+03 2.577582256341053835e+03 2.445963469658105168e+03 2.378313273962591666e+03 2.298900121943305749e+03 2.166996838964473682e+03 1.989728299999314231e+03
7.866213902400083498e+03 1.636425037777373655e+04 2.154031783754696517e+04 2.028612945229260731e+04 1.666493764079437460e+04 1.401590346038364441e+04 1.227159428912650401e+04 1.064968232810751942e+04 8.837672553495303873e+03 7.197123036450613654e+03 5.990335725375387483e+03 5.351102115606154257e+03 5.101987384136338733e+03 4.881666164641445903e+03 4.493158920804715308e+03 4.110956962494787149e+03 3.805727700190665018e+03 6.282475773900134300e+03 1.822751898318526946e+04 5.441652815195382573e+03 3.011414867873038020e+03 2.737207378240454545e+03 2.480657321154581041e+03 2.274516049869800554e+03 2.088525057539134650e+03 1.941941173712150430e+03 1.820108160217379691e+03 1.695171567807784868e+03 1.552801942848447879e+03 1.394318719600393706e+03 3.622238527252165659e+04 8.977573756709470763e+04 8.547423128947336227e+04 6.201597173530724103e+04 4.376924001482287713e+04 3.411710635103021923e+04 2.853269162900411902e+04 2.342581528030629124e+04 1.795065156181627390e+04 1.335872528702756972e+04 1.025906060801873537e+04 8.656489589041051659e+03 7.927989277658542051e+03 7.247939475093407054e+03 6.243507237314029226e+03 5.092341938960076732e+03 4.056243029437654059e+03 4.752123986059843446e+03 4.028541335680719385e+03 3.833687144331575382e+03 2.904994550178556437e+03 2.841144767830771343e+03 2.678403391175991601e+03 2.480327268855325656e+03 2.320511366913790880e+03 2.226470669865717355e+03 2.161785704623867787e+03 2.074541259301782702e+03 1.947068970554046700e+03 1.793079597088422588e+03
-4.099645923133812175e+02 -3.368221409160697021e+03 7.085714942326930213e+03 1.237641011609042653e+04 1.256647374690828292e+04 1.180887908952610815e+04 1.117110875871648568e+04 1.018668539746483293e+04 8.573903153497074527e+03 6.905219720567141849e+03 5.642095936371550124e+03 4.999294536702638652e+03 4.837109254761213379e+03 4.736499146726908293e+03 4.418222329094094675e+03 3.893751942231049725e+03 3.469750458329169305e+03 3.287481668856942179e+03 5.441652815195382573e+03 1.566156456803023138e+04 4.946742400832468775e+03 2.832264872693521284e+03 2.507091189588331417e+03 2.220048354203107010e+03 2.037660157534857035e+03 1.908029137679923451e+03 1.798091019466889520e+03 1.666887770264879464e+03 1.505671841586783557e+03 1.328330886449624813e+03 2.086160888251234792e+04 5.323485239162865037e+04 5.847188950323908648e+04 4.725232483781194605e+04 3.617608113640345982e+04 3.001838386443777563e+04 2.642307203435365955e+04 2.248065778476291598e+04 1.744037963750361814e+04 1.289267570710670043e+04 9.761893813852731910e+03 8.188613880381782110e+03 7.628199801799910347e+03 7.169048960090788569e+03 6.303916330346297400e+03 5.115000317603534313e+03 4.016771232824730760e+03 3.334448770655350927e+03 3.955299611529131653e+03 3.118237671915107057e+03 3.621589073827584798e+03 2.749901566403512334e+03 2.560669133533801414e+03 2.342297906203283674e+03 2.199068220635972466e+03 2.144862473592237620e+03 2.116592692553518646e+03 2.039808411497767793e+03 1.901982817749249534e+03 1.734861782375844086e+03
8.278620130587540189e+03 1.295288841592145036e+04 1.454497342408100667e+04 1.381620207309189573e+04 1.196494319971468394e+04 1.081246658345512333e+04 1.042944082761853679e+04 9.917318708026959939e+03 8.591440644893773424e+03 6.930816190665129398e+03 5.547785324251601196e+03 4.801559030875241660e+03 4.633366608510050355e+03 4.625002605991110613e+03 4.403094501251114707e+03 3.906285936830769060e+03 3.334903974767054933e+03 3.037779240413167827e+03 3.011414867873038020e+03 4.946742400832468775e+03 1.357881040891926750e+04 4.424062537166188122e+03 2.555031123965400184e+03 2.204138564322275670e+03 1.954659814592103203e+03 1.833194974120544884e+03 1.740836871276349939e+03 1.617455824185928122e+03 1.444719258593449922e+03 1.244539205594341183e+03 3.293572298581046925e+04 7.452031888063764200e+04 6.614792169567011297e+04 4.693354539495530480e+04 3.366777293068256404e+04 2.740839662222659172e+04 2.454201048737564997e+04 2.163204367869889393e+04 1.727022802785655222e+04 1.286251551904464213e+04 9.599338928866454808e+03 7.891710306206387031e+03 7.356140568707833154e+03 7.087966767262636495e+03 6.415453390575661615e+03 5.294128915310628145e+03 4.115086380235075922e+03 3.343947350694737906e+03 3.006006136126535239e+03 3.704630538837150198e+03 2.674823172232851903e+03 3.261645196260698867e+03 2.444489363192404198e+03 2.192523863297437856e+03 2.040988704068796778e+03 2.013622936321732141e+03 2.029680911742339504e+03 1.984703348013613322e+03 1.849602072415099428e+03 1.666503886593042125e+03
2.011294679668316530e+04 4.144741467090259539e+04 3.251915454554111420e+04 2.057443546481459998e+04 1.384031715294610513e+04 1.090877537387110533e+04 9.930258363560093130e+03 9.416539346637924609e+03 8.288388265356117699e+03 6.753188569264297257e+03 5.386702741236091242e+03 4.594376819870549298e+03 4.373176403476707492e+03 4.362879207399015286e+03 4.199644933503936045e+03 3.765118029878467496e+03 3.224607900789635096e+03 2.834469666753868296e+03 2.737207378240454545e+03 2.832264872693521284e+03 4.424062537166188122e+03 1.167553785879923817e+04 3.800369770957677247e+03 2.144796968393226052e+03 1.854759479519016168e+03 1.682885296197724074e+03 1.594518877549182889e+03 1.479131781592985135e+03 1.308810971801122832e+03 1.099413855561181663e+03 5.007929429452244949e+04 1.153954666362399585e+05 9.065307129693881143e+04 5.490020705930754048e+04 3.480836288246545882e+04 2.618872524594080460e+04 2.268266240072473011e+04 2.008898386516584287e+04 1.634163245172366442e+04 1.232966501280534067e+04 9.192069052142116561e+03 7.457558764551212334e+03 6.872631501624337034e+03 6.645485473059732612e+03 6.113930961920712434e+03 5.128434458459036250e+03 4.022354370987211951e+03 3.240783245752259063e+03 2.887099183797576188e+03 2.822593012976390128e+03 3.241996998127969164e+03 2.100596162740380350e+03 2.600473944724679313e+03 1.917466156331436650e+03 1.767163380020361274e+03 1.753947462885179448e+03 1.793323828175301742e+03 1.779374895016002029e+03 1.669691958422119342e+03 1.496404377977921513e+03
2.625228121637705408e+04 5.697091190380502667e+04 4.345072031606768724e+04 2.548541776552736701e+04 1.556669624289619605e+04 1.125882747514623406e+04 9.528445154441622435e+03 8.661599209027332108e+03 7.561242644797552202e+03 6.213547812781651373e+03 5.017567978654836224e+03 4.299611351375620870e+03 4.046815927682301663e+03 3.974361108719601361e+03 3.805249672216440104e+03 3.437277455029706289e+03 2.982847299387915882e+03 2.646564715423085545e+03 2.480657321154581041e+03 2.507091189588331417e+03 2.555031123965400184e+03 3.800369770957677247e+03 9.934264469469608230e+03 3.133351545694189099e+03 1.745239027902581711e+03 1.534346700784393761e+03 1.394127024383618618e+03 1.275927043858251636e+03 1.111745223512888060e+03 9.073764596452861042e+02 5.823501591552783793e+04 1.356541189642196405e+05 1.043550051917202218e+05 6.032463412179717852e+04 3.593087916437342938e+04 2.547231532337325189e+04 2.097249143601461401e+04 1.805323564724568132e+04 1.462780590296940500e+04 1.113107680234849613e+04 8.391369703782187571e+03 6.834270964406983694e+03 6.227845957376248407e+03 5.932785100017079458e+03 5.435284626044652214e+03 4.600643698234191106e+03 3.666799551605600755e+03 2.994653437829578252e+03 2.655024094394643726e+03 2.562406738258090627e+03 2.457468339898200611e+03 2.643499897396160122e+03 1.356815879092200703e+03 1.909148975661055374e+03 1.434525976113362503e+03 1.421840051220375699e+03 1.466129771076960424e+03 1.467245025874376097e+03 1.389185042672527288e+03 1.249391968270003190e+03
2.166211163767522885e+04 4.850140243583160918e+04 3.884199519044510089e+04 2.394532912623112497e+04 1.511309430827156757e+04 1.096786221262921026e+04 9.020025439002292842e+03 7.842631376781990184e+03 6.664559160771399547e+03 5.474328210832842160e+03 4.496160924244990383e+03 3.924515821658408640e+03 3.696912441645250510e+03 3.571576042859695008e+03 3.366230999586911366e+03 3.036030588320531479e+03 2.671426079485639093e+03 2.410581621349690977e+03 2.274516049869800554e+03 2.220048354203107010e+03 2.204138564322275670e+03 2.144796968393226052e+03 3.133351545694189099e+03 8.496431474872693798e+03 2.595740110715914852e+03 1.417418051341183855e+03 1.232103316339939283e+03 1.066234550888602371e+03 9.016693947409897874e+02 7.043048867992624764e+02 4.935281406971470278e+04 1.180009909642046550e+05 9.387510440526623279e+04 5.609128469846998632e+04 3.410442440026169061e+04 2.415032404439110542e+04 1.940377095538645517e+04 1.610279758293228224e+04 1.273286469220998333e+04 9.661095386628316191e+03 7.385942416703454001e+03 6.119652119526743263e+03 5.574255144349226612e+03 5.210629950723796355e+03 4.685243118323947783e+03 3.952131554948597113e+03 3.199276205416555058e+03 2.671512372461481846e+03 2.393171620888958387e+03 2.275883931562170801e+03 2.141138955666016045e+03 1.895783431196908168e+03 1.919684322134430886e+03 4.563743525343754754e+02 1.366658809713981100e+03 1.116907090541928028e+03 1.144862197412991009e+03 1.155553431926825397e+03 1.100283004638915145e+03 9.966140872870764724e+02
1.125527395207144400e+04 2.494882839460542164e+04 2.369519559542021307e+04 1.745360572999865690e+04 1.255072694969609802e+04 9.862864438269974926e+03 8.356583166201799031e+03 7.193164070311643627e+03 5.977169920703410753e+03 4.858905172077380485e+03 4.017896217746614184e+03 3.562396493923538401e+03 3.392198242152393505e+03 3.269222824820009919e+03 3.046948214742952587e+03 2.726234535449308169e+03 2.404503371613395757e+03 2.192715065319568112e+03 2.088525057539134650e+03 2.037660157534857035e+03 1.954659814592103203e+03 1.854759479519016168e+03 1.745239027902581711e+03 2.595740110715914852e+03 7.320858752104795713e+03 2.170808673546340287e+03 1.132564295034986799e+03 9.271183213944922272e+02 7.222748829886936619e+02 5.219642740166048043e+02 3.133154100190590543e+04 7.680718278124264907e+04 6.718761992478457978e+04 4.448694199920469691e+04 2.937880552197268844e+04 2.196174599955089070e+04 1.797622566926305808e+04 1.473645801233699967e+04 1.138811670683128614e+04 8.530692916768450232e+03 6.551473853064249852e+03 5.511516684138912751e+03 5.072924119130858344e+03 4.721589794751638692e+03 4.186188186527673679e+03 3.496170998375060208e+03 2.840951597254884291e+03 2.411225972966511108e+03 2.194122010213842259e+03 2.089374861827498989e+03 1.942766556270340971e+03 1.696592742155885844e+03 1.407721028472923990e+03 1.346037773551659029e+03 9.107103198744640338e+01 1.114082420028554679e+03 9.221361241782076377e+02 9.259910367013167161e+02 8.900016960194038802e+02 8.064010755623939986e+02
3.262197634256162019e+03 6.025132369186741926e+03 1.054010944376886255e+04 1.114886100458176224e+04 9.689806137224011763e+03 8.464136725001411833e+03 7.655505078554380816e+03 6.788976916948626240e+03 5.651005307267421813e+03 4.544581721168746299e+03 3.719732440197760297e+03 3.292933522942459604e+03 3.165650237428277705e+03 3.087158537870980126e+03 2.888190094623807454e+03 2.568805791856281758e+03 2.242707482658703157e+03 2.032654264624332427e+03 1.941941173712150430e+03 1.908029137679923451e+03 1.833194974120544884e+03 1.682885296197724074e+03 1.534346700784393761e+03 1.417418051341183855e+03 2.170808673546340287e+03 6.348674233497100431e+03 1.799419464293272995e+03 8.438454272905789821e+02 6.024466219812073859e+02 3.603410023195057192e+02 1.739192824960988219e+04 4.369253488711510727e+04 4.407628479579678969e+04 3.339075707040874113e+04 2.434633129138759250e+04 1.948654306883138634e+04 1.670169490228649374e+04 1.398047125471418985e+04 1.080172009020035694e+04 8.008720799239095868e+03 6.090697689575810728e+03 5.117949462709382715e+03 4.761160937432388891e+03 4.491926820711330947e+03 4.005965811642806329e+03 3.333290156849234791e+03 2.687604763184027433e+03 2.275061317781605794e+03 2.089899204538836784e+03 2.020549430307609782e+03 1.896876463711306997e+03 1.658805034404542312e+03 1.365130898762615516e+03 1.101223498985833885e+03 1.091600467433118638e+03 -3.484858829386075740e+01 9.237735327942393724e+02 7.956617534838893562e+02 7.577656162105593012e+02 6.864088258852024182e+02
