2.144303413744956851e+08 1.869091584520575404e+07 2.907714219150287681e+05 -4.085971539108032011e+05 -3.938823420113372267e+05 -3.135195789555300726e+05 -2.805651867822071072e+05 -2.243893601670645876e+05 -1.191860181480297178e+05 -4.153170588404698356e+04 -1.981466130172953126e+04 -4.788181140339446574e+04 -7.763585357970179757e+04 -6.822948864415159915e+04 -2.532148147171228629e+04 1.640387203004454932e+04 2.528347757704309697e+04 9.494364542964228804e+02 -2.677635307772357919e+04 -3.544744614759357501e+04 -1.478175264409695592e+04 1.071152907020368912e+04 2.337709792830400693e+04 1.386268223206022230e+04 -4.164395285063119445e+03 -1.612765380972565799e+04 -1.150236899379309034e+04 2.318266723372084925e+03 1.278150534931852599e+04 1.294383139348040095e+04 1.352545791223018169e+08 3.499926121103484929e+07 4.261283887387551367e+06 8.725068598973248154e+05 2.201928456936026923e+05 1.733009928158223629e+05 1.263577931169151561e+05 1.213903255305155471e+05 1.832710673427787551e+05 2.182107676772622217e+05 1.965276034371565329e+05 1.234498304041833326e+05 5.951400220362225082e+04 5.572532661038481456e+04 1.000835138542481291e+05 1.429223642187780351e+05 1.398455931470132782e+05 9.148571560195629718e+04 4.179349185022724851e+04 2.248801273706352367e+04 4.769222665753919864e+04 7.972988346025336068e+04 9.255284931394201703e+04 7.258358071647226461e+04 4.094387294819323870e+04 1.949186821667024196e+04 2.381795229798168293e+04 4.217545781959089800e+04 5.531500638720797724e+04 5.281364961011543346e+04
1.869091584520575404e+07 7.783653394349074364e+07 4.274725557490078732e+06 -7.056536238553195726e+05 -6.508279787894202163e+05 -6.145971041543153115e+05 -5.736263746179707814e+05 -4.608794444834302412e+05 -2.364101544119768660e+05 -5.580738902401896485e+04 -1.213264501367827324e+04 -8.675753836948474054e+04 -1.684875010861107148e+05 -1.555990538597176783e+05 -5.474499521515922970e+04 4.798789782126444334e+04 7.232110618795045593e+04 1.339978452030601511e+04 -5.993532855812719208e+04 -8.382720590099462424e+04 -3.775214416207844624e+04 2.741990442187687586e+04 5.973598492340015946e+04 3.883660730900224007e+04 -7.313878035969584744e+03 -3.815795115805108799e+04 -2.929586110145419661e+04 4.686583625739104718e+03 3.183887991819807212e+04 3.331752595498302253e+04 1.511038514980797470e+07 6.488004189954646677e+07 1.027265712665836513e+07 2.106340918044850230e+06 9.878476058227971662e+05 5.562066067736170953e+05 4.104409418569093104e+05 3.860238380644257995e+05 5.134338270813456038e+05 6.049593762828271138e+05 5.470790106335959863e+05 3.624453160682659945e+05 1.929767704494963400e+05 1.687336327659981907e+05 2.721975932661488187e+05 3.788572602205376024e+05 3.755488092134662438e+05 2.578870510507847357e+05 1.271794112619753287e+05 7.519432914110430283e+04 1.289897582817778457e+05 2.110215923740658909e+05 2.436814892759594950e+05 1.979633549917489290e+05 1.168229541930795531e+05 6.143165937367271545e+04 6.753992973967449507e+04 1.120367277270372142e+05 1.459655127334572317e+05 1.410055482151581673e+05
2.907714219150287681e+05 4.274725557490078732e+06 2.259850677786426619e+07 7.915859392627652269e+05 -5.271923882311959751e+05 -4.966605208672840381e+05 -4.853885492791124852e+05 -3.860982655339752091e+05 -2.130152389393060876e+05 -6.293525386957870069e+04 -1.491328233475083834e+04 -5.898206488935840025e+04 -1.165004909763445903e+05 -1.134627384272571362e+05 -4.572038800395636645e+04 2.919740714123065845e+04 5.271574388347106287e+04 1.707024474618784006e+04 -3.490444090778665850e+04 -5.453975530201235961e+04 -2.723792988396615328e+04 1.827884247193609917e+04 4.334142021282861242e+04 3.218313382737918073e+04 7.993790958536153539e+02 -2.184099363383639866e+04 -1.840218110664268897e+04 3.756846355923543342e+03 2.351028380127406126e+04 2.596863033386763709e+04 6.517670426109946566e+05 5.488600728429781273e+06 1.867808661055830121e+07 3.052077064437808469e+06 9.641154416204572190e+05 5.937619897690683138e+05 3.825033725291381706e+05 3.550212287940537208e+05 4.265242992298143217e+05 4.963016427984802285e+05 4.650005335213725921e+05 3.384287120656070765e+05 2.110187213374070707e+05 1.748529152179103112e+05 2.325240617575998185e+05 3.037061059148720233e+05 3.064805525782582117e+05 2.299829055265959469e+05 1.349090048518228577e+05 9.065058515571619500e+04 1.167821824678368575e+05 1.707189690574560082e+05 1.952154317072963458e+05 1.672991663925122702e+05 1.108923520288264262e+05 6.912178185541913263e+04 6.741304111545672640e+04 9.436712336282440810e+04 1.180445390544141119e+05 1.159521766368721728e+05
-4.085971539108032011e+05 -7.056536238553195726e+05 7.915859392627652269e+05 7.179926261559675448e+06 1.321811928806423093e+05 -3.247182324230913073e+05 -3.092790337629559217e+05 -2.520322357263481535e+05 -1.460416682335595542e+05 -5.574531765589013230e+04 -1.717223426420015312e+04 -2.879913816139120172e+04 -5.347512422431845334e+04 -5.435401372610036924e+04 -2.517836629079786508e+04 1.081746048837945636e+04 2.599143300095587256e+04 1.363552393994349404e+04 -9.317529465847244865e+03 -2.049930846550728893e+04 -1.086285782094996830e+04 8.934956173030512218e+03 2.193461600793231628e+04 1.905732909520866451e+04 5.843803971182969690e+03 -5.197974005450765617e+03 -5.384696083761796217e+03 3.417394206150280297e+03 1.253909351790685469e+04 1.447214490544351247e+04 3.514474302647763398e+05 1.073031625933863688e+06 2.068546429189018440e+06 6.027808040137663484e+06 1.074179045559560414e+06 4.257220963608006132e+05 2.901985536656427430e+05 2.340711765437526046e+05 2.615263889511087618e+05 2.924081970916396240e+05 2.842383615994823631e+05 2.289377996739735827e+05 1.649043484988506534e+05 1.355123794094959740e+05 1.492766768455387210e+05 1.765590665106919769e+05 1.795842925937757827e+05 1.476964586524698825e+05 1.029769031925745949e+05 7.632767824822399416e+04 8.055275232360984955e+04 1.006741946779057325e+05 1.122077891362683440e+05 1.015777166464023321e+05 7.649109376538384822e+04 5.509225296346053801e+04 5.015119071631315455e+04 5.901031205276152468e+04 6.885111710097768810e+04 6.832395013371785171e+04
-3.938823420113372267e+05 -6.508279787894202163e+05 -5.271923882311959751e+05 1.321811928806423093e+05 2.690689101825752761e+06 -1.976601948682496186e+03 -1.977198144458482857e+05 -1.563446244567700778e+05 -9.508309573501517298e+04 -4.109357497300565592e+04 -1.451726569305807243e+04 -1.215199215204134089e+04 -1.922936147741699824e+04 -1.988234653102901211e+04 -9.621769147138686094e+03 4.589298019578928688e+03 1.248062389465926026e+04 1.006403099549530452e+04 2.086246718728984888e+03 -3.204785787069223716e+03 -1.266781143440598044e+03 5.385027639165415167e+03 1.081329582588763515e+04 1.094525085258361469e+04 6.657370080288314057e+03 2.158932158226190040e+03 1.074560190743387011e+03 3.537829157964990372e+03 6.796525552749217240e+03 7.730777419794414527e+03 2.618936282289093360e+05 8.121786046454696916e+05 7.301631029959979933e+05 8.448955375400241464e+05 2.242113896355501842e+06 4.580235099390577525e+05 2.013946512507540174e+05 1.635567241625972674e+05 1.575940134028691100e+05 1.692593642973953974e+05 1.670601500243414775e+05 1.468683535493579984e+05 1.188009201953618322e+05 9.964611409404355800e+04 9.611872110232332489e+04 1.011523583786280651e+05 1.013378340797858546e+05 8.992293691647841479e+04 7.175834703646233538e+04 5.767167021375799959e+04 5.423214999847344006e+04 5.845044726375935716e+04 6.199871349903857481e+04 5.867952339819807094e+04 4.925655798915155174e+04 3.961815077314351220e+04 3.511618471842506551e+04 3.613976137128059781e+04 3.871643895703452290e+04 3.808119038764045399e+04
-3.135195789555300726e+05 -6.145971041543153115e+05 -4.966605208672840381e+05 -3.247182324230913073e+05 -1.976601948682496186e+03 1.311679215747417184e+06 -2.674251822826293937e+04 -1.045905970067335875e+05 -6.041780433251027716e+04 -2.787958871676320632e+04 -9.516847611046563543e+03 -3.340677086817570853e+03 -2.513250821585640551e+03 -1.914216456917733922e+03 7.082181064626129228e+02 4.603590472891045465e+03 7.615591353915723630e+03 8.211821206434422493e+03 6.607663094012525107e+03 4.624880509205899216e+03 3.977136356531585989e+03 4.918369464866096678e+03 6.397795410497397825e+03 7.031057159873290402e+03 6.350353962812861937e+03 4.974603962733923254e+03 4.001274525041671950e+03 3.946987400837050700e+03 4.445501302346673583e+03 4.529954811878220426e+03 2.028159079742505564e+05 6.028442504209631588e+05 5.595293971635762136e+05 3.717114988801938016e+05 3.940603090168687049e+05 1.106300134279834805e+06 2.374882521000134875e+05 1.225950093312448298e+05 1.156430239156903117e+05 1.113173246540756081e+05 1.093252515993905981e+05 1.015079310326231644e+05 9.016570422738703201e+04 7.875249513434093387e+04 7.061137061514388188e+04 6.629746438317085267e+04 6.335351233560669061e+04 5.893701564301268081e+04 5.218353467763314256e+04 4.514592764855329006e+04 4.031208393450062431e+04 3.834455213051730971e+04 3.783118774222765205e+04 3.653399910461444233e+04 3.349767440142733540e+04 2.950966681404279370e+04 2.625164225659867952e+04 2.456966573444639653e+04 2.389932593908354465e+04 2.264900797664253332e+04
-2.805651867822071072e+05 -5.736263746179707814e+05 -4.853885492791124852e+05 -3.092790337629559217e+05 -1.977198144458482857e+05 -2.674251822826293937e+04 7.310822404783419333e+05 -4.102076154634434715e+03 -3.209800175913160638e+04 -1.003243646239636109e+04 -7.409042339021289081e+02 4.939579459819178737e+03 8.895318130673895212e+03 1.092454308727312127e+04 1.035738876604291545e+04 8.590228093266507130e+03 7.667023595004719937e+03 8.324364960280086962e+03 9.425346577019045071e+03 9.558717069499882200e+03 8.270325715189117545e+03 6.480845663362868436e+03 5.429759251627283447e+03 5.552486708032564820e+03 6.241772155903299790e+03 6.557755399179452070e+03 6.018215834005340184e+03 4.921366701608854783e+03 3.900831775344701782e+03 3.249569412982676113e+03 1.511457425220989389e+05 4.476222713728409726e+05 4.149365450291484594e+05 2.904800716105244355e+05 1.931417267025962356e+05 2.207968838565465412e+05 6.212990513060544617e+05 1.461584329339737305e+05 9.294938228561628785e+04 8.787839388125034748e+04 7.884896305683509854e+04 7.397911088818748249e+04 6.999290916951050167e+04 6.497243888562123175e+04 5.742690712231353973e+04 4.932131642975682917e+04 4.328528747219781508e+04 4.019601524727536889e+04 3.835938483592211560e+04 3.588271871548879426e+04 3.206400474497242612e+04 2.793028509621682315e+04 2.496615273632117169e+04 2.360366851922884962e+04 2.304412472547031575e+04 2.214015657257701241e+04 2.032760501321751508e+04 1.795094944714528901e+04 1.569012204375359761e+04 1.373718226070855053e+04
-2.243893601670645876e+05 -4.608794444834302412e+05 -3.860982655339752091e+05 -2.520322357263481535e+05 -1.563446244567700778e+05 -1.045905970067335875e+05 -4.102076154634434715e+03 4.424640806597255287e+05 2.870472853963815578e+04 7.299718233677136595e+03 1.091374876269019842e+04 1.291631156577556067e+04 1.721597188546262623e+04 1.978137058874659124e+04 1.811271277620064211e+04 1.354955356961690813e+04 9.913618843495905821e+03 9.528219055276615109e+03 1.129163916381760646e+04 1.253093500574176505e+04 1.137368184469459447e+04 8.512009452462052650e+03 6.008879266854648449e+03 5.353503435657404225e+03 6.286015093973985131e+03 7.351622219413284256e+03 7.241349494503514507e+03 5.851980774501156702e+03 4.130197431456530467e+03 3.019270377356360768e+03 1.447961310133474763e+05 4.205218634627601132e+05 3.834067673912422033e+05 2.563746254549126606e+05 1.737669545809263363e+05 1.294504725587073772e+05 1.464388141751909279e+05 3.728968193568827701e+05 1.018056339969104447e+05 6.983528529909218196e+04 6.072830312150520331e+04 5.255635288181669603e+04 5.121203568260371685e+04 5.049947920269335737e+04 4.602106185719058703e+04 3.791019332321607362e+04 3.027377940195958217e+04 2.658937361357390910e+04 2.631149168910087610e+04 2.656480569127027047e+04 2.462216406439615093e+04 2.058461963981957888e+04 1.662732355520944111e+04 1.465810640037551457e+04 1.473663053702237812e+04 1.533869735074046548e+04 1.482079778415690271e+04 1.276816895674165244e+04 1.008125523164846891e+04 7.797850255514445962e+03
-1.191860181480297178e+05 -2.364101544119768660e+05 -2.130152389393060876e+05 -1.460416682335595542e+05 -9.508309573501517298e+04 -6.041780433251027716e+04 -3.209800175913160638e+04 2.870472853963815578e+04 2.761953845764286234e+05 3.584887497404285386e+04 1.590803435361175434e+04 1.634218479612703049e+04 1.892734630014997674e+04 2.115426567720282037e+04 1.944004563580919785e+04 1.478439463351380255e+04 1.066439300906813151e+04 9.657945248366939268e+03 1.105972569643175302e+04 1.237263492462459362e+04 1.150410898032539626e+04 8.796079067950962781e+03 6.134509468681100770e+03 5.139134399125010532e+03 5.819716327685338001e+03 6.882068103345146483e+03 6.941094691921635786e+03 5.714597548756149990e+03 4.037579845895307699e+03 2.928152856009112838e+03 2.039396252413588227e+05 5.439142276956913993e+05 4.513018611029622843e+05 2.803250522460550419e+05 1.747441629434578354e+05 1.290356541303118283e+05 1.046142371739237860e+05 1.077034442323970725e+05 2.246038270251770737e+05 6.713936132150606136e+04 4.289782736670412123e+04 3.618136044068595220e+04 3.383574295704418910e+04 3.496501156671045464e+04 3.314706556500816077e+04 2.741336888394976268e+04 2.077206650310992336e+04 1.710069843030714037e+04 1.688348847323759037e+04 1.792812366239845142e+04 1.730433602009527385e+04 1.440880371182815725e+04 1.092979032739618197e+04 8.900231556691547667e+03 8.888615608841688299e+03 9.769555579547833986e+03 9.868495692835305817e+03 8.473281634462418879e+03 6.232051664972268554e+03 4.245414215765003974e+03
-4.153170588404698356e+04 -5.580738902401896485e+04 -6.293525386957870069e+04 -5.574531765589013230e+04 -4.109357497300565592e+04 -2.787958871676320632e+04 -1.003243646239636109e+04 7.299718233677136595e+03 3.584887497404285386e+04 1.704823132327426283e+05 2.612098719791338590e+04 1.358411212328745205e+04 1.542560828822798612e+04 1.661860612543752723e+04 1.538125679464609675e+04 1.195308880963486445e+04 8.914052714457793627e+03 8.114119882285427593e+03 9.075639643545593572e+03 9.996370436368670198e+03 9.308445730881814598e+03 7.248656998572095290e+03 5.194543208206850977e+03 4.365263706303121580e+03 4.798104053875475074e+03 5.547662158376711886e+03 5.567192609925899887e+03 4.622645939560539773e+03 3.339754994244922273e+03 2.499845175415094218e+03 2.339900434112048242e+05 6.280883975837565958e+05 5.151448045455725514e+05 3.071243847236267175e+05 1.834065518541136989e+05 1.270696024430410180e+05 1.027977188721399143e+05 8.307671731030032970e+04 7.452858051177120069e+04 1.395858428463714081e+05 3.930592578755374416e+04 2.350693553690017870e+04 2.221823046638951564e+04 2.247925568292428943e+04 2.195531220886474330e+04 1.856219688601837697e+04 1.421543949498532675e+04 1.158941275442537699e+04 1.130011478366647134e+04 1.205493151885207772e+04 1.177113010714864504e+04 9.885457850744773168e+03 7.458000299705463476e+03 5.933164692212650152e+03 5.820487000547007483e+03 6.416593989931574470e+03 6.530540457815810441e+03 5.586997633195835078e+03 4.008662297101473996e+03 2.587252836494791609e+03
-1.981466130172953126e+04 -1.213264501367827324e+04 -1.491328233475083834e+04 -1.717223426420015312e+04 -1.451726569305807243e+04 -9.516847611046563543e+03 -7.409042339021289081e+02 1.091374876269019842e+04 1.590803435361175434e+04 2.612098719791338590e+04 1.101384843404546409e+05 1.873662594860608806e+04 1.164508933357279238e+04 1.237998900532038533e+04 1.102945597879456545e+04 8.562810072640735598e+03 6.606130407576864854e+03 6.353489438430541668e+03 7.200832376616388501e+03 7.788777656154456054e+03 7.091251931593524205e+03 5.459910640451911604e+03 3.973417902649424832e+03 3.461969153024769639e+03 3.839940968009406788e+03 4.356383799520307548e+03 4.267088872695570899e+03 3.478790592805872620e+03 2.507986137073000464e+03 1.934119191463000107e+03 2.072817987822065479e+05 5.623984592155254213e+05 4.772994388621551334e+05 2.944204512814338668e+05 1.781637483978350356e+05 1.228767891121151042e+05 9.478198993666759634e+04 7.590123561965371482e+04 5.475260179555202922e+04 4.485672503823220904e+04 8.803373150050922413e+04 2.268163758963069995e+04 1.432154469710273952e+04 1.460946711122195848e+04 1.365552714839437431e+04 1.165488413064199813e+04 9.201771527338794840e+03 7.918108503686131371e+03 7.910561650465811908e+03 8.314258124761108775e+03 7.891127825226627465e+03 6.483904815495253388e+03 4.890985459351060854e+03 3.999534907468008896e+03 4.010073220178310294e+03 4.374930981384228289e+03 4.314744772589735476e+03 3.538660050229395438e+03 2.409681337748031183e+03 1.473904814249360925e+03
-4.788181140339446574e+04 -8.675753836948474054e+04 -5.898206488935840025e+04 -2.879913816139120172e+04 -1.215199215204134089e+04 -3.340677086817570853e+03 4.939579459819178737e+03 1.291631156577556067e+04 1.634218479612703049e+04 1.358411212328745205e+04 1.873662594860608806e+04 7.975951423792865535e+04 1.726420648777144743e+04 1.143717095463300939e+04 9.749038406242103520e+03 7.041078689552479773e+03 5.432012014185065709e+03 5.579024025401642575e+03 6.618627474303712916e+03 7.114174402805178033e+03 6.249614561665865949e+03 4.587954838599216600e+03 3.251016529553080545e+03 2.944525965350021579e+03 3.426910201969678837e+03 3.906597599781995996e+03 3.723254092057090929e+03 2.903268639659538167e+03 2.007043602943228507e+03 1.573075646693260296e+03 1.310744117995487759e+05 3.727540127002670197e+05 3.462513941891307477e+05 2.356127086825431325e+05 1.551216894537926710e+05 1.125172090628189326e+05 8.759367216722044395e+04 6.705355743142307620e+04 4.774572865420312155e+04 3.029002848593528324e+04 2.540257261772968923e+04 5.845398478970014548e+04 1.526285334345223964e+04 9.614788759269740694e+03 8.754004551636746328e+03 6.620584207905825679e+03 5.102918559921065935e+03 4.802965287221695689e+03 5.382094681286045670e+03 5.815715343187725921e+03 5.225776849159816265e+03 3.849894532097751835e+03 2.598608499988560652e+03 2.164746603294325269e+03 2.468437861942019481e+03 2.865272742100763480e+03 2.703607679478542195e+03 1.906063545303199362e+03 9.342228038769981140e+02 2.827625931122104248e+02
-7.763585357970179757e+04 -1.684875010861107148e+05 -1.165004909763445903e+05 -5.347512422431845334e+04 -1.922936147741699824e+04 -2.513250821585640551e+03 8.895318130673895212e+03 1.721597188546262623e+04 1.892734630014997674e+04 1.542560828822798612e+04 1.164508933357279238e+04 1.726420648777144743e+04 6.338026566335336247e+04 1.687491228588263039e+04 1.036044975055066789e+04 7.297825196885453806e+03 5.306707421359549699e+03 5.515792907266773000e+03 6.751915033578891780e+03 7.372410245572191343e+03 6.440883942298776674e+03 4.607648453572917788e+03 3.146954993747710432e+03 2.845398956281027495e+03 3.415618512515807197e+03 3.962513868990426090e+03 3.765788915888881093e+03 2.877716330401092819e+03 1.931255026191187426e+03 1.518285920650541811e+03 6.662700324048273615e+04 2.024906955493330606e+05 2.180204755608317791e+05 1.706573566804009606e+05 1.258866875728713785e+05 9.971030637782945996e+04 8.190615647539473139e+04 6.392418187523983943e+04 4.444610801236402767e+04 2.819752838652572973e+04 1.700517014498592471e+04 1.663737348076008493e+04 4.455343671850203827e+04 1.168910881517380767e+04 6.683524781441173218e+03 4.634741333257235965e+03 2.768455822232829632e+03 2.794981908696556275e+03 3.860050033736754358e+03 4.671521740406557001e+03 4.161970558748131225e+03 2.680744756787132246e+03 1.362247246095404080e+03 1.028867418145637657e+03 1.543940943831089953e+03 2.113392674938518212e+03 1.997169229394078457e+03 1.155788346683847521e+03 1.595215434387766891e+02 -4.154344922893308194e+02
-6.822948864415159915e+04 -1.555990538597176783e+05 -1.134627384272571362e+05 -5.435401372610036924e+04 -1.988234653102901211e+04 -1.914216456917733922e+03 1.092454308727312127e+04 1.978137058874659124e+04 2.115426567720282037e+04 1.661860612543752723e+04 1.237998900532038533e+04 1.143717095463300939e+04 1.687491228588263039e+04 4.906040181666253193e+04 1.338236540703153878e+04 7.322948239738022494e+03 5.280156676402082667e+03 5.159076120648816868e+03 6.325818294233405140e+03 7.086045696349195168e+03 6.394048899419791269e+03 4.704891577280872298e+03 3.229434627126613123e+03 2.819855493456930162e+03 3.308049906894543255e+03 3.862288714877826351e+03 3.745224849233436544e+03 2.938194369562245356e+03 2.024301632956258345e+03 1.594452053839113432e+03 6.366936995985596150e+04 1.798459572116747440e+05 1.835106460673279944e+05 1.426610031055446016e+05 1.078331236220403516e+05 8.918791290450011729e+04 7.769381177175370976e+04 6.401491268651877908e+04 4.635239162464578112e+04 2.967998854363037026e+04 1.853166036888105737e+04 1.301827082666011484e+04 1.496833892929384820e+04 3.521654466692496499e+04 9.997598323908239763e+03 4.873034354622694082e+03 2.927220206570405935e+03 2.416702775769502750e+03 3.522010900598582339e+03 4.657449190776280375e+03 4.508743709716191006e+03 3.151936295949741179e+03 1.714299856230500609e+03 1.190108394968754965e+03 1.621653355574944044e+03 2.254968300203477156e+03 2.269785481597200032e+03 1.512899650850045191e+03 5.170315628869882403e+02 -9.930641287659250338e+01
-2.532148147171228629e+04 -5.474499521515922970e+04 -4.572038800395636645e+04 -2.517836629079786508e+04 -9.621769147138686094e+03 7.082181064626129228e+02 1.035738876604291545e+04 1.811271277620064211e+04 1.944004563580919785e+04 1.538125679464609675e+04 1.102945597879456545e+04 9.749038406242103520e+03 1.036044975055066789e+04 1.338236540703153878e+04 3.495793216236624721e+04 8.402047902535286994e+03 4.432298017996918134e+03 4.159900613376239562e+03 4.901500178497208253e+03 5.648975373186849538e+03 5.365633338122170244e+03 4.211860436729250068e+03 3.036487533769497531e+03 2.578598833053431008e+03 2.848637059154176768e+03 3.274294461890402090e+03 3.255865661478174843e+03 2.689168190731405048e+03 1.972925413777988069e+03 1.573962458696034901e+03 1.082469134724863106e+05 2.841217849252875894e+05 2.425386076738227857e+05 1.581860685163910966e+05 1.064440273927764792e+05 8.358221622970610042e+04 7.317787453410134185e+04 6.294285015621062485e+04 4.791821242478263594e+04 3.237250130420380447e+04 2.094530555785913748e+04 1.545781247109300421e+04 1.358671743116174912e+04 1.483028928361280123e+04 2.923343948348149934e+04 8.389406510474947936e+03 4.046981727787090222e+03 3.313596510078924439e+03 3.837214792136369852e+03 4.951321272109809797e+03 5.153605300491532034e+03 4.218214279726291352e+03 2.926847572964192295e+03 2.218405592572685237e+03 2.350375096288479654e+03 2.821491813992474817e+03 2.917311484004475915e+03 2.367266713184340006e+03 1.518442803903197500e+03 8.884780343815909873e+02
1.640387203004454932e+04 4.798789782126444334e+04 2.919740714123065845e+04 1.081746048837945636e+04 4.589298019578928688e+03 4.603590472891045465e+03 8.590228093266507130e+03 1.354955356961690813e+04 1.478439463351380255e+04 1.195308880963486445e+04 8.562810072640735598e+03 7.041078689552479773e+03 7.297825196885453806e+03 7.322948239738022494e+03 8.402047902535286994e+03 2.387183946195252429e+04 4.849487096303299950e+03 2.804014728767197994e+03 3.214998157815648938e+03 3.736933920903737999e+03 3.778216747439038954e+03 3.216060062407412261e+03 2.504062807586448798e+03 2.129274278682722070e+03 2.203769717232873518e+03 2.442440036520682497e+03 2.468705954635498529e+03 2.155166886481838446e+03 1.700847212949832056e+03 1.391826166621489847e+03 1.499558884776675259e+05 3.893839573766882531e+05 3.131513823514282703e+05 1.858880728980996355e+05 1.127872507552361931e+05 8.134277157763278228e+04 6.793451643570553279e+04 5.828656227454073087e+04 4.570974392626345798e+04 3.235979775200789663e+04 2.221263924728950951e+04 1.670574937101017713e+04 1.485260181019905212e+04 1.341449020249889327e+04 1.301673239583958275e+04 2.286296817997028847e+04 6.751670876707628850e+03 3.957383420441856742e+03 4.142803555496976514e+03 4.801526564454366962e+03 5.149682995972030767e+03 4.661528326296669547e+03 3.749453266914093547e+03 3.069355343505509154e+03 2.947782688890353711e+03 3.160348866734640978e+03 3.231360431406904354e+03 2.883716868628297107e+03 2.268576449844922536e+03 1.718029444742229771e+03
2.528347757704309697e+04 7.232110618795045593e+04 5.271574388347106287e+04 2.599143300095587256e+04 1.248062389465926026e+04 7.615591353915723630e+03 7.667023595004719937e+03 9.913618843495905821e+03 1.066439300906813151e+04 8.914052714457793627e+03 6.606130407576864854e+03 5.432012014185065709e+03 5.306707421359549699e+03 5.280156676402082667e+03 4.432298017996918134e+03 4.849487096303299950e+03 1.705804783858144583e+04 3.237930551899155944e+03 2.083419253055685658e+03 2.441042690460793892e+03 2.512210574796418314e+03 2.270797694594967652e+03 1.894333775276110373e+03 1.670726960258771214e+03 1.686671547479357741e+03 1.804013283910422160e+03 1.813013161755408873e+03 1.628600587101901283e+03 1.352310294517638795e+03 1.144635282536564091e+03 1.449347710331643466e+05 3.831397491293291096e+05 3.136285536856194958e+05 1.875284703887191135e+05 1.122907079873361217e+05 7.819403773355680460e+04 6.212246244577212201e+04 5.124426228476603865e+04 3.985849609199035331e+04 2.892286882171045727e+04 2.074443400485607344e+04 1.617108058829148831e+04 1.405719589362520128e+04 1.260111646602797919e+04 1.020250441177845278e+04 9.101404793636746035e+03 1.729004505365445948e+04 5.192293526734007173e+03 3.541605499043062082e+03 3.957338872515991170e+03 4.130661723822060594e+03 3.915091232233964092e+03 3.379006887138610182e+03 2.920755506361270818e+03 2.767211855792093957e+03 2.827267620197348151e+03 2.831305137023792213e+03 2.591247726875583794e+03 2.173134579026673691e+03 1.764419230353542389e+03
9.494364542964228804e+02 1.339978452030601511e+04 1.707024474618784006e+04 1.363552393994349404e+04 1.006403099549530452e+04 8.211821206434422493e+03 8.324364960280086962e+03 9.528219055276615109e+03 9.657945248366939268e+03 8.114119882285427593e+03 6.353489438430541668e+03 5.579024025401642575e+03 5.515792907266773000e+03 5.159076120648816868e+03 4.159900613376239562e+03 2.804014728767197994e+03 3.237930551899155944e+03 1.348781651914931354e+04 3.001156700229686066e+03 2.157991306736869319e+03 2.132792416940731073e+03 1.828373897520712717e+03 1.530448813280706418e+03 1.413741844992139704e+03 1.491478979069556772e+03 1.601001075312106423e+03 1.572678368947825220e+03 1.378669388892257075e+03 1.138726302196263532e+03 9.921553800925389623e+02 9.510445789959162357e+04 2.630868365728984354e+05 2.348999373351225513e+05 1.536751826403994346e+05 9.891620683624263620e+04 7.163147023722922313e+04 5.663632886578331090e+04 4.506275518030312378e+04 3.392123045269813883e+04 2.443307854380580829e+04 1.787347451718329467e+04 1.433922890470881612e+04 1.255787535799027319e+04 1.079753196770310751e+04 8.476866205042460933e+03 5.824818342532266797e+03 5.301234828714607829e+03 1.303493713014819150e+04 3.750331990852791023e+03 2.702589455769190863e+03 2.811906215257158692e+03 2.539708094601383891e+03 2.206939059347200782e+03 1.983893895499630844e+03 1.978431692511081110e+03 2.062885833422233645e+03 2.038587213456276459e+03 1.813146127866244115e+03 1.482721131726490512e+03 1.199124254844221014e+03
-2.677635307772357919e+04 -5.993532855812719208e+04 -3.490444090778665850e+04 -9.317529465847244865e+03 2.086246718728984888e+03 6.607663094012525107e+03 9.425346577019045071e+03 1.129163916381760646e+04 1.105972569643175302e+04 9.075639643545593572e+03 7.200832376616388501e+03 6.618627474303712916e+03 6.751915033578891780e+03 6.325818294233405140e+03 4.901500178497208253e+03 3.214998157815648938e+03 2.083419253055685658e+03 3.001156700229686066e+03 1.176938793214520047e+04 3.391443167132585586e+03 2.342001140432803368e+03 1.879162797375146056e+03 1.451169258964660457e+03 1.357873258392968637e+03 1.520431982527597711e+03 1.691796660003507213e+03 1.650013814165246686e+03 1.394374343227661029e+03 1.107173207901195383e+03 9.712309147516141365e+02 4.500502220183404279e+04 1.316497878471997683e+05 1.389222295871899114e+05 1.077435344271483482e+05 7.901746629551923252e+04 6.254099016645456140e+04 5.183147556194415665e+04 4.143118960465572309e+04 3.051886014355177758e+04 2.142761887818158721e+04 1.547865330156201526e+04 1.258433945840617343e+04 1.128741967664269760e+04 9.742230559320356406e+03 7.246148875695840616e+03 4.618785531194316718e+03 2.665420316517238007e+03 3.155910951677858975e+03 1.032174119841881111e+04 2.902894917357053600e+03 1.860637820456070585e+03 1.546028178333509459e+03 1.136946472176941370e+03 1.034308973872789466e+03 1.194969123662355514e+03 1.405753246784341854e+03 1.416245668387594606e+03 1.171995840100338910e+03 8.392551127722867932e+02 6.138526375520062857e+02
-3.544744614759357501e+04 -8.382720590099462424e+04 -5.453975530201235961e+04 -2.049930846550728893e+04 -3.204785787069223716e+03 4.624880509205899216e+03 9.558717069499882200e+03 1.253093500574176505e+04 1.237263492462459362e+04 9.996370436368670198e+03 7.788777656154456054e+03 7.114174402805178033e+03 7.372410245572191343e+03 7.086045696349195168e+03 5.648975373186849538e+03 3.736933920903737999e+03 2.441042690460793892e+03 2.157991306736869319e+03 3.391443167132585586e+03 1.046886782308389593e+04 3.302302462499081230e+03 2.038944445138329684e+03 1.535670314546521240e+03 1.369881117938539774e+03 1.551010379172523471e+03 1.768811690708146671e+03 1.756858492548740060e+03 1.490434385729306086e+03 1.172176777996538931e+03 1.018785377165597765e+03 2.612971190677637060e+04 8.038144256517582107e+04 9.520045204131043283e+04 8.120010637047013734e+04 6.449735635608943994e+04 5.455445646770585154e+04 4.791480138167760742e+04 3.992911089306670328e+04 2.987283956553224562e+04 2.078958321700104716e+04 1.470250282499614696e+04 1.184766400808620892e+04 1.089257881050643482e+04 9.776416576924406399e+03 7.510485967784059540e+03 4.734173839313481949e+03 2.680685743822316908e+03 1.849307728551817490e+03 2.971657849957060535e+03 9.121251736148664349e+03 2.735891101873812204e+03 1.405910225636280757e+03 9.429806114254648719e+02 7.313790581493938134e+02 9.367675512780906502e+02 1.237954370177040573e+03 1.322713993829729134e+03 1.094302030097384886e+03 7.407652531129224371e+02 5.048715370479063722e+02
-1.478175264409695592e+04 -3.775214416207844624e+04 -2.723792988396615328e+04 -1.086285782094996830e+04 -1.266781143440598044e+03 3.977136356531585989e+03 8.270325715189117545e+03 1.137368184469459447e+04 1.150410898032539626e+04 9.308445730881814598e+03 7.091251931593524205e+03 6.249614561665865949e+03 6.440883942298776674e+03 6.394048899419791269e+03 5.365633338122170244e+03 3.778216747439038954e+03 2.512210574796418314e+03 2.132792416940731073e+03 2.342001140432803368e+03 3.302302462499081230e+03 8.669236828981431245e+03 2.556195200108173594e+03 1.523105290228160356e+03 1.327260250742735025e+03 1.413047172334636343e+03 1.604613193907704499e+03 1.638035002680615889e+03 1.451409863897085415e+03 1.186177305971288888e+03 1.028742612829814789e+03 5.173805578682159830e+04 1.349856882501188666e+05 1.222270559232519008e+05 8.625069287219352555e+04 6.179143234477719670e+04 5.040445013066106912e+04 4.477917186067051807e+04 3.868277984161672066e+04 2.994907125366968830e+04 2.124374789917088128e+04 1.504488044468563385e+04 1.198920225531174401e+04 1.105763185764016816e+04 1.030284562985696175e+04 8.469311198988891192e+03 5.932770515392609013e+03 3.749705418189829288e+03 2.765531565137215239e+03 2.684061010032693957e+03 3.745743415628295224e+03 8.662370425380066081e+03 2.744145974020288577e+03 1.467789321818499047e+03 1.173585251785870241e+03 1.216529437844505082e+03 1.487345648051858461e+03 1.621393576135287276e+03 1.467996012641050356e+03 1.149029147367415590e+03 8.881872104472558931e+02
1.071152907020368912e+04 2.741990442187687586e+04 1.827884247193609917e+04 8.934956173030512218e+03 5.385027639165415167e+03 4.918369464866096678e+03 6.480845663362868436e+03 8.512009452462052650e+03 8.796079067950962781e+03 7.248656998572095290e+03 5.459910640451911604e+03 4.587954838599216600e+03 4.607648453572917788e+03 4.704891577280872298e+03 4.211860436729250068e+03 3.216060062407412261e+03 2.270797694594967652e+03 1.828373897520712717e+03 1.879162797375146056e+03 2.038944445138329684e+03 2.556195200108173594e+03 6.793279476934128070e+03 1.853936402919725879e+03 1.174854039353738699e+03 1.167634835986781127e+03 1.256261076448243784e+03 1.314531247560656993e+03 1.240939300281326496e+03 1.087145043370072017e+03 9.581611314362203302e+02 8.357672743502349476e+04 2.168887271366355708e+05 1.763433509114155022e+05 1.068750731984071317e+05 6.681912414790590992e+04 4.953881831477667583e+04 4.207100402290221245e+04 3.631698397396874498e+04 2.874804197801720875e+04 2.098334558762866072e+04 1.521024884200015185e+04 1.214773521000368783e+04 1.106415283961311980e+04 1.039286228600078539e+04 8.972448984358436064e+03 6.885082010680582243e+03 4.923541092814337389e+03 3.787464725560315856e+03 3.523800486409802033e+03 3.565569464575432903e+03 4.127839027828476901e+03 7.807081442572179185e+03 2.773692125376127478e+03 1.743268274167435266e+03 1.655157011233042795e+03 1.758033797840545958e+03 1.888262742147056542e+03 1.823756794766555231e+03 1.597473932570642773e+03 1.349754556140575005e+03
2.337709792830400693e+04 5.973598492340015946e+04 4.334142021282861242e+04 2.193461600793231628e+04 1.081329582588763515e+04 6.397795410497397825e+03 5.429759251627283447e+03 6.008879266854648449e+03 6.134509468681100770e+03 5.194543208206850977e+03 3.973417902649424832e+03 3.251016529553080545e+03 3.146954993747710432e+03 3.229434627126613123e+03 3.036487533769497531e+03 2.504062807586448798e+03 1.894333775276110373e+03 1.530448813280706418e+03 1.451169258964660457e+03 1.535670314546521240e+03 1.523105290228160356e+03 1.853936402919725879e+03 5.403465349062391397e+03 1.414922409632693416e+03 9.339222567238558668e+02 9.484552711223199140e+02 9.803611924501642534e+02 9.808123922933258427e+02 9.220942480667920336e+02 8.393484522655655837e+02 9.567946804959792644e+04 2.485010754193830653e+05 2.000860976109127514e+05 1.180466299179227208e+05 7.031942889424350869e+04 4.921203997514888761e+04 3.952143123467285477e+04 3.296905871138461225e+04 2.596756364908740943e+04 1.929861575592211011e+04 1.438758558034144153e+04 1.166381281124941233e+04 1.049342392369033405e+04 9.706897853056925669e+03 8.478749530447199504e+03 6.821276428875191414e+03 5.226860699219932940e+03 4.211276801534218066e+03 3.782167461778854886e+03 3.702219226297461319e+03 3.484040360202835018e+03 3.678383252592544068e+03 6.776046762270467298e+03 2.528170190114630714e+03 1.769547515402926592e+03 1.774553014841496861e+03 1.822569899921719070e+03 1.816583302885198236e+03 1.686438061054647051e+03 1.495426180163320169e+03
1.386268223206022230e+04 3.883660730900224007e+04 3.218313382737918073e+04 1.905732909520866451e+04 1.094525085258361469e+04 7.031057159873290402e+03 5.552486708032564820e+03 5.353503435657404225e+03 5.139134399125010532e+03 4.365263706303121580e+03 3.461969153024769639e+03 2.944525965350021579e+03 2.845398956281027495e+03 2.819855493456930162e+03 2.578598833053431008e+03 2.129274278682722070e+03 1.670726960258771214e+03 1.413741844992139704e+03 1.357873258392968637e+03 1.369881117938539774e+03 1.327260250742735025e+03 1.174854039353738699e+03 1.414922409632693416e+03 4.464931245588506499e+03 1.179327387313794361e+03 8.148053870727883350e+02 8.217408838389064840e+02 8.082407930893391494e+02 7.783046592954847256e+02 7.300683058212566721e+02 7.494251656659002765e+04 2.015421912557219039e+05 1.710172638252630713e+05 1.063946601581411669e+05 6.596252433857711731e+04 4.675867680766353442e+04 3.685022896558202046e+04 2.962958923519956443e+04 2.271038738413008105e+04 1.680341224634863102e+04 1.270956415412530259e+04 1.048550655643071877e+04 9.419548492644291400e+03 8.529238295484417904e+03 7.294312363428089157e+03 5.843863907242522146e+03 4.559356982742983746e+03 3.768472548892248597e+03 3.416043602958665815e+03 3.236164419421193998e+03 2.993983956835168101e+03 2.570168006809735743e+03 2.685183566876693476e+03 5.489915481557118255e+03 1.969835619787088490e+03 1.438448107792618430e+03 1.458152217638700222e+03 1.424692206352331596e+03 1.349715894166889029e+03 1.226495299999954113e+03
-4.164395285063119445e+03 -7.313878035969584744e+03 7.993790958536153539e+02 5.843803971182969690e+03 6.657370080288314057e+03 6.350353962812861937e+03 6.241772155903299790e+03 6.286015093973985131e+03 5.819716327685338001e+03 4.798104053875475074e+03 3.839940968009406788e+03 3.426910201969678837e+03 3.415618512515807197e+03 3.308049906894543255e+03 2.848637059154176768e+03 2.203769717232873518e+03 1.686671547479357741e+03 1.491478979069556772e+03 1.520431982527597711e+03 1.551010379172523471e+03 1.413047172334636343e+03 1.167634835986781127e+03 9.339222567238558668e+02 1.179327387313794361e+03 3.875570341159680538e+03 1.150817882424184745e+03 8.358053683862774506e+02 7.787787013419089135e+02 7.043367726210979072e+02 6.642640335565151872e+02 4.292106754597590043e+04 1.197239245218258002e+05 1.138197960784894531e+05 8.032866853283546516e+04 5.520969629663670639e+04 4.197100659476678993e+04 3.408580791190537275e+04 2.722617871375932009e+04 2.035483022278338467e+04 1.471765112932365082e+04 1.101740748598251594e+04 9.146603712565567548e+03 8.301326410348119680e+03 7.460714263501482492e+03 6.183950833915374460e+03 4.738653439851746043e+03 3.570222933807341633e+03 2.959750322039295042e+03 2.766130766968295575e+03 2.663636395479934890e+03 2.364478889883971533e+03 1.926466815385687823e+03 1.484580983572072455e+03 1.718413813490470375e+03 4.321704367881354301e+03 1.467177716797976245e+03 1.022582924267894214e+03 9.712984789403412833e+02 8.656862744264951743e+02 7.877437754076154306e+02
-1.612765380972565799e+04 -3.815795115805108799e+04 -2.184099363383639866e+04 -5.197974005450765617e+03 2.158932158226190040e+03 4.974603962733923254e+03 6.557755399179452070e+03 7.351622219413284256e+03 6.882068103345146483e+03 5.547662158376711886e+03 4.356383799520307548e+03 3.906597599781995996e+03 3.962513868990426090e+03 3.862288714877826351e+03 3.274294461890402090e+03 2.442440036520682497e+03 1.804013283910422160e+03 1.601001075312106423e+03 1.691796660003507213e+03 1.768811690708146671e+03 1.604613193907704499e+03 1.256261076448243784e+03 9.484552711223199140e+02 8.148053870727883350e+02 1.150817882424184745e+03 3.536586361719417710e+03 1.170796678874876761e+03 8.135582408499927851e+02 6.964329919804979454e+02 6.311202192779282996e+02 2.151890018255629184e+04 6.437710397201338492e+04 7.193621055454979069e+04 5.851451086865664547e+04 4.473801684010845929e+04 3.671271027700004925e+04 3.146575326023687012e+04 2.582586902475904935e+04 1.931909182066717040e+04 1.370067123163845463e+04 9.993391097614792670e+03 8.197021949813462925e+03 7.523537915979439276e+03 6.857671624646634882e+03 5.642292566364807499e+03 4.164286513234367703e+03 2.970728231970852448e+03 2.407804330524995294e+03 2.326869717041094191e+03 2.336818973614942934e+03 2.086058290435462368e+03 1.586147691586464134e+03 1.116287062331532525e+03 8.502521156394361697e+02 1.256014466640058799e+03 3.763322488910735046e+03 1.199869006060178435e+03 7.207142165413351904e+02 5.927744247805710529e+02 4.929435056010888161e+02
