9.134470705844575167e+07 1.228046251984231919e+07 6.844719219704457792e+05 8.818708104378872667e+04 -2.257869734848154621e+04 -1.806574935700249989e+04 -1.810347403276886689e+04 -1.149958125295908394e+04 2.651680750215854914e+03 1.192360837354545583e+04 1.219304402028183358e+04 4.317735940310990372e+03 -2.211507240819355502e+03 -1.857285414936437064e+03 4.282564156326679949e+03 1.100639394384990374e+04 1.162182773449680462e+04 6.737359304505544060e+03 1.348535683684150627e+03 -1.344811966407537511e+03 1.609181478843135892e+03 5.648043062649603598e+03 7.811792374137368824e+03 6.394701053490274717e+03 3.007892169264281165e+03 3.911663151340724198e+02 5.239343926860059355e+02 2.433915648990501722e+03 4.316392625663605941e+03 4.569242969374447057e+03 5.208208493600691110e+07 2.958955774860276654e+07 2.906976389708764851e+06 5.381265536405195016e+05 7.181998660550566274e+04 5.496292965984053444e+04 4.173451221560736303e+04 4.003379645198804792e+04 4.967145534504192619e+04 5.374502444263755751e+04 4.723154006434415351e+04 3.065011234971460362e+04 1.762354082484621176e+04 1.582907392125842853e+04 2.320456969233237032e+04 3.172138473410671577e+04 3.083034246628386609e+04 2.153316738566845015e+04 1.178091925709815587e+04 6.527066922820578839e+03 1.057325906546647093e+04 1.641890275464457227e+04 1.928383385072754027e+04 1.638061968137853546e+04 1.032981928932443407e+04 5.604119369540791922e+03 5.457552375061195562e+03 8.275221382249812450e+03 1.108022326052566495e+04 1.122135245869537539e+04
1.228046251984231919e+07 2.938097435097806156e+07 3.572285949064141139e+06 2.058322126149067190e+05 2.322752659379061515e+04 -3.063493763362577738e+04 -3.515028496453200933e+04 -2.421636030490107078e+04 4.666667068395881870e+03 2.664378468416648320e+04 2.801833331946117687e+04 1.089368972490122906e+04 -5.447809662625986675e+03 -6.326965771416658754e+03 7.171684697957499338e+03 2.272831173411435520e+04 2.566886021161680401e+04 1.535375906185342683e+04 2.368289070844491107e+03 -4.027279553763437434e+03 1.568460591027586815e+03 1.127677943463350675e+04 1.671112167318560387e+04 1.414050222809158004e+04 6.484310523057156388e+03 2.998836527698580880e+02 1.119521881167281663e+02 4.448769929073501771e+03 8.929658897864232131e+03 9.901442961663793540e+03 5.963693593604415655e+06 1.574307011634946615e+07 7.752500829351019114e+06 1.091749365237185033e+06 3.574119843039118568e+05 1.380668568171223160e+05 1.037713254182992241e+05 9.627616759954462759e+04 1.155131036924387736e+05 1.275529983173929504e+05 1.138013147308058105e+05 7.695942044815444387e+04 4.471763207827726728e+04 3.795961206733588187e+04 5.396782596339344309e+04 7.336982554557899130e+04 7.330772218370286282e+04 5.300697381274178042e+04 2.936013581838882237e+04 1.696635668283229097e+04 2.417620139074165490e+04 3.811679252814657229e+04 4.513836810400352988e+04 3.930400667613229598e+04 2.542487043634597649e+04 1.421663848017329292e+04 1.299801380727197102e+04 1.928265460679797252e+04 2.582233798796161864e+04 2.662997900157188269e+04
6.844719219704457792e+05 3.572285949064141139e+06 8.813410841143928468e+06 1.078731464332365897e+06 6.647167255957686575e+04 9.711944584337097695e+02 -2.404202669934466030e+04 -1.605865683176461243e+04 3.696641845792407821e+03 2.064774150390984141e+04 2.311990473651608772e+04 1.256318459825101854e+04 9.773767957363953656e+02 -9.771980376353624251e+02 7.222438282546996561e+03 1.729922091009754513e+04 1.998459310974564505e+04 1.378632521111337337e+04 4.803127858361114704e+03 1.934777098188831701e+02 2.875463037101747432e+03 9.040196864263434691e+03 1.284050890734484710e+04 1.144065641634608801e+04 6.513167731810177429e+03 2.236807636396025373e+03 1.624194297799883770e+03 4.169417459691941986e+03 7.071982561648439514e+03 7.936229339217155939e+03 4.984772678058982128e+05 2.945936210929300636e+06 4.395809059236429632e+06 2.136915787565053441e+06 4.079652829641856952e+05 1.839941892827530392e+05 9.439551134248138987e+04 8.616959971625296748e+04 9.481447731821693014e+04 1.026001347028923337e+05 9.352652341118815821e+04 6.919389956474337669e+04 4.582030900493360241e+04 3.811086366639955668e+04 4.627844432992584188e+04 5.759209799878553895e+04 5.799545897777880600e+04 4.523477852297488425e+04 2.871891558273768169e+04 1.963871440862839518e+04 2.231083163958807199e+04 3.065145558087446989e+04 3.530078162679974776e+04 3.173775271481853270e+04 2.269069761011153241e+04 1.487501944041790193e+04 1.310501828914957332e+04 1.652753255464050017e+04 2.057447719481619424e+04 2.135839782390116306e+04
8.818708104378872667e+04 2.058322126149067190e+05 1.078731464332365897e+06 2.943149515934959054e+06 3.889101446572324494e+05 2.472906375956768170e+04 -2.517382048886521261e+03 -7.296989218513728702e+03 3.149731788180415606e+03 1.223504273179207485e+04 1.463626353146198016e+04 1.040871812669929932e+04 4.959074527613342070e+03 3.304919892636989516e+03 6.296990784141216864e+03 1.056921029316665226e+04 1.197567736286520449e+04 9.514012953258585185e+03 5.434209781290168394e+03 2.962263885267172100e+03 3.608827519442847006e+03 5.975257209433881144e+03 7.672021520065001823e+03 7.192183997131110118e+03 5.072460656172150266e+03 3.038644311883291266e+03 2.462066110330417359e+03 3.310022865551154155e+03 4.505643793322265083e+03 4.961688295625176579e+03 1.410933952918337891e+05 4.171241186202053213e+05 1.132691919420013670e+06 1.241890835948277730e+06 7.213412375470334664e+05 1.710867850106928963e+05 9.012350786728880485e+04 5.895523479973118810e+04 6.059041632001541439e+04 6.238522701452796173e+04 5.795325253538710967e+04 4.675034718084095948e+04 3.527076124827572494e+04 2.977277206657556235e+04 3.123663373052657698e+04 3.483179633972064767e+04 3.458731988078121503e+04 2.903878368859518378e+04 2.139920705317911779e+04 1.648018965203805419e+04 1.645870244746595199e+04 1.915506009453006845e+04 2.091194423797505442e+04 1.937611576319730375e+04 1.538798346715492880e+04 1.163364544909563665e+04 1.023824435757911851e+04 1.113550764433608492e+04 1.262543760572087194e+04 1.298207731773095293e+04
-2.257869734848154621e+04 2.322752659379061515e+04 6.647167255957686575e+04 3.889101446572324494e+05 1.216284244299092330e+06 1.765577598976357258e+05 1.053840213395162937e+04 1.135405689476840053e+03 2.371508674771759615e+03 7.325082706834030432e+03 9.087320602627678454e+03 7.756274634443519062e+03 5.475986747974409809e+03 4.445359642966954198e+03 5.254630128953649546e+03 6.785489267536273474e+03 7.368800540869470751e+03 6.472823539000022720e+03 4.779412880838888668e+03 3.527592977884428819e+03 3.450422372884747801e+03 4.153020530658406642e+03 4.755142840446891569e+03 4.605872795897192191e+03 3.765895729431418658e+03 2.852891917569851103e+03 2.438062520835941541e+03 2.599400911780611750e+03 2.992780896006950570e+03 3.171233726287996433e+03 7.444752876645504148e+04 2.114344715288392326e+05 2.358902031412237557e+05 4.520800794823731994e+05 4.594209240471877856e+05 3.103333870824166224e+05 8.294991821062650706e+04 5.066134717536010430e+04 3.883414799908312125e+04 3.830049450835835887e+04 3.570405960201719427e+04 3.089201115598459728e+04 2.571556883765162638e+04 2.236016313505615108e+04 2.146359787169096671e+04 2.170366045049939567e+04 2.097452645970477897e+04 1.857810968515168497e+04 1.529954651642494719e+04 1.278744135257454036e+04 1.200178461651940415e+04 1.237696627423903374e+04 1.267927195431504515e+04 1.196631399774302918e+04 1.031082065815487658e+04 8.604413758486020015e+03 7.674254090451440788e+03 7.629357058496960235e+03 7.963620701677724355e+03 8.002755550542445235e+03
-1.806574935700249989e+04 -3.063493763362577738e+04 9.711944584337097695e+02 2.472906375956768170e+04 1.765577598976357258e+05 6.319335478168646805e+05 9.432374296583682008e+04 6.975182494658683936e+03 4.293094598667245009e+03 4.983092545702646021e+03 6.267447449182051059e+03 5.926651935531934214e+03 5.046559651073237546e+03 4.519386698889264153e+03 4.665770472441483435e+03 5.113126716820315778e+03 5.249169855559059215e+03 4.856329471147296317e+03 4.107488162727292547e+03 3.455284379609814096e+03 3.217854832837587310e+03 3.311527470372569042e+03 3.449459604337628207e+03 3.352120178711238623e+03 2.990999946160105992e+03 2.552683019182482894e+03 2.270195848987114005e+03 2.215133200375830711e+03 2.290190838379548950e+03 2.317122761288002039e+03 5.625516668378590839e+04 1.409361190892671002e+05 1.405644854488177807e+05 1.173535734357439360e+05 2.141583112746822881e+05 2.159296754185181926e+05 1.650086960441583942e+05 4.908008102205387695e+04 3.404501126411388395e+04 2.699707966093206778e+04 2.502414694933518331e+04 2.258298223918191070e+04 2.021272237435544230e+04 1.822415679644416377e+04 1.684678278812918870e+04 1.586379168272129027e+04 1.479983702845493463e+04 1.347205828995496813e+04 1.192147692170071969e+04 1.057389426170381194e+04 9.733050909904539367e+03 9.312489987549826765e+03 9.017083768493965181e+03 8.505098333061738231e+03 7.725569454887781831e+03 6.884026482619441595e+03 6.264019433227678746e+03 5.957470181865730410e+03 5.848330137287037360e+03 5.699069230682414855e+03
-1.810347403276886689e+04 -3.515028496453200933e+04 -2.404202669934466030e+04 -2.517382048886521261e+03 1.053840213395162937e+04 9.432374296583682008e+04 3.759543796441080631e+05 5.761143127741248463e+04 7.396605003663793468e+03 5.859038399225495596e+03 5.112962855938658322e+03 4.898821739744122169e+03 4.600444570330035276e+03 4.550070595606050119e+03 4.644074208347556123e+03 4.651972586389083517e+03 4.417211693688359446e+03 4.049697912128485768e+03 3.654438037999348580e+03 3.355343137754031886e+03 3.188434256850299789e+03 3.074280864679071783e+03 2.956421406540192947e+03 2.782764984305242251e+03 2.563658945443869925e+03 2.350963829665296544e+03 2.191072094581380952e+03 2.091159849666721129e+03 2.024494779899240257e+03 1.941055113514801178e+03 4.263757293140514230e+04 1.055847146643654560e+05 9.614053832928571501e+04 7.544520048056205269e+04 6.314816638516431703e+04 1.212427599044873932e+05 1.227140729222504888e+05 9.733110239264975826e+04 3.450034191525449569e+04 2.540392016745649016e+04 2.001210279545549929e+04 1.814004066266055452e+04 1.696825036467205791e+04 1.608202459716711382e+04 1.499446844158177373e+04 1.361640244032897863e+04 1.214090319785412066e+04 1.094378303944694926e+04 1.003475958925781015e+04 9.356863926432270091e+03 8.759801945850460470e+03 8.123384460174644119e+03 7.494675392537630614e+03 6.902350467774069330e+03 6.381481091606514383e+03 5.945167357699031527e+03 5.578418669856586348e+03 5.255621988033439266e+03 4.959558898987743305e+03 4.656293958854290395e+03
-1.149958125295908394e+04 -2.421636030490107078e+04 -1.605865683176461243e+04 -7.296989218513728702e+03 1.135405689476840053e+03 6.975182494658683936e+03 5.761143127741248463e+04 2.316925384934825415e+05 3.779587841591733013e+04 7.778073356823095310e+03 5.741307122818976495e+03 4.349052699345134897e+03 4.184158105242300735e+03 4.455315723396714930e+03 4.742408721127547324e+03 4.638051697861437788e+03 4.136951132326736115e+03 3.604941394450778262e+03 3.271124627807247634e+03 3.175300246109404725e+03 3.157178173650482677e+03 3.031171155788074429e+03 2.782672203606905441e+03 2.493330438522626537e+03 2.269818747119807085e+03 2.150332063443639527e+03 2.094408866050732286e+03 2.025233890738863465e+03 1.909271735729427746e+03 1.752506982825579598e+03 4.110080099630870973e+04 9.813586342426433112e+04 8.760800622411817312e+04 6.024001381682854844e+04 4.588748967154931597e+04 4.142700009197078180e+04 7.847804972110255039e+04 6.685854620524973143e+04 6.197904947068633919e+04 2.541038079124863725e+04 1.880744153129140977e+04 1.487554984067222358e+04 1.411360303177325477e+04 1.403094107161885768e+04 1.362016006823102725e+04 1.237501399049419706e+04 1.064406570166653910e+04 9.241787508191589950e+03 8.464364830826223624e+03 8.187230136384057914e+03 7.949770454423716728e+03 7.414472048051469756e+03 6.654011178177256625e+03 5.906622016674353290e+03 5.389958115438703317e+03 5.125900801351548580e+03 4.971335669732508904e+03 4.751220157489049598e+03 4.418224764835780661e+03 4.019723747472673040e+03
2.651680750215854914e+03 4.666667068395881870e+03 3.696641845792407821e+03 3.149731788180415606e+03 2.371508674771759615e+03 4.293094598667245009e+03 7.396605003663793468e+03 3.779587841591733013e+04 1.435177196608464583e+05 2.540944428118695214e+04 6.372196643545454208e+03 4.419373586430108844e+03 3.625647578777898161e+03 3.957158511946156978e+03 4.343721178419763419e+03 4.296789084105355869e+03 3.764861292463419886e+03 3.170814423758653902e+03 2.817188610508414513e+03 2.777592423343117844e+03 2.843662168511387335e+03 2.770876462959208311e+03 2.519736194697076826e+03 2.194938251657365981e+03 1.951874635593942912e+03 1.853104298168092555e+03 1.842251250423845477e+03 1.812411465350456183e+03 1.707260111911894001e+03 1.540587032507844242e+03 5.076187586237875803e+04 1.173103777730726724e+05 9.609237567923564347e+04 6.152493248773546657e+04 3.992370269309522700e+04 3.255329875068683396e+04 3.142543093163582671e+04 5.180428779339283938e+04 4.223432148086028610e+04 3.920144681094725092e+04 1.691815385195132694e+04 1.265796901718657682e+04 1.085733749760183127e+04 1.112677759465977579e+04 1.121347262806618892e+04 1.039991718695718373e+04 8.856460430663501029e+03 7.472740858818004199e+03 6.717550904027606521e+03 6.590090546472423739e+03 6.586610584410464980e+03 6.254515479096756280e+03 5.589515004879704065e+03 4.845065275235259833e+03 4.325348285458641840e+03 4.116093945702317797e+03 4.067343388984249941e+03 3.956994162562426482e+03 3.688608863788497729e+03 3.310071617878099460e+03
1.192360837354545583e+04 2.664378468416648320e+04 2.064774150390984141e+04 1.223504273179207485e+04 7.325082706834030432e+03 4.983092545702646021e+03 5.859038399225495596e+03 7.778073356823095310e+03 2.540944428118695214e+04 9.100965990277899255e+04 1.694935505300207660e+04 4.456752697661877392e+03 3.381179728268852159e+03 3.230485092680385605e+03 3.560948680793452695e+03 3.571044008736595060e+03 3.175009678418909971e+03 2.680723805367275418e+03 2.353791334079783610e+03 2.293005742527031998e+03 2.347688440077205996e+03 2.307414014036785375e+03 2.115665695248046177e+03 1.843750517443225817e+03 1.624015675072864269e+03 1.525270063905919187e+03 1.512114631055222617e+03 1.494553918599624467e+03 1.417440331328427419e+03 1.283042609899263880e+03 5.451887363221980922e+04 1.287928778068639222e+05 1.033749012916399806e+05 6.285573837035524775e+04 3.885269992668255873e+04 2.783953684315757710e+04 2.496698910595518100e+04 2.390038767060737155e+04 3.425117165633775585e+04 2.470268782782103517e+04 2.390327268554484908e+04 1.050492166362213538e+04 8.567500346112436091e+03 8.129406158388917902e+03 8.364756564197297848e+03 7.912606105556889815e+03 6.820731767181961914e+03 5.744689555661088889e+03 5.106855390276532489e+03 4.988423321512405892e+03 5.024640412100592584e+03 4.828497928769299506e+03 4.348776455612814971e+03 3.761049706443196555e+03 3.321167208234307509e+03 3.133668288910518186e+03 3.100532691293647986e+03 3.038818925715816476e+03 2.853229438598044908e+03 2.564056543701976807e+03
1.219304402028183358e+04 2.801833331946117687e+04 2.311990473651608772e+04 1.463626353146198016e+04 9.087320602627678454e+03 6.267447449182051059e+03 5.112962855938658322e+03 5.741307122818976495e+03 6.372196643545454208e+03 1.694935505300207660e+04 6.141427699694031617e+04 1.179798896970238093e+04 3.283394887051218575e+03 2.814776576679664686e+03 2.764938153032743685e+03 2.798527540485015379e+03 2.559919945990011911e+03 2.228171358966730168e+03 1.970785770860192770e+03 1.880224878664804464e+03 1.881434710470211030e+03 1.841689218211969319e+03 1.710960186492915000e+03 1.519498174973149162e+03 1.349591914822967055e+03 1.253948153069046839e+03 1.221011727009718470e+03 1.196186680393158895e+03 1.139145679205666283e+03 1.044202502913644366e+03 4.751616668774872960e+04 1.142340004556947097e+05 9.359384337484804564e+04 5.785358446013877256e+04 3.572966014650190482e+04 2.529496552647269709e+04 2.046175184628598072e+04 1.847652745379866974e+04 1.606104972793002889e+04 2.132619025112840609e+04 1.365220358760801901e+04 1.552874686735947580e+04 6.983672276567851441e+03 6.230643318273369005e+03 5.934605096464544658e+03 5.699127870610958780e+03 5.036328304294378540e+03 4.347394138076308082e+03 3.889208998131426597e+03 3.750929306496147547e+03 3.728532397896938619e+03 3.582173827512443495e+03 3.264163572087396460e+03 2.865375854951438669e+03 2.544735578013954182e+03 2.380017119917836681e+03 2.324300877551750546e+03 2.265599403789067765e+03 2.136527014147224691e+03 1.939930851568498156e+03
4.317735940310990372e+03 1.089368972490122906e+04 1.256318459825101854e+04 1.040871812669929932e+04 7.756274634443519062e+03 5.926651935531934214e+03 4.898821739744122169e+03 4.349052699345134897e+03 4.419373586430108844e+03 4.456752697661877392e+03 1.179798896970238093e+04 4.499649505451285222e+04 8.786217966364947642e+03 2.760941571653406754e+03 2.472162189172464423e+03 2.304671049555921854e+03 2.156710181647409627e+03 1.941256622809190958e+03 1.754817987657273989e+03 1.656446479868124698e+03 1.614690285821242924e+03 1.557287577149719709e+03 1.455680308345167305e+03 1.319835925757222867e+03 1.192529130686041754e+03 1.105452979333972962e+03 1.056614414199737439e+03 1.018318113585722017e+03 9.671608428913932585e+02 8.959237479202661234e+02 3.058885360691551614e+04 7.682455984105821699e+04 6.875894456784715294e+04 4.624855960882693034e+04 3.056013178462440555e+04 2.248620664245537046e+04 1.819356711068143341e+04 1.495863043313917660e+04 1.229144118622853784e+04 9.898929303629494825e+03 1.367393870743745356e+04 8.543784643913670152e+03 1.092899798221974561e+04 5.363206835805685841e+03 4.823673658453768439e+03 4.338846413897099410e+03 3.926655517786330165e+03 3.500863780146082718e+03 3.200715929781924387e+03 3.068811881122298473e+03 2.992910744557909311e+03 2.844647810295689851e+03 2.608675060611091794e+03 2.333884005546713979e+03 2.105666189657537871e+03 1.966182741478325624e+03 1.890223837572478715e+03 1.817387055655448876e+03 1.710781940334338742e+03 1.568910242728337380e+03
-2.211507240819355502e+03 -5.447809662625986675e+03 9.773767957363953656e+02 4.959074527613342070e+03 5.475986747974409809e+03 5.046559651073237546e+03 4.600444570330035276e+03 4.184158105242300735e+03 3.625647578777898161e+03 3.381179728268852159e+03 3.283394887051218575e+03 8.786217966364947642e+03 3.453944511453684390e+04 7.130413462305168650e+03 2.629068969127719356e+03 2.315490279803708290e+03 2.015348894653338448e+03 1.827122410835390156e+03 1.684049495439947123e+03 1.613238476418067876e+03 1.567478288035253627e+03 1.490882525044284193e+03 1.378120477774632946e+03 1.250740201589462231e+03 1.142609347629259219e+03 1.069359834539142867e+03 1.020864478819004603e+03 9.737521807915130694e+02 9.154802416808981889e+02 8.458078318294365090e+02 1.755125529981765430e+04 4.455422322675691976e+04 4.535744910459686071e+04 3.473208078383873362e+04 2.532211040446499828e+04 2.001913647645184392e+04 1.689238588308721228e+04 1.404544212275077734e+04 1.079792354025026179e+04 8.328489061230429797e+03 6.681154499221906008e+03 9.920320807155367220e+03 6.019201743001931391e+03 8.792786052458373888e+03 4.716129788936003024e+03 4.103387874613219537e+03 3.480537414065714074e+03 3.127869064587563116e+03 2.918196382230813015e+03 2.849457519508560381e+03 2.786288218760210839e+03 2.624860856865577261e+03 2.385090975772765887e+03 2.134398566227662741e+03 1.945032624889258841e+03 1.834746279866990790e+03 1.766095521145839712e+03 1.685677072472211876e+03 1.573818353232613390e+03 1.440264768334180644e+03
-1.857285414936437064e+03 -6.326965771416658754e+03 -9.771980376353624251e+02 3.304919892636989516e+03 4.445359642966954198e+03 4.519386698889264153e+03 4.550070595606050119e+03 4.455315723396714930e+03 3.957158511946156978e+03 3.230485092680385605e+03 2.814776576679664686e+03 2.760941571653406754e+03 7.130413462305168650e+03 2.712138578664900706e+04 6.057335414086182936e+03 2.539425849075884798e+03 2.104579537044980498e+03 1.773200451080736457e+03 1.641062071791476228e+03 1.610991426456930640e+03 1.597165593590868639e+03 1.518205634748348530e+03 1.380471019678109997e+03 1.230802445139196152e+03 1.120637551715291920e+03 1.061650422887278637e+03 1.027581632119891538e+03 9.827874091747618195e+02 9.153139627603047757e+02 8.345753623011086120e+02 1.595971999997372404e+04 3.811535711788367189e+04 3.794103616675498779e+04 2.945119257977909365e+04 2.210815323572022680e+04 1.811156474763963342e+04 1.604270804022310949e+04 1.396915206383593977e+04 1.104691910615299639e+04 8.107966606000734828e+03 6.167709442929872239e+03 5.286388536390221816e+03 8.057565338826079824e+03 5.265994424422300654e+03 7.520849370473311865e+03 4.260143606603965054e+03 3.481183846090775205e+03 2.908713895485387638e+03 2.727174850811962187e+03 2.743815960504817667e+03 2.756741469728289758e+03 2.610349757515521105e+03 2.339153309983722920e+03 2.054091230225475556e+03 1.862630566719263243e+03 1.780659749057759655e+03 1.744111491278903031e+03 1.675956793827142519e+03 1.554769151470862425e+03 1.405907886453247556e+03
4.282564156326679949e+03 7.171684697957499338e+03 7.222438282546996561e+03 6.296990784141216864e+03 5.254630128953649546e+03 4.665770472441483435e+03 4.644074208347556123e+03 4.742408721127547324e+03 4.343721178419763419e+03 3.560948680793452695e+03 2.764938153032743685e+03 2.472162189172464423e+03 2.629068969127719356e+03 6.057335414086182936e+03 2.137280823244161729e+04 5.042038108197528345e+03 2.180695751451171418e+03 1.764255384528248214e+03 1.541978318764058713e+03 1.535111018009472900e+03 1.553555741999726706e+03 1.492344060542423449e+03 1.349005605061833649e+03 1.183289951885336450e+03 1.064878996804975486e+03 1.012813828580736413e+03 9.931306126508015950e+02 9.579191214630156992e+02 8.897766609408458862e+02 8.016117212181520699e+02 2.350902139867061487e+04 5.440224768836016301e+04 4.638278209995063662e+04 3.113202034223976807e+04 2.136168712871975731e+04 1.682938095647354203e+04 1.501185249259420743e+04 1.359056401225939771e+04 1.114424788989060835e+04 8.327291387753091840e+03 5.996809415738067401e+03 4.885577954177978427e+03 4.728398385947653878e+03 7.117743659571269745e+03 4.477787837765148652e+03 6.129354495007894911e+03 3.386653429997907551e+03 2.724010303790808848e+03 2.415814730647809938e+03 2.487465062962895900e+03 2.574690432417524789e+03 2.477716809782180462e+03 2.212047817482475693e+03 1.908844596006582606e+03 1.708840284468024493e+03 1.643922711595975670e+03 1.638989091344698409e+03 1.595600628755980779e+03 1.481469212091782083e+03 1.326691741834571530e+03
1.100639394384990374e+04 2.272831173411435520e+04 1.729922091009754513e+04 1.056921029316665226e+04 6.785489267536273474e+03 5.113126716820315778e+03 4.651972586389083517e+03 4.638051697861437788e+03 4.296789084105355869e+03 3.571044008736595060e+03 2.798527540485015379e+03 2.304671049555921854e+03 2.315490279803708290e+03 2.539425849075884798e+03 5.042038108197528345e+03 1.675981861895106704e+04 3.998611892082836675e+03 1.710785632224383107e+03 1.445974681361466992e+03 1.370000509703037096e+03 1.394650277356077822e+03 1.352756289364604982e+03 1.231730823557709755e+03 1.079248632768852985e+03 9.639938648532577190e+02 9.113910645759557383e+02 8.942392831798990755e+02 8.659501415789623024e+02 8.055608540084107290e+02 7.224257570182214749e+02 3.200887223907404405e+04 7.378154786391256494e+04 5.771083990700365393e+04 3.475530194736488920e+04 2.161494379931985895e+04 1.583530192055683074e+04 1.360563676053457493e+04 1.231197123275011472e+04 1.029364601690627751e+04 7.827592030476716900e+03 5.694093109488881964e+03 4.423031368390331409e+03 4.162102804450738404e+03 4.261409142625667300e+03 5.846344682671456212e+03 3.371773689424422628e+03 4.472911989291427744e+03 2.396062834759041834e+03 2.062172010451276492e+03 2.043555796346039642e+03 2.155237678230850179e+03 2.108400245802236896e+03 1.899810989137763954e+03 1.636499529973472363e+03 1.454335785402844522e+03 1.396293288436901548e+03 1.401701619620549991e+03 1.377441560026204570e+03 1.286097130305252904e+03 1.150650742916973513e+03
1.162182773449680462e+04 2.566886021161680401e+04 1.998459310974564505e+04 1.197567736286520449e+04 7.368800540869470751e+03 5.249169855559059215e+03 4.417211693688359446e+03 4.136951132326736115e+03 3.764861292463419886e+03 3.175009678418909971e+03 2.559919945990011911e+03 2.156710181647409627e+03 2.015348894653338448e+03 2.104579537044980498e+03 2.180695751451171418e+03 3.998611892082836675e+03 1.332407480054317057e+04 3.125113595485188853e+03 1.362856438492537563e+03 1.232976802453076061e+03 1.188140551574219444e+03 1.155646702693245970e+03 1.066696155260202886e+03 9.488806529440477107e+02 8.503788212701581415e+02 7.955045080376628448e+02 7.699277123000790652e+02 7.408061533863943851e+02 6.896042736810270526e+02 6.194468086165347813e+02 3.093691208890236157e+04 7.343536944081535330e+04 5.789110465977039712e+04 3.435791581193110324e+04 2.076552403230682830e+04 1.465670901608474378e+04 1.201789240803418033e+04 1.047985787445660026e+04 8.662084478471915645e+03 6.652729732486252033e+03 4.942449348972584630e+03 3.910001295132833093e+03 3.505663048125059959e+03 3.466823064624888048e+03 3.330456135691857526e+03 4.259782317688657713e+03 1.964512019267921232e+03 3.186178877375373304e+03 1.706780375853038095e+03 1.624329696059805428e+03 1.642888546843431868e+03 1.627308411319781953e+03 1.493030286442137822e+03 1.308763079393564112e+03 1.170512511358113443e+03 1.117729171751978811e+03 1.114491540719214754e+03 1.095408773938311924e+03 1.029358083127788632e+03 9.281498288623089366e+02
6.737359304505544060e+03 1.535375906185342683e+04 1.378632521111337337e+04 9.514012953258585185e+03 6.472823539000022720e+03 4.856329471147296317e+03 4.049697912128485768e+03 3.604941394450778262e+03 3.170814423758653902e+03 2.680723805367275418e+03 2.228171358966730168e+03 1.941256622809190958e+03 1.827122410835390156e+03 1.773200451080736457e+03 1.764255384528248214e+03 1.710785632224383107e+03 3.125113595485188853e+03 1.093693156714452743e+04 2.580960002750712647e+03 1.180750358300338576e+03 1.085043482308607508e+03 1.008158724647099689e+03 9.402124334426650876e+02 8.518607934800382964e+02 7.721715603995608035e+02 7.174001058841736267e+02 6.819473414471865453e+02 6.466520246907649607e+02 5.991588002096648324e+02 5.390062841382036822e+02 2.147761792351649638e+04 5.287812984239225625e+04 4.492066908774139301e+04 2.866188366086487076e+04 1.825621989368326103e+04 1.322718256022173955e+04 1.072483040284956951e+04 8.992686631217471586e+03 7.206183761395208421e+03 5.511286222021828507e+03 4.186250908814663489e+03 3.409824946770118459e+03 3.072509789521402581e+03 2.861481801310845185e+03 2.648332609442716603e+03 2.314052805846858973e+03 2.962522476880462364e+03 1.178590906592228293e+03 2.474089518896407753e+03 1.367230032918976121e+03 1.327092384864330825e+03 1.264298532654533574e+03 1.181682841594982392e+03 1.062626325375840679e+03 9.680539906194640025e+02 9.236084332001523762e+02 9.099911595999367364e+02 8.874831261209276363e+02 8.363942342971822654e+02 7.621864771378841397e+02
1.348535683684150627e+03 2.368289070844491107e+03 4.803127858361114704e+03 5.434209781290168394e+03 4.779412880838888668e+03 4.107488162727292547e+03 3.654438037999348580e+03 3.271124627807247634e+03 2.817188610508414513e+03 2.353791334079783610e+03 1.970785770860192770e+03 1.754817987657273989e+03 1.684049495439947123e+03 1.641062071791476228e+03 1.541978318764058713e+03 1.445974681361466992e+03 1.362856438492537563e+03 2.580960002750712647e+03 9.274092731842045396e+03 2.249653950235740922e+03 1.089816684779384104e+03 9.815824771223400376e+02 8.803938406230872715e+02 8.034253402678805287e+02 7.352888648840739734e+02 6.848454364772228473e+02 6.452088425468423338e+02 6.032599417496205660e+02 5.523758265533931535e+02 4.935744739648824861e+02 1.167922868223744081e+04 2.915921338599176670e+04 2.835165428808559227e+04 2.098959876444916154e+04 1.495376890195101987e+04 1.165302339553515776e+04 9.791730902754618000e+03 8.193878992526228103e+03 6.432580382585168991e+03 4.854523797566867870e+03 3.704214616656616727e+03 3.078526321046240810e+03 2.825519715030247880e+03 2.638874918258699836e+03 2.332506772807278139e+03 1.979106600648018230e+03 1.641337364429944500e+03 2.299212982135130005e+03 8.632323650622328159e+02 2.054946134501639790e+03 1.227450237531229959e+03 1.138383439637583251e+03 1.025109714849099419e+03 9.344109897949190326e+02 8.660841876737258644e+02 8.349949877505857785e+02 8.212192334940500587e+02 7.953347364062656197e+02 7.465557650394423490e+02 6.822362210469914316e+02
-1.344811966407537511e+03 -4.027279553763437434e+03 1.934777098188831701e+02 2.962263885267172100e+03 3.527592977884428819e+03 3.455284379609814096e+03 3.355343137754031886e+03 3.175300246109404725e+03 2.777592423343117844e+03 2.293005742527031998e+03 1.880224878664804464e+03 1.656446479868124698e+03 1.613238476418067876e+03 1.610991426456930640e+03 1.535111018009472900e+03 1.370000509703037096e+03 1.232976802453076061e+03 1.180750358300338576e+03 2.249653950235740922e+03 8.021373746017360645e+03 2.045243200686759792e+03 1.038111535214839250e+03 9.062092070600479019e+02 7.909675339264640570e+02 7.230519437553243733e+02 6.781313915718753833e+02 6.425469496306611745e+02 5.981010064713086649e+02 5.399270713825035273e+02 4.735589696860918139e+02 6.508374998156235961e+03 1.689919894124228085e+04 1.939981727641700127e+04 1.617453052432469849e+04 1.252223404543879769e+04 1.037019188463777027e+04 9.169279670967807760e+03 7.965894179501878170e+03 6.346352095594194907e+03 4.767117026801846805e+03 3.586041883006840180e+03 2.957071015833721503e+03 2.759828021739539054e+03 2.652960632141433962e+03 2.396355110731056811e+03 1.973119253014494461e+03 1.577878149354687821e+03 1.347591424282086336e+03 1.973620940857198093e+03 6.710686118594034042e+02 1.915222930532770079e+03 1.180115297470978021e+03 1.034382755838255434e+03 8.971153504380021104e+02 8.327239345626178419e+02 8.156384131996878750e+02 8.155364908456508601e+02 7.935864921632598907e+02 7.402595395319807494e+02 6.696435223420535294e+02
1.609181478843135892e+03 1.568460591027586815e+03 2.875463037101747432e+03 3.608827519442847006e+03 3.450422372884747801e+03 3.217854832837587310e+03 3.188434256850299789e+03 3.157178173650482677e+03 2.843662168511387335e+03 2.347688440077205996e+03 1.881434710470211030e+03 1.614690285821242924e+03 1.567478288035253627e+03 1.597165593590868639e+03 1.553555741999726706e+03 1.394650277356077822e+03 1.188140551574219444e+03 1.085043482308607508e+03 1.089816684779384104e+03 2.045243200686759792e+03 6.998211963432511766e+03 1.860385083174025112e+03 9.467020124424859659e+02 8.018091717360550774e+02 7.012300766553605627e+02 6.586760856748666129e+02 6.291274453814853587e+02 5.870193306307460261e+02 5.238896546683703264e+02 4.482570907342606006e+02 1.066393053001083535e+04 2.428575616672609613e+04 2.224177280295376113e+04 1.629001463902352407e+04 1.184196820665898122e+04 9.614137414432796504e+03 8.645893518885815865e+03 7.795119038529143836e+03 6.400266430403643426e+03 4.848560274499193838e+03 3.596316560306145220e+03 2.903783912753528966e+03 2.712472766741592750e+03 2.676611336722592114e+03 2.489156976532342014e+03 2.083850403520507825e+03 1.606348657907101369e+03 1.314139385441204013e+03 1.228014869503113459e+03 1.845157353511650854e+03 7.712338662278009451e+02 1.769599283241892863e+03 1.063260194769424288e+03 8.918095487954653890e+02 7.898825991292394519e+02 7.821220419125371563e+02 7.986907664475147612e+02 7.882541254718169057e+02 7.346870631596425483e+02 6.562179398672291200e+02
5.648043062649603598e+03 1.127677943463350675e+04 9.040196864263434691e+03 5.975257209433881144e+03 4.153020530658406642e+03 3.311527470372569042e+03 3.074280864679071783e+03 3.031171155788074429e+03 2.770876462959208311e+03 2.307414014036785375e+03 1.841689218211969319e+03 1.557287577149719709e+03 1.490882525044284193e+03 1.518205634748348530e+03 1.492344060542423449e+03 1.352756289364604982e+03 1.155646702693245970e+03 1.008158724647099689e+03 9.815824771223400376e+02 1.038111535214839250e+03 1.860385083174025112e+03 6.105581918561032580e+03 1.607063532474709518e+03 7.968108648659108439e+02 6.766871921406826687e+02 6.088800937333453476e+02 5.801209673439154813e+02 5.401479820686272433e+02 4.771631557842558777e+02 3.975806876410269979e+02 1.654385231457558984e+04 3.828408691306746186e+04 3.064925254652136209e+04 1.904660452671765233e+04 1.226368723533451339e+04 9.228617960975792812e+03 8.039326553174121727e+03 7.289344095724982253e+03 6.096019907319388949e+03 4.674655121723806587e+03 3.464017169734711388e+03 2.762257482662626444e+03 2.553488093677168763e+03 2.530375532322945219e+03 2.389950826933409189e+03 2.030719155436740948e+03 1.578551546768605931e+03 1.247326311627915402e+03 1.134402701098897978e+03 1.174167105560451091e+03 1.719196467746574399e+03 6.719414454216696413e+02 1.493129466788273476e+03 8.387602946617048474e+02 7.205787873582698921e+02 6.900928882230610952e+02 7.146267203127260927e+02 7.148803842178319883e+02 6.700887270434300262e+02 5.949011676334534968e+02
7.811792374137368824e+03 1.671112167318560387e+04 1.284050890734484710e+04 7.672021520065001823e+03 4.755142840446891569e+03 3.449459604337628207e+03 2.956421406540192947e+03 2.782672203606905441e+03 2.519736194697076826e+03 2.115665695248046177e+03 1.710960186492915000e+03 1.455680308345167305e+03 1.378120477774632946e+03 1.380471019678109997e+03 1.349005605061833649e+03 1.231730823557709755e+03 1.066696155260202886e+03 9.402124334426650876e+02 8.803938406230872715e+02 9.062092070600479019e+02 9.467020124424859659e+02 1.607063532474709518e+03 5.295917666409825870e+03 1.348371088500709902e+03 6.479163691536548413e+02 5.614305534564032314e+02 5.069042444180189477e+02 4.651020507283425900e+02 4.039011603998991404e+02 3.260240976300167404e+02 1.936206480961167472e+04 4.523385729431678919e+04 3.524940920111954620e+04 2.077542255381189170e+04 1.254529359820916216e+04 8.912505933592035944e+03 7.391345225210174249e+03 6.515555526464535433e+03 5.423631640291261647e+03 4.189355047371957880e+03 3.137884236128370958e+03 2.514324305952378381e+03 2.299874351317552282e+03 2.245550697852332632e+03 2.111096556702990711e+03 1.807684988323611378e+03 1.426365375097946981e+03 1.142565226728378320e+03 1.006345104116536390e+03 1.016770572049910129e+03 1.044046440743705716e+03 1.428390338712470339e+03 3.626150618758356359e+02 1.151741408514145860e+03 6.285125780918453984e+02 5.836209912351964704e+02 5.836299702287767559e+02 5.884491285790539905e+02 5.556754673807970448e+02 4.942238339348181171e+02
6.394701053490274717e+03 1.414050222809158004e+04 1.144065641634608801e+04 7.192183997131110118e+03 4.605872795897192191e+03 3.352120178711238623e+03 2.782764984305242251e+03 2.493330438522626537e+03 2.194938251657365981e+03 1.843750517443225817e+03 1.519498174973149162e+03 1.319835925757222867e+03 1.250740201589462231e+03 1.230802445139196152e+03 1.183289951885336450e+03 1.079248632768852985e+03 9.488806529440477107e+02 8.518607934800382964e+02 8.034253402678805287e+02 7.909675339264640570e+02 8.018091717360550774e+02 7.968108648659108439e+02 1.348371088500709902e+03 4.620861023223322263e+03 1.137329982314824065e+03 5.266831885994604363e+02 4.506513311411276277e+02 3.850643551039345311e+02 3.235134912297678511e+02 2.483168343036399222e+02 1.637993074303474714e+04 3.927570444469923677e+04 3.158764826817524590e+04 1.917224725170153033e+04 1.178210894808495868e+04 8.356372853930319252e+03 6.759328397545488770e+03 5.736250721733566024e+03 4.655796251297095296e+03 3.583460086245293496e+03 2.721760404807465420e+03 2.220767444735335630e+03 2.029831263492446851e+03 1.942255466700092256e+03 1.791264629011989427e+03 1.528070421629653765e+03 1.224072961716068221e+03 1.002725321605312729e+03 8.922185305533884048e+02 8.634383949755290359e+02 8.576484014674379068e+02 8.087854180029985400e+02 1.072572745425838093e+03 1.609975623876660507e+02 8.916160481046920268e+02 4.927560843461455420e+02 4.719103246893131427e+02 4.567255997357425485e+02 4.331980089536501737e+02 3.871078588619212155e+02
3.007892169264281165e+03 6.484310523057156388e+03 6.513167731810177429e+03 5.072460656172150266e+03 3.765895729431418658e+03 2.990999946160105992e+03 2.563658945443869925e+03 2.269818747119807085e+03 1.951874635593942912e+03 1.624015675072864269e+03 1.349591914822967055e+03 1.192529130686041754e+03 1.142609347629259219e+03 1.120637551715291920e+03 1.064878996804975486e+03 9.639938648532577190e+02 8.503788212701581415e+02 7.721715603995608035e+02 7.352888648840739734e+02 7.230519437553243733e+02 7.012300766553605627e+02 6.766871921406826687e+02 6.479163691536548413e+02 1.137329982314824065e+03 4.087470011261720174e+03 9.717153932141218320e+02 4.214845474828248939e+02 3.370126953818884203e+02 2.550196821305949015e+02 1.787003880257500157e+02 1.028446341315636892e+04 2.532685009885346517e+04 2.248653433016308190e+04 1.514889547415450579e+04 1.010142354434356821e+04 7.554974557930560877e+03 6.218979351581357150e+03 5.204569883596393993e+03 4.125883338618811649e+03 3.136099449381981231e+03 2.393703270255290590e+03 1.983889740123218871e+03 1.831151979301581605e+03 1.741909107043291442e+03 1.583097401735506537e+03 1.337620144822144766e+03 1.076048721471606541e+03 8.961417027963208284e+02 8.096590355389714659e+02 7.831394200196158408e+02 7.453753068869223171e+02 6.818482787891880434e+02 5.998119836536641287e+02 8.425826478961876091e+02 -4.982612035117062987e+01 7.582321300788860299e+02 4.122769751357773202e+02 3.820093556084289048e+02 3.450740513194494952e+02 3.075847348614803423e+02
3.911663151340724198e+02 2.998836527698580880e+02 2.236807636396025373e+03 3.038644311883291266e+03 2.852891917569851103e+03 2.552683019182482894e+03 2.350963829665296544e+03 2.150332063443639527e+03 1.853104298168092555e+03 1.525270063905919187e+03 1.253948153069046839e+03 1.105452979333972962e+03 1.069359834539142867e+03 1.061650422887278637e+03 1.012813828580736413e+03 9.113910645759557383e+02 7.955045080376628448e+02 7.174001058841736267e+02 6.848454364772228473e+02 6.781313915718753833e+02 6.586760856748666129e+02 6.088800937333453476e+02 5.614305534564032314e+02 5.266831885994604363e+02 9.717153932141218320e+02 3.653887058101566254e+03 8.284170138973904614e+02 3.155955398251128372e+02 2.157309668449190667e+02 1.183563370153882630e+02 5.573160642089056637e+03 1.414293308285519743e+04 1.469871706961591190e+04 1.142050732441865694e+04 8.416707605521611185e+03 6.731457344045341415e+03 5.798955072821963768e+03 4.956542091849290955e+03 3.931785741568703088e+03 2.961552445554147198e+03 2.239024625133654808e+03 1.851996616461131907e+03 1.727132712251253224e+03 1.665582691820198306e+03 1.523072361151648238e+03 1.282985242069808464e+03 1.024462545952480923e+03 8.505390481394440485e+02 7.752591579720891559e+02 7.609844717749583651e+02 7.309217670884506788e+02 6.477817368874470958e+02 5.515156444323414462e+02 4.731806487006285238e+02 6.993865626291292301e+02 -4.920713236894739850e+01 6.658306766239572880e+02 3.639397125754619537e+02 3.140408231232478329e+02 2.615633091733508309e+02
