2.150914628580191612e+09 6.952850960503661633e+08 6.827181493307298422e+07 1.679446373693475127e+07 7.208969365096678957e+06 6.170887386195175350e+06 5.517157692266815342e+06 4.865692982335517183e+06 4.104250713330983184e+06 3.389649105142996181e+06 2.873355178173760884e+06 2.565047257419198751e+06 2.365795731332734227e+06 2.167767633507037535e+06 1.931884316523908405e+06 1.689073171302458271e+06 1.485477499184090178e+06 1.342677259996140376e+06 1.245909726492490619e+06 1.164303531766800210e+06 1.078439178815524559e+06 9.837754102553504054e+05 8.928935585726760328e+05 8.154808350034053437e+05 7.562033850980021525e+05 7.093552933706445619e+05 6.683750484038911527e+05 6.266107337194862776e+05 5.833716596487059724e+05 5.416236570206194883e+05 5.046862016001773300e+05 4.740399012262252509e+05 4.484930368748836918e+05 4.258293590964734321e+05 4.030650828396407887e+05 3.800647359650036087e+05 3.578419892117995769e+05 3.375055022742619039e+05 3.202010392949976958e+05 3.051188020163530600e+05 3.633999449983986616e+08 4.097989460554932058e+07 2.173418509187255055e+07 -2.586617664345711470e+06 9.272612386397220194e+06 7.622864710817117244e+06 6.880159492889357731e+06 6.559902289296820760e+06 5.968964211616938002e+06 4.969006222517210990e+06 3.938772954874931369e+06 3.261402630721999332e+06 3.048515386451081373e+06 3.057000835289513692e+06 2.947638051581047941e+06 2.605553879366712645e+06 2.139714900064537302e+06 1.783497292825316079e+06 1.635560226641846588e+06 1.641012272586812265e+06 1.643795781859480543e+06 1.537936885751429014e+06 1.343715317840287928e+06 1.147596719001524150e+06 1.030145147821551538e+06 9.968094075209883740e+05 9.986123700391438324e+05 9.697643685351497261e+05 8.946717561803851277e+05 7.978266717247350607e+05 7.185660902771358378e+05 6.757950349305091659e+05 6.608399481681507314e+05 6.479812922592613613e+05 6.179592907908740453e+05 5.736847285920889117e+05 5.274727816607591230e+05 4.924947355084698647e+05 4.722897306715160958e+05 4.588321772800068720e+05
6.952850960503661633e+08 1.292018771826447487e+09 2.772514259392677546e+08 3.885926115153761208e+07 1.594850782259180397e+07 1.044777302149049379e+07 9.332904859185297042e+06 8.267464486665088683e+06 7.021384234109506011e+06 5.825404471275724471e+06 4.925335584822364151e+06 4.366814636481093243e+06 4.013261213381075300e+06 3.691651140711835586e+06 3.317832631997294724e+06 2.919461104440846480e+06 2.563997769891858101e+06 2.299592509133035317e+06 2.118747550476342440e+06 1.981944055294674588e+06 1.849022797644726234e+06 1.700631479384937324e+06 1.546468740071037784e+06 1.405521212785749231e+06 1.293241388183333911e+06 1.209391085909449030e+06 1.143657399873217568e+06 1.079817989589072298e+06 1.009924569815789815e+06 9.365820535605195910e+05 8.681630192110782955e+05 8.115967057593385689e+05 7.678470251256804913e+05 7.319269676679142285e+05 6.959918651835808996e+05 6.573375808153981343e+05 6.175759309958470985e+05 5.804556991282373201e+05 5.495672713417264167e+05 5.242697834182761726e+05 4.361034906091440916e+08 7.420751789795897007e+08 8.059009487271091342e+07 1.638967140442118794e+07 9.757236225762426853e+06 1.309651446666267514e+07 1.180223802377726510e+07 1.125403404260253161e+07 1.026152831729188934e+07 8.573394455691199750e+06 6.806654727048202418e+06 5.623013853610454127e+06 5.232627958159578964e+06 5.240940454999595881e+06 5.069420592195170000e+06 4.502582862140219659e+06 3.708733723367559724e+06 3.084329886515752878e+06 2.810671863991679624e+06 2.811887773618964013e+06 2.822648799675385468e+06 2.655441405505551025e+06 2.329246996578034945e+06 1.989095339392347727e+06 1.776029160119553097e+06 1.710652884006038308e+06 1.713585140631307848e+06 1.670893715445713606e+06 1.548328094818739919e+06 1.382846685558807570e+06 1.242281800409223884e+06 1.163240890821419191e+06 1.135391399302694481e+06 1.115079008939221967e+06 1.067123602013550233e+06 9.929795358134023845e+05 9.126220156615322921e+05 8.500243297031744150e+05 8.131616805653730407e+05 7.898934315766601358e+05
6.827181493307298422e+07 2.772514259392677546e+08 4.117483045140357614e+08 9.650623359836065769e+07 2.025142098819280788e+07 1.133822115227551758e+07 8.809272777132324874e+06 7.834165621123377234e+06 6.663700350767879747e+06 5.521206856142234057e+06 4.654396465474188328e+06 4.125261923388110939e+06 3.805744037445342168e+06 3.514335505220578983e+06 3.159405198271878064e+06 2.770255573726453818e+06 2.422941224404782057e+06 2.173931516363866627e+06 2.011431073248761706e+06 1.890954319689225405e+06 1.763881356038017198e+06 1.616289980260568438e+06 1.463209566665656865e+06 1.329021841188198887e+06 1.227243637153471354e+06 1.153385196049462538e+06 1.092098423288073391e+06 1.028042537809869973e+06 9.577417372569158906e+05 8.865719019761739764e+05 8.234093449557130225e+05 7.727019394553150050e+05 7.328923347913092002e+05 6.976566194569969084e+05 6.615129874958738219e+05 6.234989342633830383e+05 5.858021550930254161e+05 5.519829657806803007e+05 5.237139150868638535e+05 4.998352638669598382e+05 5.833827973635831475e+07 2.154151285995566845e+08 2.982986414231529236e+08 4.755252932583817095e+07 1.515570579185461439e+07 1.014239656233788282e+07 1.108383120015589893e+07 1.057120558858307824e+07 9.619585053089359775e+06 8.025401469138709828e+06 6.373383646555508487e+06 5.281031135093349963e+06 4.929568636223185807e+06 4.933383471697147936e+06 4.755478263166345656e+06 4.209222058557352051e+06 3.464510731486602686e+06 2.892329678679587319e+06 2.647917193615109194e+06 2.652060832600216381e+06 2.651716375153332949e+06 2.484010531615788583e+06 2.174070957407863811e+06 1.860727502886426169e+06 1.669429086127717514e+06 1.612985609439785592e+06 1.612705786568269134e+06 1.565901514117214363e+06 1.446815027884028386e+06 1.292323945221814327e+06 1.164719110359422397e+06 1.094351329935620073e+06 1.068849995217660442e+06 1.046869189139335183e+06 9.990688095216278452e+05 9.286590283439764753e+05 8.544071454128003679e+05 7.979578647446813993e+05 7.644013943341451231e+05 7.421442190506213810e+05
1.679446373693475127e+07 3.885926115153761208e+07 9.650623359836065769e+07 1.423881417237946689e+08 3.918096769973537326e+07 1.140962766485544667e+07 7.698867276061220095e+06 6.306225405221026391e+06 5.364986148343810812e+06 4.432914752832186408e+06 3.728332714572195895e+06 3.309168325488459319e+06 3.066835057066727430e+06 2.840768961067223921e+06 2.549886122452223208e+06 2.224869860241334885e+06 1.938549886086506769e+06 1.742504746757620014e+06 1.621768659630057868e+06 1.531329459602907998e+06 1.426661654819091782e+06 1.300066375914268196e+06 1.171249483635416720e+06 1.064000971184125636e+06 9.876094018260180019e+05 9.331334025502149016e+05 8.841964591289191740e+05 8.288683450726347510e+05 7.683579777381380554e+05 7.100624100489153061e+05 6.613412846326790750e+05 6.235318615460998844e+05 5.928284532766526099e+05 5.633449397224301938e+05 5.321301971961513627e+05 5.002932955029719742e+05 4.702739312716599088e+05 4.444100535913661588e+05 4.227639630570663139e+05 4.036398797170367325e+05 1.396543928980896808e+07 4.050097346859277785e+07 8.265330113444431126e+07 1.147165788241983652e+08 2.441323578153865039e+07 1.020295261811373010e+07 7.996145565422416665e+06 8.415724456358473748e+06 7.644008091959252954e+06 6.359669312545547262e+06 5.047325690945882350e+06 4.195458833134319633e+06 3.932564220846424811e+06 3.936459082130090334e+06 3.780346510788718238e+06 3.330584452118555084e+06 2.735697582635489292e+06 2.291693273069506511e+06 2.110798974235150497e+06 2.118460607328630053e+06 2.110933365702697076e+06 1.966584748738085851e+06 1.715234812231185380e+06 1.470142143925684970e+06 1.326469575876096264e+06 1.287007270966534503e+06 1.285348910027249018e+06 1.242291470792828593e+06 1.143070236007463187e+06 1.020307235332785640e+06 9.226127759246693458e+05 8.706268648499883711e+05 8.514353513110098429e+05 8.319116451705540530e+05 7.911275731612569652e+05 7.339978638129807077e+05 6.759479386946312152e+05 6.330939342066112440e+05 6.077606892517514061e+05 5.899637764572148444e+05
7.208969365096678957e+06 1.594850782259180397e+07 2.025142098819280788e+07 3.918096769973537326e+07 5.848549392576668411e+07 1.926051551307080686e+07 7.229223012845346704e+06 5.298310745503537357e+06 4.259725373266793787e+06 3.512705758074648678e+06 2.953230826798337046e+06 2.627768303811070509e+06 2.442655874525455292e+06 2.263949684193615802e+06 2.027192131525995210e+06 1.762554345966152381e+06 1.533721471785814501e+06 1.382241418264498934e+06 1.291793282386171632e+06 1.221854628181105480e+06 1.135859404439886799e+06 1.030805074910269817e+06 9.261750650982481893e+05 8.423994268925702199e+05 7.849873278503750917e+05 7.439082000025622547e+05 7.045364758197085466e+05 6.582853866676193429e+05 6.082603804676888976e+05 5.618032868608441204e+05 5.245092248037898680e+05 4.960227604182018549e+05 4.721006199060968356e+05 4.479130735113889677e+05 4.219794580077535938e+05 3.961313213502409635e+05 3.726064175192181719e+05 3.528278979604402557e+05 3.361825046532872366e+05 3.209975256339634652e+05 6.878020309720240533e+06 1.579327736833391711e+07 2.287390278072280809e+07 3.521759203643977642e+07 4.936855375195537508e+07 1.367578078352277912e+07 7.227731482155547477e+06 6.295922860664606094e+06 6.034724334884915501e+06 5.010950381760824472e+06 3.972943137033041567e+06 3.308615740359236952e+06 3.110492243634150364e+06 3.115315084770595655e+06 2.984985098702513613e+06 2.621084480446688831e+06 2.148664906888629310e+06 1.802963918521929532e+06 1.667209506249843631e+06 1.676245830271462444e+06 1.667139829413909931e+06 1.547514190509873442e+06 1.345908184830761980e+06 1.154036790746852756e+06 1.044866094409165671e+06 1.016830743174107978e+06 1.015237856283791363e+06 9.784866994119756855e+05 8.976582411604917143e+05 8.005079823780353181e+05 7.252269040699962061e+05 6.863166544340505498e+05 6.719634695764442440e+05 6.557220150213728193e+05 6.221328194410372525e+05 5.763352654165632557e+05 5.309467896698329132e+05 4.981666345325432485e+05 4.789747762491895119e+05 4.650302931993380771e+05
6.170887386195175350e+06 1.044777302149049379e+07 1.133822115227551758e+07 1.140962766485544667e+07 1.926051551307080686e+07 3.052094517738552019e+07 1.151582931966047361e+07 5.085318562088195235e+06 3.760181966825472191e+06 2.979406652892975137e+06 2.507198612213240005e+06 2.236607255117790774e+06 2.082779307319762651e+06 1.929209974646517076e+06 1.723526078460768797e+06 1.495418369965391932e+06 1.301585714101547375e+06 1.176022984698676039e+06 1.101813368350109318e+06 1.042257951030925848e+06 9.667447496523087611e+05 8.749610993720989209e+05 7.853191429159395630e+05 7.153416299534905702e+05 6.683092022328798193e+05 6.341524095579647692e+05 5.999690484092680272e+05 5.592986807848038152e+05 5.158927436094551813e+05 4.765456385632870952e+05 4.456688634602713864e+05 4.221728004974626238e+05 4.019006841302011162e+05 3.808331288771560648e+05 3.582169778912527254e+05 3.360293040578931104e+05 3.162585725685779471e+05 2.998479634975128574e+05 2.859416569313629298e+05 2.729979664375975262e+05 5.845854884186472744e+06 1.139550593813763559e+07 1.251468378408083692e+07 1.344850120918883756e+07 1.787886977997075021e+07 2.634381196719653159e+07 9.165309637081274763e+06 5.802381063793228939e+06 4.951264220325129107e+06 4.246269101895350963e+06 3.363774476740124635e+06 2.803087063320658170e+06 2.639763085190351121e+06 2.645345759780613240e+06 2.531813960461233277e+06 2.218581050431265496e+06 1.815649066186608514e+06 1.523947966623946559e+06 1.411973509201259352e+06 1.421369535130115692e+06 1.412573122287219856e+06 1.308509639454077929e+06 1.135766161335094832e+06 9.734326401943981182e+05 8.827488250260227360e+05 8.606239414313124726e+05 8.594633733493051259e+05 8.272161056908236351e+05 7.575006697222648654e+05 6.748733206004514359e+05 6.118261307158091804e+05 5.799107981362740975e+05 5.682941343994180206e+05 5.543102072852994315e+05 5.252565163218013477e+05 4.860787233312219614e+05 4.477607659997700248e+05 4.204886385510129621e+05 4.046961797222031746e+05 3.930410174221595516e+05
5.517157692266815342e+06 9.332904859185297042e+06 8.809272777132324874e+06 7.698867276061220095e+06 7.229223012845346704e+06 1.151582931966047361e+07 1.828224048754170910e+07 7.588071447296030819e+06 3.697441621824035421e+06 2.752622225930596702e+06 2.248719868722426705e+06 2.006562011966931168e+06 1.871114761148023419e+06 1.735908780141114257e+06 1.551803095955560915e+06 1.345566915745224804e+06 1.169828052828209708e+06 1.056744692344616633e+06 9.911344064049210865e+05 9.388491947752533015e+05 8.712027017113204347e+05 7.878298191820037318e+05 7.061323067244519480e+05 6.427700948887094855e+05 6.008814815831058659e+05 5.708910006640921347e+05 5.404995881646049675e+05 5.036537629445607308e+05 4.640429346601950238e+05 4.282694915625513531e+05 4.005505459847236052e+05 3.797632483255747939e+05 3.618237773434368428e+05 3.428837155548890587e+05 3.223142496386049315e+05 3.021147953975325217e+05 2.842582983565657632e+05 2.696189349377384060e+05 2.572995864917820145e+05 2.457576023083508771e+05 5.216517826226042584e+06 1.015442982227605581e+07 1.064684649139610678e+07 9.160384984614916146e+06 8.554274000469714403e+06 1.085452650829219073e+07 1.629413778917707503e+07 6.955975579652342014e+06 4.691342164396576583e+06 3.705865567176211625e+06 3.001249405664050952e+06 2.499919691775918938e+06 2.355916460952012800e+06 2.362810775980762206e+06 2.261023880877343472e+06 1.978954269220772898e+06 1.616773527038561180e+06 1.355665609835403506e+06 1.256722782951538917e+06 1.266411715463294415e+06 1.258785659840363078e+06 1.164905894701386103e+06 1.009474127347606001e+06 8.641436410103486851e+05 7.837819632650268031e+05 7.650192843258162029e+05 7.645355029258627910e+05 7.355843450494788121e+05 6.728295504439552315e+05 5.987679197551445104e+05 5.427016481906648260e+05 5.147715929734886740e+05 5.048917896166268038e+05 4.925526353442335967e+05 4.664721794594853418e+05 4.313281965024179081e+05 3.971498854858153500e+05 3.730604470447876956e+05 3.592968138048520195e+05 3.491072196249451954e+05
4.865692982335517183e+06 8.267464486665088683e+06 7.834165621123377234e+06 6.306225405221026391e+06 5.298310745503537357e+06 5.085318562088195235e+06 7.588071447296030819e+06 1.134892182241461240e+07 4.996025888977631927e+06 2.646770759958681650e+06 2.057230762169953436e+06 1.790768101286584511e+06 1.672260940991675947e+06 1.558262252790075727e+06 1.398466084284506738e+06 1.213443340253786650e+06 1.051827527727042558e+06 9.471205021652304567e+05 8.882618298479556106e+05 8.440902229788594414e+05 7.859134302326389588e+05 7.113224554353402928e+05 6.362143657988946652e+05 5.773170201953761280e+05 5.390532833691496635e+05 5.129658423317254055e+05 4.869851074227407807e+05 4.544209086081860587e+05 4.183548971823905595e+05 3.852826407548523857e+05 3.598011815096140490e+05 3.412251467905280879e+05 3.256399105035095708e+05 3.090363347224338213e+05 2.905352493949937634e+05 2.720578386825183406e+05 2.556721491745377716e+05 2.424235934826472367e+05 2.315098035776841571e+05 2.213413667408925830e+05 4.624997623606201261e+06 9.010536494117856026e+06 9.448375915798099712e+06 8.032930755972690880e+06 6.345580664872860536e+06 5.872244761978361756e+06 7.454257800117068924e+06 1.078871507865981758e+07 5.192010514853266999e+06 3.443045518973955885e+06 2.608955988534071017e+06 2.209219107653636485e+06 2.081670702516919468e+06 2.089277433557030279e+06 2.000085185590099543e+06 1.749451643455684185e+06 1.426631916509550996e+06 1.193733881739776116e+06 1.105801314252926502e+06 1.115190175967621384e+06 1.109309406919748057e+06 1.026286907912066672e+06 8.880575070964789484e+05 7.587420781999796163e+05 6.875167455468450207e+05 6.714418125920298044e+05 6.717332299241346773e+05 6.465158649452191312e+05 5.909647604072549148e+05 5.252314038074200507e+05 4.755950388680127217e+05 4.511528992914190167e+05 4.428515508388999151e+05 4.322967596518892096e+05 4.093742403263449669e+05 3.782879907688141102e+05 3.480619005075314781e+05 3.268811390862627886e+05 3.149468732018501032e+05 3.061644921642628033e+05
4.104250713330983184e+06 7.021384234109506011e+06 6.663700350767879747e+06 5.364986148343810812e+06 4.259725373266793787e+06 3.760181966825472191e+06 3.697441621824035421e+06 4.996025888977631927e+06 6.837267474123052321e+06 3.202234440088356845e+06 1.858688771433075890e+06 1.550933317138143349e+06 1.424466826745160855e+06 1.333204817417087033e+06 1.201373102217548061e+06 1.043731410115412436e+06 9.026473758106662426e+05 8.104223291233991040e+05 7.597902453194074333e+05 7.239674008657124359e+05 6.762128181872167625e+05 6.127307566073479829e+05 5.471568353200068232e+05 4.950835771519180271e+05 4.616046013104245067e+05 4.397425917701951694e+05 4.184691428704787395e+05 3.910649825032644439e+05 3.598827561290413141e+05 3.308353502945810906e+05 3.084765109834426548e+05 2.925325822966285632e+05 2.795323672151601641e+05 2.656395345999891288e+05 2.498217386578283913e+05 2.337688217015466944e+05 2.194507390271335607e+05 2.079746204534321732e+05 1.986903449730514549e+05 1.901038664074681001e+05 3.931330322892358527e+06 7.678545451370474882e+06 8.023154501621546224e+06 6.802300609641481191e+06 5.363765356156444177e+06 4.383461600436866283e+06 4.323095126891406253e+06 5.329476331075448543e+06 6.995782097224339843e+06 3.528103660885311663e+06 2.291635246855543926e+06 1.826713177781166509e+06 1.745233445373126771e+06 1.751794546499804594e+06 1.677113371938605793e+06 1.465998829939370509e+06 1.193149640976940747e+06 9.957354992178496905e+05 9.208630043416167609e+05 9.287904241055531893e+05 9.244548934629601426e+05 8.551128750808422919e+05 7.388688125088434899e+05 6.298144639638261870e+05 5.697193348697756883e+05 5.564056224841808435e+05 5.571930528579727979e+05 5.365715485153194750e+05 4.902373002385677537e+05 4.351099247989057330e+05 3.934602523993016803e+05 3.731035287111271173e+05 3.664714753956926288e+05 3.580057615100976545e+05 3.390730885216081515e+05 3.131615420322332066e+05 2.878982122455281205e+05 2.702427760369149037e+05 2.604143278604199295e+05 2.532479761765828589e+05
3.389649105142996181e+06 5.825404471275724471e+06 5.521206856142234057e+06 4.432914752832186408e+06 3.512705758074648678e+06 2.979406652892975137e+06 2.752622225930596702e+06 2.646770759958681650e+06 3.202234440088356845e+06 4.175578704849743284e+06 2.105963490553865209e+06 1.348666908265861683e+06 1.196178621074332856e+06 1.104832476346276235e+06 9.967869282771495637e+05 8.667862382257799618e+05 7.501231860991970170e+05 6.737487247661335859e+05 6.317526837191248778e+05 6.019893236281599384e+05 5.622943727718559094e+05 5.095287038138331845e+05 4.550051256946906797e+05 4.116684557132798946e+05 3.837584708551634103e+05 3.655115100841879030e+05 3.477860332506989362e+05 3.249972083686477272e+05 2.990789484702415066e+05 2.749204999863179401e+05 2.563054870540971460e+05 2.430201587816883693e+05 2.321965529746889370e+05 2.206498675995648373e+05 2.075142852858747356e+05 1.941797684207385755e+05 1.822760440820327494e+05 1.727260332304306794e+05 1.649966050328176352e+05 1.578448826643480279e+05 3.251186462775133550e+06 6.374842972959240898e+06 6.640048352525364608e+06 5.608204175259640440e+06 4.412144562762936577e+06 3.614118848909719847e+06 3.246432359025756363e+06 3.296554586930460297e+06 3.704784861034341156e+06 4.453356027030746453e+06 2.273506223625082523e+06 1.554169548941207118e+06 1.403517212676750962e+06 1.423943520036859903e+06 1.362218161889886949e+06 1.189401863228059607e+06 9.661034253108387347e+05 8.041442561760859098e+05 7.421639485371992923e+05 7.480910352596493904e+05 7.445714741974310018e+05 6.883453766640349058e+05 5.938405834464912768e+05 5.049935028672656044e+05 4.559299975018735277e+05 4.451040737162998412e+05 4.460080078324569622e+05 4.296461099888611352e+05 3.923430727287871996e+05 3.477492198833575239e+05 3.140238368692424847e+05 2.976190044515492045e+05 2.924569579657470458e+05 2.858788348606176442e+05 2.707947216258386034e+05 2.499818466395105352e+05 2.296269402886838652e+05 2.154203753279993543e+05 2.075883564851319534e+05 2.019233536861886969e+05
2.873355178173760884e+06 4.925335584822364151e+06 4.654396465474188328e+06 3.728332714572195895e+06 2.953230826798337046e+06 2.507198612213240005e+06 2.248719868722426705e+06 2.057230762169953436e+06 1.858688771433075890e+06 2.105963490553865209e+06 2.757808747016380541e+06 1.513302807180310134e+06 1.055363143407616997e+06 9.434759267154326662e+05 8.393170281648172531e+05 7.301169996162764728e+05 6.340704844440652523e+05 5.716730645040050149e+05 5.364590592972761951e+05 5.098429766456615180e+05 4.746789588356378954e+05 4.296077990271263989e+05 3.842260317676335108e+05 3.485975812854601536e+05 3.253674729455400375e+05 3.094766223689748440e+05 2.936829433053995017e+05 2.739775025270883925e+05 2.521909102576373261e+05 2.322054634649832151e+05 2.167811524721788883e+05 2.055193638372792338e+05 1.960810020232427050e+05 1.860571657630862901e+05 1.749090276665657875e+05 1.637737596079712384e+05 1.538877414350272738e+05 1.458821270266268693e+05 1.392809946844821679e+05 1.331167539640305913e+05 2.735194841992414556e+06 5.366345007793175057e+06 5.590532872691618279e+06 4.719564482211750001e+06 3.710496037901362404e+06 3.037619385985787027e+06 2.738861235526522622e+06 2.593677723011982627e+06 2.463622883481576107e+06 2.507115768522317521e+06 2.914364434527735692e+06 1.582341960799666587e+06 1.212450692884154152e+06 1.173703302692279685e+06 1.130623203626380768e+06 9.856995028456215514e+05 7.990479494545962662e+05 6.635452734594903886e+05 6.111770784110372188e+05 6.154021953064821428e+05 6.121313607362528564e+05 5.653681968819547910e+05 4.869332795726821059e+05 4.131593175169285387e+05 3.723396003440686036e+05 3.632980086631508311e+05 3.641306039288387401e+05 3.507844594896570197e+05 3.201211449689797009e+05 2.833656572523467476e+05 2.555588364109368122e+05 2.420835632795753190e+05 2.379556812977526570e+05 2.327049180078723584e+05 2.204280017770846607e+05 2.033889260383660439e+05 1.866887891218513832e+05 1.750463801777523477e+05 1.686800525629518670e+05 1.641009344817929086e+05
2.565047257419198751e+06 4.366814636481093243e+06 4.125261923388110939e+06 3.309168325488459319e+06 2.627768303811070509e+06 2.236607255117790774e+06 2.006562011966931168e+06 1.790768101286584511e+06 1.550933317138143349e+06 1.348666908265861683e+06 1.513302807180310134e+06 2.028091648491552565e+06 1.208680305573402904e+06 8.766198223493720870e+05 7.584681880023130216e+05 6.532238585173587780e+05 5.693085257883905433e+05 5.152912783653893275e+05 4.839989450020662043e+05 4.587847698444362031e+05 4.257021617122691823e+05 3.847521440213243477e+05 3.446278582316639367e+05 3.135767858619213803e+05 2.930867220422946848e+05 2.784088262252174318e+05 2.634718152697865153e+05 2.453445655483224546e+05 2.258748035705457442e+05 2.083308418264872162e+05 1.947833035917325760e+05 1.846563906221255602e+05 1.759170346069931984e+05 1.666639569030797866e+05 1.566009020119615016e+05 1.467226815414731391e+05 1.380121116638799140e+05 1.308931328362973145e+05 1.249087922770204896e+05 1.192652882902046840e+05 2.415617106454052962e+06 4.725459795640789904e+06 4.945881046302627772e+06 4.192663699524317868e+06 3.304076615645703860e+06 2.707686421045079827e+06 2.441058482537500095e+06 2.319558897462784313e+06 2.082771381067301147e+06 1.794883721363883233e+06 1.735004465759309474e+06 2.100663651423823554e+06 1.281583529718995560e+06 1.070182483046428068e+06 9.914402508149418281e+05 8.680692974998722784e+05 7.021526279586532619e+05 5.816618880663330201e+05 5.347279321595196379e+05 5.378799974334457656e+05 5.346513977068093373e+05 4.932425878734184662e+05 4.240107776671820320e+05 3.589215393471503630e+05 3.228771187603379367e+05 3.148870333696162561e+05 3.156904986545073334e+05 3.040963905231101671e+05 2.772905204018912045e+05 2.451010081341267214e+05 2.207646589724154619e+05 2.090306009729188518e+05 2.055394667235400993e+05 2.010875913064038614e+05 1.904638576757131377e+05 1.756410524039518205e+05 1.610933031401786720e+05 1.509720013737533591e+05 1.454881503347099060e+05 1.415638738818673592e+05
2.365795731332734227e+06 4.013261213381075300e+06 3.805744037445342168e+06 3.066835057066727430e+06 2.442655874525455292e+06 2.082779307319762651e+06 1.871114761148023419e+06 1.672260940991675947e+06 1.424466826745160855e+06 1.196178621074332856e+06 1.055363143407616997e+06 1.208680305573402904e+06 1.608708799141593743e+06 1.010935743562088581e+06 7.362145411577785853e+05 6.212587370930819307e+05 5.368345116714066826e+05 4.859845191721289302e+05 4.566504409284813446e+05 4.330632954704212025e+05 4.019307280077766627e+05 3.632312245484237792e+05 3.252534584427125519e+05 2.958777419807345141e+05 2.765393246059872909e+05 2.627214958025711821e+05 2.486421621515100705e+05 2.315101112922138418e+05 2.130891292944636953e+05 1.964967310616745963e+05 1.837055987648234004e+05 1.741638681659866124e+05 1.659323251079922193e+05 1.572018141581798554e+05 1.476939828675833996e+05 1.383602057327964576e+05 1.301365395717611973e+05 1.234235419886999880e+05 1.177836495329317404e+05 1.124578423646246083e+05 2.221874232901016250e+06 4.330209101803302765e+06 4.554651638303669170e+06 3.879732209916668478e+06 3.066581427671175450e+06 2.517448952157760039e+06 2.271509535304975696e+06 2.158611403771409765e+06 1.944485146754242014e+06 1.594742136941981968e+06 1.305199710933253169e+06 1.314581655172959436e+06 1.682367014164400287e+06 1.146061081624725601e+06 9.421744655109541491e+05 7.975148315732409246e+05 6.465804654314819491e+05 5.342389743382562883e+05 4.903107664990597405e+05 4.930288785022209631e+05 4.900012073819732759e+05 4.516422989405370317e+05 3.875014316987665370e+05 3.272027992503818241e+05 2.938390471548794303e+05 2.865289575796860736e+05 2.874334699229276157e+05 2.768985175499535399e+05 2.522782381165631814e+05 2.226488831087449216e+05 2.002780261167131248e+05 1.895742622052226216e+05 1.865118202902646153e+05 1.825701168359036383e+05 1.729107009629318200e+05 1.593512037964101764e+05 1.460295872869492159e+05 1.367909000470081810e+05 1.318415474846257130e+05 1.283212384779266140e+05
2.167767633507037535e+06 3.691651140711835586e+06 3.514335505220578983e+06 2.840768961067223921e+06 2.263949684193615802e+06 1.929209974646517076e+06 1.735908780141114257e+06 1.558262252790075727e+06 1.333204817417087033e+06 1.104832476346276235e+06 9.434759267154326662e+05 8.766198223493720870e+05 1.010935743562088581e+06 1.285835509669860825e+06 8.241642080209183041e+05 6.010771707476220326e+05 5.088159853520797333e+05 4.557722373917085351e+05 4.281825816894909367e+05 4.072749299582324456e+05 3.792581242313884431e+05 3.431167319953134283e+05 3.067077987393558724e+05 2.781980170312264818e+05 2.596767383639570908e+05 2.470129551577718230e+05 2.343565196311096079e+05 2.185222810745349852e+05 2.010349767283418332e+05 1.850416333866622299e+05 1.727445702632325410e+05 1.637838809173695627e+05 1.562563810487946612e+05 1.482328868419189239e+05 1.393054371241418994e+05 1.304052518161559419e+05 1.225242230129281816e+05 1.161517171746044187e+05 1.108918061224816774e+05 1.059572366606798023e+05 2.052083770690263947e+06 3.997278258287677076e+06 4.202390288844658993e+06 3.581020949105257168e+06 2.831978094087442849e+06 2.326143385724261403e+06 2.100882444337375462e+06 1.998159068274731981e+06 1.800341215307558421e+06 1.480128462442747783e+06 1.157194968212978914e+06 9.929720443357490003e+05 1.098923250005699228e+06 1.418927049450229621e+06 9.859367204286057968e+05 7.537396766327607911e+05 5.912121082121722866e+05 4.891018781987893744e+05 4.482169195756827248e+05 4.507833007744010538e+05 4.482220754713120987e+05 4.129349710059376666e+05 3.536747684468226507e+05 2.979019969079935690e+05 2.670815031778583070e+05 2.604658920943652047e+05 2.615319318733341061e+05 2.520284265484286880e+05 2.294522222241046256e+05 2.021914085863158689e+05 1.816326915916170110e+05 1.718832079799065832e+05 1.692261995873637497e+05 1.657619864669759991e+05 1.569902749560649972e+05 1.445849988456318388e+05 1.323808304092009203e+05 1.239465874400197936e+05 1.194845792194633977e+05 1.163359520511764858e+05
1.931884316523908405e+06 3.317832631997294724e+06 3.159405198271878064e+06 2.549886122452223208e+06 2.027192131525995210e+06 1.723526078460768797e+06 1.551803095955560915e+06 1.398466084284506738e+06 1.201373102217548061e+06 9.967869282771495637e+05 8.393170281648172531e+05 7.584681880023130216e+05 7.362145411577785853e+05 8.241642080209183041e+05 9.911164083289266564e+05 6.386354809204629855e+05 4.710743295193919330e+05 4.135217066852155840e+05 3.857916419349106727e+05 3.679405990688496968e+05 3.436971323339592200e+05 3.112975388883870328e+05 2.778466662058281945e+05 2.513406471143591916e+05 2.343029888532196055e+05 2.231250438828484621e+05 2.121874457505281025e+05 1.981325172789731878e+05 1.822085222987751476e+05 1.674303600231016753e+05 1.560837843683977844e+05 1.479887781287164544e+05 1.413661112888102653e+05 1.342802861074963585e+05 1.262323250680486963e+05 1.180889255290858564e+05 1.108397430067274545e+05 1.050259092782013176e+05 1.003068877231845981e+05 9.591105334039704758e+04 1.848951585090800188e+06 3.615322737215835601e+06 3.779128471844240092e+06 3.204374329401681200e+06 2.527374622328101657e+06 2.073390358284543268e+06 1.872568598698752932e+06 1.782259354270515963e+06 1.606422414682917297e+06 1.320300925747739617e+06 1.033935548740323866e+06 8.493864264081579167e+05 8.220593807204787154e+05 9.468046156415429432e+05 1.146900848380949814e+06 7.619315827026290353e+05 5.389373434495660476e+05 4.305639120680069318e+05 3.953672104773236788e+05 3.976968495542405872e+05 3.956463449192960979e+05 3.644231230303702177e+05 3.117038341984621948e+05 2.619919876519464888e+05 2.345257144160508760e+05 2.287271142152157263e+05 2.298664928562050336e+05 2.216058218272571103e+05 2.016486236740213644e+05 1.774559599877301953e+05 1.592155625294890488e+05 1.506270867301295511e+05 1.483914137510193978e+05 1.454500959078889573e+05 1.377620690617758082e+05 1.268072322131880646e+05 1.160097391241051955e+05 1.085664610399260127e+05 1.046716007984793687e+05 1.019464905498788867e+05
1.689073171302458271e+06 2.919461104440846480e+06 2.770255573726453818e+06 2.224869860241334885e+06 1.762554345966152381e+06 1.495418369965391932e+06 1.345566915745224804e+06 1.213443340253786650e+06 1.043731410115412436e+06 8.667862382257799618e+05 7.301169996162764728e+05 6.532238585173587780e+05 6.212587370930819307e+05 6.010771707476220326e+05 6.386354809204629855e+05 7.397513296203151112e+05 4.796952808252357645e+05 3.685118013578180689e+05 3.380980491527569247e+05 3.206457471947249724e+05 2.996386243747414555e+05 2.714460951472052839e+05 2.422508946073639090e+05 2.190707651038428303e+05 2.041744960592853604e+05 1.944436934430807014e+05 1.849556262954894046e+05 1.727342301184836542e+05 1.588457788130327826e+05 1.459295346594196744e+05 1.360089662275715964e+05 1.289472096566840191e+05 1.231915303787854209e+05 1.170348941178893438e+05 1.100256949925498920e+05 1.029182506951840478e+05 9.658425559538188099e+04 9.150719939920961042e+04 8.739447964261297602e+04 8.356718914133637736e+04 1.624792226956898812e+06 3.193052357166908681e+06 3.316071229356271215e+06 2.793729444243135396e+06 2.194949103291341104e+06 1.796752130654967390e+06 1.620916008855685126e+06 1.542328048288168618e+06 1.390217434467279818e+06 1.142408765680536162e+06 8.942332052175961435e+05 7.357273821513645817e+05 6.858740778574082069e+05 7.047636184987805318e+05 7.690058258539538365e+05 8.639212100972239859e+05 5.366317170663012657e+05 3.810656370218592929e+05 3.377454332828684710e+05 3.405653745725708432e+05 3.388537137172658695e+05 3.120324941427744925e+05 2.666331061951277661e+05 2.237567443388869287e+05 2.000416103210056317e+05 1.950591721331151202e+05 1.961301720864515810e+05 1.891335916450393561e+05 1.720375161406040424e+05 1.512481376483568456e+05 1.355662058139785076e+05 1.282104810062153265e+05 1.263555629386059591e+05 1.239104895185788628e+05 1.173699673247558239e+05 1.079947776884249324e+05 9.873632235359380138e+04 9.236110868429724360e+04 8.905001251612673514e+04 8.674913824850137462e+04
1.485477499184090178e+06 2.563997769891858101e+06 2.422941224404782057e+06 1.938549886086506769e+06 1.533721471785814501e+06 1.301585714101547375e+06 1.169828052828209708e+06 1.051827527727042558e+06 9.026473758106662426e+05 7.501231860991970170e+05 6.340704844440652523e+05 5.693085257883905433e+05 5.368345116714066826e+05 5.088159853520797333e+05 4.710743295193919330e+05 4.796952808252357645e+05 5.544401476941083092e+05 3.735424897497805068e+05 3.011603266993884463e+05 2.804010906090560602e+05 2.598616446801450802e+05 2.351695957717458950e+05 2.101892354698445415e+05 1.905711448256197618e+05 1.778198190439306200e+05 1.691425816448870464e+05 1.605094462301451131e+05 1.496869331419024384e+05 1.376929077396246139e+05 1.266928303552931175e+05 1.182295400141703722e+05 1.120801747824926861e+05 1.069400579171808495e+05 1.014655621559628926e+05 9.535703553400945384e+04 8.924939681491267402e+04 8.383164711549956701e+04 7.945259062864095904e+04 7.584689272511101444e+04 7.246691085772114457e+04 1.420064275129028130e+06 2.796386562190959696e+06 2.900226364798575174e+06 2.438370732019308954e+06 1.912737488773383666e+06 1.563849894935269374e+06 1.408900701193263056e+06 1.338951926087255590e+06 1.206099715703337686e+06 9.909194565444533946e+05 7.756584867370505817e+05 6.380261476307399571e+05 5.954469213011999382e+05 5.921003811205786187e+05 5.782790302859065123e+05 5.791921209456109209e+05 6.217173945494336076e+05 3.864507735522564617e+05 2.997254879437962081e+05 2.918698693137816153e+05 2.908342862502371427e+05 2.676767813749040943e+05 2.285326268095478299e+05 1.915522728099783708e+05 1.710646451350636780e+05 1.667360665260056267e+05 1.676675459512562375e+05 1.616894913947194291e+05 1.470221083649496140e+05 1.291559557210217754e+05 1.156714320393372036e+05 1.093547613353439083e+05 1.077890609841081314e+05 1.057321005717584922e+05 1.001533531391946599e+05 9.212609296937569161e+04 8.418626130223493965e+04 7.872037142177415080e+04 7.589477193867156166e+04 7.393996713013501721e+04
1.342677259996140376e+06 2.299592509133035317e+06 2.173931516363866627e+06 1.742504746757620014e+06 1.382241418264498934e+06 1.176022984698676039e+06 1.056744692344616633e+06 9.471205021652304567e+05 8.104223291233991040e+05 6.737487247661335859e+05 5.716730645040050149e+05 5.152912783653893275e+05 4.859845191721289302e+05 4.557722373917085351e+05 4.135217066852155840e+05 3.685118013578180689e+05 3.735424897497805068e+05 4.439424904480411205e+05 3.135546396422665566e+05 2.581805987590547302e+05 2.350969518545541214e+05 2.114578260371131473e+05 1.893017183566317544e+05 1.721312165147297783e+05 1.608341182466147002e+05 1.527929273061648128e+05 1.446146145235973527e+05 1.346411466356778401e+05 1.238903581065262988e+05 1.141921172012424504e+05 1.067198022919781797e+05 1.011629685592019960e+05 9.638634076922046370e+04 9.131903639679387561e+04 8.578722287581770797e+04 8.034535681513245800e+04 7.554623296343105903e+04 7.163080791347182821e+04 6.834692812251418945e+04 6.524304265977807518e+04 1.268332156751882285e+06 2.489910529214308131e+06 2.598500505465626251e+06 2.195625113366373815e+06 1.726831574595241342e+06 1.413411498005296104e+06 1.273057837803725153e+06 1.208564628352624830e+06 1.087703268341010204e+06 8.933711572393591050e+05 6.993987579082115553e+05 5.753396377146877348e+05 5.366624663102508057e+05 5.338380612613838166e+05 5.056567269748218241e+05 4.493760823163766763e+05 4.232822906642752932e+05 4.710555520721275825e+05 3.163382118450536509e+05 2.688419436095267301e+05 2.597559375761435367e+05 2.392219707930956210e+05 2.040856987460429664e+05 1.709053511463647010e+05 1.525091566665479622e+05 1.486008634956950555e+05 1.494252679557121010e+05 1.440821598570749629e+05 1.309673405126046709e+05 1.149846926511970523e+05 1.029205489946573070e+05 9.727333595942944521e+04 9.588661835588366375e+04 9.406939475015044445e+04 8.910319545267982176e+04 8.194265467378613539e+04 7.485408168914154521e+04 6.997486731439140567e+04 6.746001301719214825e+04 6.572401639178734331e+04
1.245909726492490619e+06 2.118747550476342440e+06 2.011431073248761706e+06 1.621768659630057868e+06 1.291793282386171632e+06 1.101813368350109318e+06 9.911344064049210865e+05 8.882618298479556106e+05 7.597902453194074333e+05 6.317526837191248778e+05 5.364590592972761951e+05 4.839989450020662043e+05 4.566504409284813446e+05 4.281825816894909367e+05 3.857916419349106727e+05 3.380980491527569247e+05 3.011603266993884463e+05 3.135546396422665566e+05 3.761281165231734049e+05 2.745187760877617984e+05 2.246615800976078026e+05 1.994624276519110135e+05 1.777909097346215276e+05 1.617386643167703878e+05 1.511660113640541967e+05 1.435903087261699548e+05 1.358504683458146756e+05 1.264430722008300654e+05 1.163463657992387016e+05 1.072666106664799445e+05 1.002734312451515289e+05 9.505451271453853406e+04 9.054628412775401375e+04 8.576375210188224446e+04 8.056046294781033066e+04 7.545686524222102889e+04 7.096202942643042479e+04 6.728987844246669556e+04 6.420008054385668220e+04 6.127431237323232199e+04 1.169372067058955785e+06 2.282174315817686729e+06 2.399677030044024810e+06 2.042705531317817979e+06 1.613514691604581196e+06 1.323766920553996228e+06 1.193634053476999048e+06 1.133261431644961704e+06 1.019598510091899196e+06 8.372120758008402772e+05 6.553735958080380224e+05 5.391463197296073195e+05 5.029201823433750542e+05 5.002016052157916711e+05 4.740657856023678905e+05 4.090893793614152819e+05 3.372485544180035358e+05 3.271400060142277507e+05 3.928164325433162740e+05 2.904089407092487090e+05 2.491126264402624220e+05 2.232773775352253579e+05 1.905291832413990051e+05 1.594731007569285284e+05 1.422666724366489216e+05 1.386261557324239984e+05 1.394117082609487697e+05 1.344220048905289732e+05 1.221598943549858814e+05 1.072170010655163496e+05 9.594392975951847620e+04 9.067494851841041236e+04 8.939083831785920484e+04 8.770294094846048392e+04 8.306869903077067283e+04 7.638221349902440852e+04 6.976287512410664931e+04 6.520919977620731515e+04 6.286631366146236542e+04 6.124963237404295796e+04
