2.648667898136941195e+08 3.854977660363842547e+07 9.004062363327546045e+05 -3.766542251802203100e+04 -2.321961292015562649e+05 -1.857050111128329881e+05 -1.770283834381415509e+05 -1.355669416014139424e+05 -4.746587170283477462e+04 1.696174961788062501e+04 3.019647199915779493e+04 -7.464190969562572718e+03 -4.277178514844401798e+04 -4.100629344065205078e+04 -4.937465046672466997e+03 3.715379008646349394e+04 4.568131601062635309e+04 2.144509900672501681e+04 -7.850085282688861298e+03 -2.344341494368015265e+04 -6.697273245884974131e+03 1.744356352845559741e+04 3.179365709404648078e+04 2.569798804224675405e+04 7.526311098783604393e+03 -7.152013868350662960e+03 -6.445148712957505268e+03 4.724844133959579267e+03 1.621603131278260116e+04 1.862618138652834750e+04 2.200917490474457741e+08 6.856060293336352706e+07 1.874966202646229416e+06 9.610130809924404602e+05 3.116350626480074716e+05 2.371900991837352922e+05 1.716900643660288188e+05 1.626540037760980194e+05 2.184815968418398988e+05 2.495180877360957093e+05 2.248390042707874672e+05 1.418692839215363783e+05 7.256987813101665233e+04 6.145983679489590577e+04 1.012552800869987113e+05 1.503452443020871142e+05 1.502772007733038045e+05 1.034548459842523880e+05 5.187384301022737054e+04 2.274214600451478327e+04 4.405661152354661317e+04 7.647660259789795964e+04 9.385696489903263864e+04 8.008099959341593785e+04 4.837923113241355168e+04 2.285481950875953044e+04 2.178581043664058234e+04 3.713807813149594585e+04 5.298247999780955433e+04 5.467392526024558174e+04
3.854977660363842547e+07 1.057246981316568404e+08 1.101566466275020689e+07 -5.702047691554759513e+04 -2.250889868874386011e+05 -3.182506076407724759e+05 -3.278522755446457304e+05 -2.562732424911824637e+05 -7.797916276435882901e+04 6.633299967849718814e+04 9.264471227467416611e+04 6.606566117149343881e+03 -8.275331431443328620e+04 -8.720310231656691758e+04 -7.789574829021605183e+03 8.713888245229571476e+04 1.116534499517261283e+05 5.855757301497035951e+04 -1.313818306956128799e+04 -4.959036619016660552e+04 -1.745084682500808412e+04 3.984129490538475511e+04 7.404226996386682731e+04 6.246022113655273279e+04 2.059742057891775767e+04 -1.417843781343150658e+04 -1.516002296098140323e+04 1.014393058066078083e+04 3.696095483837208303e+04 4.403213375029683812e+04 3.367338431052522361e+07 6.775219845731081069e+07 1.887654375592383742e+07 1.592828696896317881e+06 1.020326393869005027e+06 6.487921394650771981e+05 4.729491578656039201e+05 4.330136837799596833e+05 5.422997441963846795e+05 6.213991368514345959e+05 5.639215642033270560e+05 3.758009699374529300e+05 2.036919396569194505e+05 1.650280182220448623e+05 2.514940963363953342e+05 3.613561857154731988e+05 3.686982644431605004e+05 2.646860169650489115e+05 1.386962445594095043e+05 7.058672646070046176e+04 1.087131457274492132e+05 1.854695548218883341e+05 2.265888573076833563e+05 1.982059905361817218e+05 1.248085174909761408e+05 6.424454192998501094e+04 5.722465580114108161e+04 9.144419960007531336e+04 1.279737224265422556e+05 1.338927702731537865e+05
9.004062363327546045e+05 1.101566466275020689e+07 2.974254325659421831e+07 2.964782482726589777e+06 -1.241475515355638636e+05 -1.947181714221030416e+05 -2.529097026072417502e+05 -1.971346401528192800e+05 -7.191178430577047402e+04 4.028187959940249857e+04 6.937306555729420506e+04 1.930983454980476381e+04 -4.228310140857426450e+04 -5.170713438371897064e+04 -2.318426756022479367e+03 6.020757597243018245e+04 8.170988425342165283e+04 5.124435938100778003e+04 2.472451167244502358e+03 -2.318636919406432571e+04 -7.342085380706354044e+03 2.943656024148146389e+04 5.366705317640793510e+04 4.822858077189158939e+04 2.179414065305559052e+04 -1.900567836377008462e+03 -5.098426711816899115e+03 9.972393401597761112e+03 2.755519744909996371e+04 3.375334323131261044e+04 1.085014728078130400e+06 1.193087311682252958e+07 1.837848685476597399e+07 5.460618019953710958e+06 8.075478132401795592e+05 6.232483218354058918e+05 4.245722535957682412e+05 3.815972290398866171e+05 4.330569512343363604e+05 4.870045614392409334e+05 4.529796680390645051e+05 3.322604140168799786e+05 2.091816255383038078e+05 1.664627084849064704e+05 2.106987075149297889e+05 2.760289631282621413e+05 2.850573536867501680e+05 2.216326830322386231e+05 1.346597552084428607e+05 8.510889755445209448e+04 9.891489047623670194e+04 1.451363558615422808e+05 1.730160167831917352e+05 1.567150140303117223e+05 1.095750382026097504e+05 6.766005127556211664e+04 5.784758146028916235e+04 7.656030382575622934e+04 9.943744915759358264e+04 1.051075878871898749e+05
-3.766542251802203100e+04 -5.702047691554759513e+04 2.964782482726589777e+06 9.269786804715272039e+06 9.755171134409678634e+05 -9.649519687963921751e+04 -1.331123561562580871e+05 -1.212308366897351225e+05 -5.175304671722670901e+04 1.079900438324747847e+04 3.443366741953630844e+04 1.756254767618484038e+04 -9.455352226686765789e+03 -1.653567883606955729e+04 3.002637380158513679e+03 3.088533653499940920e+04 4.298226401292666560e+04 3.231545728984251036e+04 1.114225265824944290e+04 -1.977396353617527438e+03 2.461532563171376296e+03 1.717203565851333406e+04 2.852480714393916423e+04 2.750535619665935519e+04 1.669192423316932400e+04 5.810523655688443796e+03 2.944364019942790037e+03 8.267642596879741177e+03 1.580091096292183283e+04 1.927225807096158678e+04 5.858598806077393238e+05 1.193439417751191650e+06 4.121894017994515598e+06 7.202626890658558346e+06 1.901691597387329210e+06 3.859881619333354756e+05 3.073735800574325258e+05 2.511516210126228398e+05 2.637386315065418603e+05 2.819304762999495724e+05 2.687978360280676279e+05 2.166372645189806353e+05 1.578807757495984551e+05 1.282648061127138790e+05 1.366179099312865874e+05 1.590760257814443321e+05 1.627591016221355530e+05 1.370417851056159707e+05 9.792613431622568169e+04 7.146235025676368969e+04 7.110458953932672739e+04 8.653468039125629002e+04 9.799115044832564308e+04 9.192312474142131396e+04 7.187092939652191126e+04 5.207330150565119402e+04 4.451934472723976069e+04 4.957503783533034584e+04 5.835281150299120054e+04 6.135501047855277284e+04
-2.321961292015562649e+05 -2.250889868874386011e+05 -1.241475515355638636e+05 9.755171134409678634e+05 3.491724602796314284e+06 3.964109996753103915e+05 -7.408545405109094281e+04 -6.919369101317515015e+04 -3.912819747838658805e+04 -3.072359843651017400e+03 1.367263087395690673e+04 1.100424529356359199e+04 1.281608107967825163e+03 -2.153928677181052990e+03 4.845524869827734619e+03 1.623750484005646285e+04 2.228929743269466417e+04 1.943437378048161918e+04 1.139231928236191743e+04 5.297884737716207383e+03 5.724839286538830493e+03 1.073394948120288973e+04 1.531390551967448664e+04 1.559564416894351598e+04 1.172560125286626862e+04 7.160705325003104008e+03 5.261192798498736920e+03 6.638035417993842202e+03 9.415043028220537963e+03 1.102667677153837576e+04 3.436734538379431469e+05 9.457716885345621267e+05 7.603070478633129969e+05 1.610059597739143297e+06 2.152669728711451404e+06 8.027162654322569724e+05 1.878450921781824145e+05 1.724389139550462423e+05 1.620297127423940692e+05 1.650653612413474475e+05 1.583082440300289891e+05 1.379991351346228912e+05 1.126281005300141405e+05 9.517064461380825378e+04 9.115381290829577483e+04 9.475820160946893157e+04 9.427516425722773420e+04 8.428301538479860756e+04 6.825260673578234855e+04 5.507443881248620164e+04 5.094129839295633428e+04 5.370261493082184461e+04 5.670884880585107749e+04 5.439563314359790093e+04 4.655788108159763215e+04 3.781923894335672958e+04 3.293293252625702735e+04 3.293307299928877183e+04 3.528192804177173821e+04 3.624328456458621804e+04
-1.857050111128329881e+05 -3.182506076407724759e+05 -1.947181714221030416e+05 -9.649519687963921751e+04 3.964109996753103915e+05 1.717477840478907106e+06 1.834636013505585142e+05 -4.656318564264259476e+04 -2.744561912888674487e+04 -8.757769518569586580e+03 3.811490212016418809e+03 5.546256285662820119e+03 3.101501120077909036e+03 2.344972303829376415e+03 5.495760135549066035e+03 1.041138283202287676e+04 1.334217349039588589e+04 1.278016668936923816e+04 9.770296107746406051e+03 7.019431269180901836e+03 6.565087221350074287e+03 8.037494370193895520e+03 9.754770194162851112e+03 1.005136239572932209e+04 8.694101483421705780e+03 6.749105106126897226e+03 5.601701007335002942e+03 5.736107278686213249e+03 6.624512665155296418e+03 7.234811641612963285e+03 2.587331571842754493e+05 6.809050547723586205e+05 6.102553939092612127e+05 3.877223822590161581e+05 7.086504028007243760e+05 1.132796955624888185e+06 4.204599900974207558e+05 1.208001292877674277e+05 1.208216428057537414e+05 1.129513501101532893e+05 1.075145977494400868e+05 9.825865479422554199e+04 8.726030866060694098e+04 7.724284698353617569e+04 7.080670586226371233e+04 6.749777934920394910e+04 6.438270811439664976e+04 5.935148352537353639e+04 5.222812115383928176e+04 4.537767675635369960e+04 4.112906327008725202e+04 3.956693854179246409e+04 3.905052843131189002e+04 3.741904188844919554e+04 3.402664189589356829e+04 2.989256925372356636e+04 2.674442446954903062e+04 2.536318716848120675e+04 2.523006001466910675e+04 2.498081364575352927e+04
-1.770283834381415509e+05 -3.278522755446457304e+05 -2.529097026072417502e+05 -1.331123561562580871e+05 -7.408545405109094281e+04 1.834636013505585142e+05 9.580276152377723483e+05 1.003325838593069639e+05 -1.797470454740877176e+04 -4.825366557425264546e+03 6.221980980940070367e+02 2.635230068571189804e+03 3.020888715707203119e+03 4.571203663196707566e+03 7.198980772662849631e+03 9.502708805884245521e+03 1.021495988441395457e+04 9.633941014304591590e+03 8.443436172031106253e+03 7.551693928521724956e+03 7.411964918474101069e+03 7.655577712990198961e+03 7.868028280006737987e+03 7.655670502387161832e+03 7.020577166297991425e+03 6.285722997294118613e+03 5.789715616646808485e+03 5.638809621654860166e+03 5.686226546072601195e+03 5.616306732897332040e+03 1.895709243620911147e+05 4.977937057281440939e+05 4.451138690880241338e+05 3.117631653495463543e+05 1.957879005543578824e+05 3.893786678352600429e+05 6.201783224322346505e+05 2.521874324164043355e+05 9.614369559330152697e+04 9.431628745959082153e+04 8.414149999424511043e+04 7.730463557117193704e+04 7.220031379065479268e+04 6.772895530248153955e+04 6.266830247920427792e+04 5.711922480029914004e+04 5.162445568087288120e+04 4.707917497960705077e+04 4.319817461095030012e+04 3.983020100392830500e+04 3.684922235658719728e+04 3.409819632441723661e+04 3.172887812763381589e+04 2.956537724943406647e+04 2.746476122511315043e+04 2.544534711217438598e+04 2.363499801877441496e+04 2.215141458355954092e+04 2.097823894191026557e+04 1.983158227946245461e+04
-1.355669416014139424e+05 -2.562732424911824637e+05 -1.971346401528192800e+05 -1.212308366897351225e+05 -6.919369101317515015e+04 -4.656318564264259476e+04 1.003325838593069639e+05 5.644030778233496239e+05 6.807648014509200584e+04 1.709267121831586564e+03 3.895013877955950647e+03 2.124980304783971860e+03 2.990703762996694877e+03 5.899539830327258642e+03 9.184448818453611239e+03 1.063783497064792391e+04 9.826005081763156340e+03 8.339309018769414251e+03 7.429975921690549512e+03 7.523563580839823771e+03 8.042725208458277848e+03 8.102697495687029004e+03 7.544774039798807280e+03 6.685627985962521961e+03 6.015091295589696529e+03 5.756428249964579663e+03 5.769052357653037689e+03 5.719186044126434354e+03 5.439593191786088937e+03 4.928378100901147263e+03 1.804630977739725495e+05 4.574538935838096077e+05 4.004483088586226222e+05 2.657264161673483904e+05 1.815945237750373199e+05 1.330336701106711698e+05 2.436524729414802860e+05 3.475174541001425241e+05 1.648027540307355812e+05 7.833040666177507956e+04 7.132888791881300858e+04 6.179600472455090494e+04 5.858098368503667007e+04 5.787187631695761229e+04 5.596607466615331214e+04 5.097728614028287848e+04 4.422028303781844443e+04 3.869641072511230595e+04 3.548889339415961877e+04 3.408730187064135680e+04 3.283719756988775043e+04 3.053850742193817132e+04 2.748920711169861897e+04 2.455966248867983086e+04 2.250290257916975679e+04 2.136060652630595723e+04 2.060452606222727627e+04 1.960445412508735535e+04 1.820512934507383761e+04 1.654187663786441772e+04
-4.746587170283477462e+04 -7.797916276435882901e+04 -7.191178430577047402e+04 -5.175304671722670901e+04 -3.912819747838658805e+04 -2.744561912888674487e+04 -1.797470454740877176e+04 6.807648014509200584e+04 3.297846768462277250e+05 4.909487623553659796e+04 6.397030755973981286e+03 3.660515285824872080e+03 2.731906722236438782e+03 5.661040594964888442e+03 9.065651334035446780e+03 1.044782057498521681e+04 9.255238607050390783e+03 7.364209306197691149e+03 6.312035834412666190e+03 6.620391357093081751e+03 7.440127063145722786e+03 7.625659045548914037e+03 6.942156700307277788e+03 5.844233580700613857e+03 5.052250503102026414e+03 4.878543306964835210e+03 5.074488690162461353e+03 5.155156887672006633e+03 4.858742094248618741e+03 4.245012892009637653e+03 2.349297613271715818e+05 5.650147963490687544e+05 4.503332544634514488e+05 2.762908335030793678e+05 1.736570059406926739e+05 1.311413010585144511e+05 1.073611865943492739e+05 1.633555597033114755e+05 2.093698258106488211e+05 1.065565005849858280e+05 5.381091345977747551e+04 4.735865476187263266e+04 4.351594516661994567e+04 4.437381470291933510e+04 4.472425072520057438e+04 4.170195009479331202e+04 3.578601186367570335e+04 3.033097893414072314e+04 2.722264517577775405e+04 2.653035995268432816e+04 2.638045192433116608e+04 2.502693392232854967e+04 2.240901667735264346e+04 1.947701701458184107e+04 1.740301046400726045e+04 1.652851427733984747e+04 1.627757311567814213e+04 1.578714838001338831e+04 1.467037373380690769e+04 1.307401416755098944e+04
1.696174961788062501e+04 6.633299967849718814e+04 4.028187959940249857e+04 1.079900438324747847e+04 -3.072359843651017400e+03 -8.757769518569586580e+03 -4.825366557425264546e+03 1.709267121831586564e+03 4.909487623553659796e+04 1.962198593609700329e+05 3.226969635223949444e+04 3.981472112201940945e+03 2.865821439404710418e+03 4.243296995884416901e+03 7.068996785411830388e+03 8.382736111750111377e+03 7.591140529263853750e+03 6.063580969856679076e+03 5.100240298051069658e+03 5.266765749659368339e+03 5.941604326091341136e+03 6.161610323675443396e+03 5.656780940513996939e+03 4.749355918610739536e+03 4.042629260272784450e+03 3.850174806817938133e+03 3.999475399263504642e+03 4.085519440219160060e+03 3.869178495863819080e+03 3.373527272126141725e+03 2.623179093548998935e+05 6.388453360004381975e+05 4.999522827979542199e+05 2.910363776071622269e+05 1.732847323334133835e+05 1.219006139709634881e+05 1.023284972092108219e+05 8.543056609982720693e+04 1.063988144043936045e+05 1.251612022318918171e+05 6.452025054786703549e+04 3.253952746392929839e+04 3.101323077648464096e+04 3.127787057851203281e+04 3.227117325252166484e+04 3.077224089820680092e+04 2.676083885751807611e+04 2.261534069922743220e+04 2.002367935436599510e+04 1.940763532167172525e+04 1.946380443398698117e+04 1.871008116414074175e+04 1.688797448049866944e+04 1.462256135567813908e+04 1.289070069396626786e+04 1.211960208000345665e+04 1.194927112331429089e+04 1.167560470272280509e+04 1.091776271835423904e+04 9.707764764219093195e+03
3.019647199915779493e+04 9.264471227467416611e+04 6.937306555729420506e+04 3.443366741953630844e+04 1.367263087395690673e+04 3.811490212016418809e+03 6.221980980940070367e+02 3.895013877955950647e+03 6.397030755973981286e+03 3.226969635223949444e+04 1.242942088266082574e+05 2.041743913416088617e+04 2.388350591047060334e+03 3.058653905626578307e+03 4.561979888886999106e+03 5.754028125142261160e+03 5.504953342496505684e+03 4.634756101216275965e+03 3.965821163070523653e+03 3.978979147554113752e+03 4.358422785622192350e+03 4.503849389114544465e+03 4.207004838691414989e+03 3.624946545089868778e+03 3.129838532918281999e+03 2.942020943734629327e+03 2.980604547671520322e+03 3.001328722545362325e+03 2.844733985594104524e+03 2.510607719952141451e+03 2.332027764150240109e+05 5.746719687563418411e+05 4.602364286306604045e+05 2.735319780582381645e+05 1.627951107438874315e+05 1.127630917067507835e+05 8.967943236019564210e+04 7.543415897991121165e+04 5.704739143940819486e+04 6.423009311687275476e+04 7.274427066098645446e+04 3.917489429048736201e+04 2.096948952745210408e+04 2.188227611849747336e+04 2.222958023811422754e+04 2.155119829164011389e+04 1.923358392802250455e+04 1.667104453212169028e+04 1.485105017398752716e+04 1.420011411054510427e+04 1.403675081771885016e+04 1.347816115335519135e+04 1.230430409111456174e+04 1.080985515249373566e+04 9.578324468862618232e+03 8.916466772255751494e+03 8.662267883175009047e+03 8.399808385501230077e+03 7.871045017378462944e+03 7.047080979535616279e+03
-7.464190969562572718e+03 6.606566117149343881e+03 1.930983454980476381e+04 1.756254767618484038e+04 1.100424529356359199e+04 5.546256285662820119e+03 2.635230068571189804e+03 2.124980304783971860e+03 3.660515285824872080e+03 3.981472112201940945e+03 2.041743913416088617e+04 8.571229313582819304e+04 1.424354513636393858e+04 2.460600733969990415e+03 3.423355812454457919e+03 4.015407734486769186e+03 4.066240008914477130e+03 3.662057475087890452e+03 3.300428119038205296e+03 3.281230713524277235e+03 3.444966111576957701e+03 3.458266952932992353e+03 3.235441853545632512e+03 2.870961591710352877e+03 2.565207844661502349e+03 2.426126170175003153e+03 2.390592522607956198e+03 2.328350122097805070e+03 2.168143355697884544e+03 1.921385929713677797e+03 1.472614874935051776e+05 3.819704028203007765e+05 3.355193928363902960e+05 2.182371636781681154e+05 1.398338335330698756e+05 1.009823844113672094e+05 8.034709929454038502e+04 6.428334217562824779e+04 4.885134355807169777e+04 3.403069290409223322e+04 3.922638622988827410e+04 4.793367071597880567e+04 2.729522660415810242e+04 1.605124307441091150e+04 1.684542591931634524e+04 1.609619134354948255e+04 1.470913858579138287e+04 1.318144483939188831e+04 1.202250407500445908e+04 1.143359295024419043e+04 1.106180502244392846e+04 1.046628350268982831e+04 9.586890395410540805e+03 8.575003829615525319e+03 7.724924030561460313e+03 7.184288771966480454e+03 6.855679497860746778e+03 6.523706637250354106e+03 6.065884059390782568e+03 5.446452810551108996e+03
-4.277178514844401798e+04 -8.275331431443328620e+04 -4.228310140857426450e+04 -9.455352226686765789e+03 1.281608107967825163e+03 3.101501120077909036e+03 3.020888715707203119e+03 2.990703762996694877e+03 2.731906722236438782e+03 2.865821439404710418e+03 2.388350591047060334e+03 1.424354513636393858e+04 6.365425593514348293e+04 1.185239981485257522e+04 3.724488034532118945e+03 4.050541573732671623e+03 3.667598537629786733e+03 3.346584694970589226e+03 3.172454141252874251e+03 3.281676916601415996e+03 3.409717476255311340e+03 3.288441763189586709e+03 2.962064123903969630e+03 2.607256794434042604e+03 2.393007980922368006e+03 2.336813263845584515e+03 2.307841982779663795e+03 2.185731765289112445e+03 1.961192263448052927e+03 1.699821993194063452e+03 7.751869738949401653e+04 2.092404663746785955e+05 2.118956569139189669e+05 1.589623409165125922e+05 1.138654246372374764e+05 8.926058940706728026e+04 7.444005155365212704e+04 6.026633644080543309e+04 4.466425506247715384e+04 3.196888286481414252e+04 2.247356950297587173e+04 2.803746527815257286e+04 3.398373763551539741e+04 2.220903066265955567e+04 1.475971858447865088e+04 1.450320420662995093e+04 1.292445158105002338e+04 1.165829138090501147e+04 1.087090300636677057e+04 1.055824984180237334e+04 1.023531062543687585e+04 9.551995878452406032e+03 8.614246631804195204e+03 7.675520534409983156e+03 6.987486217070996645e+03 6.584158115081871074e+03 6.292057318038102494e+03 5.912516605033719316e+03 5.405549074668160756e+03 4.789568760093789024e+03
-4.100629344065205078e+04 -8.720310231656691758e+04 -5.170713438371897064e+04 -1.653567883606955729e+04 -2.153928677181052990e+03 2.344972303829376415e+03 4.571203663196707566e+03 5.899539830327258642e+03 5.661040594964888442e+03 4.243296995884416901e+03 3.058653905626578307e+03 2.460600733969990415e+03 1.185239981485257522e+04 4.886287090132136655e+04 1.104222216369042508e+04 4.786484573913445274e+03 4.075704030665957362e+03 3.333311438689745955e+03 3.195269229111095228e+03 3.476130629612445318e+03 3.718838441274636807e+03 3.543720718461342585e+03 3.065594146241943236e+03 2.591248362727765198e+03 2.370070778012725896e+03 2.388856470654278382e+03 2.424842585947372754e+03 2.298147190714807948e+03 2.011814470082371827e+03 1.689355127248167719e+03 6.738162784198980080e+04 1.722935818159108167e+05 1.708044306029039435e+05 1.305563098634874477e+05 9.718379884174173640e+04 7.969161797319639300e+04 7.021810677410700009e+04 5.971228592442275840e+04 4.559515893034725741e+04 3.244532305115143026e+04 2.336429722745736217e+04 1.802283632207781193e+04 2.330823984368039237e+04 2.549128452885148727e+04 1.979081785074616346e+04 1.388851123079662466e+04 1.240377696449042924e+04 1.075672655117996510e+04 1.007432224306210628e+04 1.011059852703465731e+04 1.009214576278494496e+04 9.450003783696671235e+03 8.358641592216616118e+03 7.263146850692504813e+03 6.567262534674777271e+03 6.290662296302097275e+03 6.135186537062059870e+03 5.797721197552547892e+03 5.237556303835570361e+03 4.541019218493591325e+03
-4.937465046672466997e+03 -7.789574829021605183e+03 -2.318426756022479367e+03 3.002637380158513679e+03 4.845524869827734619e+03 5.495760135549066035e+03 7.198980772662849631e+03 9.184448818453611239e+03 9.065651334035446780e+03 7.068996785411830388e+03 4.561979888886999106e+03 3.423355812454457919e+03 3.724488034532118945e+03 1.104222216369042508e+04 3.761328058319522825e+04 9.709670139399442633e+03 4.297684611160297209e+03 3.386749624847729137e+03 3.009636507453853937e+03 3.358566605263199108e+03 3.714209223192233367e+03 3.602270030367261825e+03 3.095627048115593425e+03 2.545473563272142201e+03 2.274959742149706926e+03 2.307207010980215273e+03 2.397010335509655306e+03 2.315514159373537041e+03 2.038297192373020607e+03 1.696542800987692772e+03 1.078133319149607851e+05 2.600379980693605321e+05 2.164067865435429267e+05 1.400275712619704427e+05 9.393587152336607687e+04 7.373423557563012582e+04 6.546057410015072674e+04 5.803612271913274890e+04 4.611631933418994595e+04 3.350811127760208910e+04 2.380359501205502966e+04 1.872774299296276877e+04 1.669357387922867201e+04 2.076837525634114718e+04 2.289118605122146982e+04 1.663224205246262136e+04 1.116028320132257431e+04 9.654362461033266300e+03 8.825615433651220883e+03 9.070874709989348048e+03 9.349572293917888601e+03 8.911876491650527896e+03 7.846641832801635246e+03 6.676631921611100552e+03 5.941019278135206150e+03 5.729345349477442142e+03 5.704366089759649185e+03 5.477107810663686905e+03 4.958580179963236333e+03 4.255101399591663721e+03
3.715379008646349394e+04 8.713888245229571476e+04 6.020757597243018245e+04 3.088533653499940920e+04 1.623750484005646285e+04 1.041138283202287676e+04 9.502708805884245521e+03 1.063783497064792391e+04 1.044782057498521681e+04 8.382736111750111377e+03 5.754028125142261160e+03 4.015407734486769186e+03 4.050541573732671623e+03 4.786484573913445274e+03 9.709670139399442633e+03 2.822477379071758332e+04 7.360295247730075062e+03 3.092810108268005024e+03 2.655705811133881980e+03 2.798268245087845571e+03 3.164845459026092612e+03 3.168949156975269489e+03 2.802493909828143842e+03 2.321746531721200881e+03 2.033780689874687369e+03 2.016539484368046033e+03 2.100891146887990544e+03 2.077172329078860002e+03 1.885046074162985406e+03 1.606501710341323360e+03 1.561896609927963582e+05 3.690432871130618732e+05 2.812505556743646739e+05 1.622457302982777474e+05 9.731570455059930100e+04 7.012005597577753360e+04 5.956563889097483479e+04 5.274408823479530110e+04 4.284374254239848233e+04 3.175963941331968817e+04 2.281408404877434805e+04 1.770399935906974861e+04 1.610096114162675076e+04 1.523989797897393146e+04 1.723617700479485939e+04 1.674350346857799741e+04 1.185466190403574365e+04 7.751700845092184863e+03 7.193284001793424068e+03 7.357563232397582397e+03 7.735427077619206102e+03 7.520329095702159975e+03 6.709338917047003633e+03 5.711115840122549344e+03 5.037662677838474337e+03 4.835400536233538332e+03 4.850335869911092232e+03 4.725178836713346755e+03 4.336730907566456153e+03 3.764309450546805238e+03
4.568131601062635309e+04 1.116534499517261283e+05 8.170988425342165283e+04 4.298226401292666560e+04 2.228929743269466417e+04 1.334217349039588589e+04 1.021495988441395457e+04 9.826005081763156340e+03 9.255238607050390783e+03 7.591140529263853750e+03 5.504953342496505684e+03 4.066240008914477130e+03 3.667598537629786733e+03 4.075704030665957362e+03 4.297684611160297209e+03 7.360295247730075062e+03 2.104227733930003160e+04 5.182918461513004331e+03 2.179380938246148617e+03 2.184154890092826463e+03 2.364366452722146278e+03 2.447459432813445346e+03 2.262554942782425314e+03 1.941687363730174866e+03 1.698377788912907363e+03 1.632143609267852071e+03 1.671229470728578235e+03 1.674730438695633666e+03 1.572805935658297130e+03 1.390317915921461463e+03 1.543965598395533743e+05 3.738435507292668917e+05 2.882330227112662978e+05 1.644793185940930853e+05 9.570004804003715981e+04 6.598197435728558048e+04 5.312700466542219510e+04 4.518179082691133954e+04 3.627303728300645889e+04 2.718548848468223150e+04 1.995134562181949877e+04 1.575669765622703198e+04 1.404838616036278108e+04 1.331193702741854941e+04 1.182153657882726111e+04 1.218268615126290024e+04 1.085906163818557616e+04 7.833566840496453551e+03 5.364241821726469425e+03 5.576057406566358623e+03 5.809234625714841968e+03 5.734060584441569517e+03 5.233359504291622216e+03 4.553394772284314968e+03 4.043522343159103912e+03 3.846507346276926000e+03 3.827103101089143820e+03 3.745497238046762504e+03 3.491068060993489780e+03 3.102130863767432857e+03
2.144509900672501681e+04 5.855757301497035951e+04 5.124435938100778003e+04 3.231545728984251036e+04 1.943437378048161918e+04 1.278016668936923816e+04 9.633941014304591590e+03 8.339309018769414251e+03 7.364209306197691149e+03 6.063580969856679076e+03 4.634756101216275965e+03 3.662057475087890452e+03 3.346584694970589226e+03 3.333311438689745955e+03 3.386749624847729137e+03 3.092810108268005024e+03 5.182918461513004331e+03 1.594350818472854371e+04 3.943773741583222545e+03 1.850533475926130450e+03 1.916112104219959292e+03 1.894075805622389908e+03 1.785447553825680870e+03 1.581680838060497308e+03 1.418420391217624001e+03 1.359768647205536126e+03 1.365301233741170336e+03 1.348971063494585451e+03 1.268085397502587739e+03 1.136367989415849934e+03 1.061586300578470691e+05 2.676864210495896405e+05 2.230177055559115252e+05 1.374554822142450430e+05 8.468823358135216404e+04 6.005029622718699829e+04 4.776451237511773070e+04 3.896115589314635145e+04 3.024986432426793181e+04 2.255477419924571586e+04 1.692775174748553763e+04 1.376463817552756518e+04 1.232932210503860188e+04 1.130046085046632288e+04 9.985172243140747014e+03 7.999976666804711385e+03 7.931140633870518286e+03 7.720543696271726731e+03 5.613581848350735527e+03 4.236192266929341713e+03 4.478279383416233031e+03 4.372764037713975995e+03 4.057345684093886575e+03 3.617329167954696459e+03 3.270927678375315736e+03 3.107355315705150133e+03 3.051607469939939620e+03 2.959355121224441973e+03 2.764076845176098686e+03 2.481406144349080932e+03
-7.850085282688861298e+03 -1.313818306956128799e+04 2.472451167244502358e+03 1.114225265824944290e+04 1.139231928236191743e+04 9.770296107746406051e+03 8.443436172031106253e+03 7.429975921690549512e+03 6.312035834412666190e+03 5.100240298051069658e+03 3.965821163070523653e+03 3.300428119038205296e+03 3.172454141252874251e+03 3.195269229111095228e+03 3.009636507453853937e+03 2.655705811133881980e+03 2.179380938246148617e+03 3.943773741583222545e+03 1.300355586476537974e+04 3.517894758780070333e+03 1.866713282705242818e+03 1.751439316465412958e+03 1.532675691720558461e+03 1.357364096531859104e+03 1.262497615454451079e+03 1.258526586854046855e+03 1.264040955495514709e+03 1.207938579681405372e+03 1.087389445326817395e+03 9.484291772052879423e+02 5.407784056434888043e+04 1.409671554695385857e+05 1.354569075794211240e+05 9.791427241652202792e+04 6.831192758810578380e+04 5.260268985092219373e+04 4.358146260776222334e+04 3.549987612038871157e+04 2.693564037443076086e+04 1.977641376895358917e+04 1.490900967889173262e+04 1.238376990731839578e+04 1.131257923952820056e+04 1.040222594587226195e+04 8.994563194476864737e+03 7.281372628085066026e+03 5.530256626658523601e+03 5.812479044725151653e+03 5.361094186135045675e+03 4.764841624614322427e+03 3.805896016013241933e+03 3.761946508640520733e+03 3.428654514156217374e+03 3.071467455541202980e+03 2.821700655935925170e+03 2.720285463130770040e+03 2.669107019977054733e+03 2.551541457423773863e+03 2.343223799212526956e+03 2.066948002519962301e+03
-2.344341494368015265e+04 -4.959036619016660552e+04 -2.318636919406432571e+04 -1.977396353617527438e+03 5.297884737716207383e+03 7.019431269180901836e+03 7.551693928521724956e+03 7.523563580839823771e+03 6.620391357093081751e+03 5.266765749659368339e+03 3.978979147554113752e+03 3.281230713524277235e+03 3.281676916601415996e+03 3.476130629612445318e+03 3.358566605263199108e+03 2.798268245087845571e+03 2.184154890092826463e+03 1.850533475926130450e+03 3.517894758780070333e+03 1.107653440599630449e+04 3.396389799343211962e+03 1.903493668035031078e+03 1.585190257799068377e+03 1.304772168542042891e+03 1.230709938946234161e+03 1.282700750745281994e+03 1.319444914133350267e+03 1.242537746809402961e+03 1.071247322285018981e+03 8.927190418115733337e+02 2.535506387568145146e+04 7.357948132535554760e+04 8.660612596756272251e+04 7.200349070354638388e+04 5.553999323230296432e+04 4.606070185929111904e+04 4.047320073167970986e+04 3.433486179520246515e+04 2.644578990843259817e+04 1.931045254395537631e+04 1.434930383817265101e+04 1.183696480581937431e+04 1.101365876339809984e+04 1.044192358981570578e+04 9.235108989579330228e+03 7.451203154471851121e+03 5.720888218053498349e+03 4.509007297963493329e+03 4.978327389689524352e+03 4.495420941159241011e+03 4.605823690982427252e+03 3.670810599210236433e+03 3.347261634162717201e+03 2.898602624550147084e+03 2.659077483810217927e+03 2.619166062667543883e+03 2.622751641833547183e+03 2.507725981684443468e+03 2.262025868333503240e+03 1.932956940997519268e+03
-6.697273245884974131e+03 -1.745084682500808412e+04 -7.342085380706354044e+03 2.461532563171376296e+03 5.724839286538830493e+03 6.565087221350074287e+03 7.411964918474101069e+03 8.042725208458277848e+03 7.440127063145722786e+03 5.941604326091341136e+03 4.358422785622192350e+03 3.444966111576957701e+03 3.409717476255311340e+03 3.718838441274636807e+03 3.714209223192233367e+03 3.164845459026092612e+03 2.364366452722146278e+03 1.916112104219959292e+03 1.866713282705242818e+03 3.396389799343211962e+03 9.533595663099265948e+03 3.112411733279852342e+03 1.730157945252144373e+03 1.401001948599965999e+03 1.244901104920181751e+03 1.293291398111308808e+03 1.355390622416432507e+03 1.308789983078534533e+03 1.149987816541643497e+03 9.630438311000834801e+02 4.721066722555342130e+04 1.126702435669627448e+05 1.013612287280265591e+05 7.241062411360454280e+04 5.198334475460641261e+04 4.226539271649431612e+04 3.788608444421082095e+04 3.345052584720821324e+04 2.661956783622506191e+04 1.962731729335667478e+04 1.437942149155868174e+04 1.160998771946015040e+04 1.081176718130748850e+04 1.053377043694792883e+04 9.613840591123844206e+03 7.908207013894078045e+03 6.027647633043919996e+03 4.797845641656369480e+03 4.206314352904201769e+03 4.853308658545483922e+03 4.732752581545893918e+03 4.324315923893605941e+03 3.344659193080039586e+03 2.897965221106691388e+03 2.597154293042038262e+03 2.581369774212918855e+03 2.643954419509737818e+03 2.580141310693971263e+03 2.348202862599790933e+03 2.010616162264655713e+03
1.744356352845559741e+04 3.984129490538475511e+04 2.943656024148146389e+04 1.717203565851333406e+04 1.073394948120288973e+04 8.037494370193895520e+03 7.655577712990198961e+03 8.102697495687029004e+03 7.625659045548914037e+03 6.161610323675443396e+03 4.503849389114544465e+03 3.458266952932992353e+03 3.288441763189586709e+03 3.543720718461342585e+03 3.602270030367261825e+03 3.168949156975269489e+03 2.447459432813445346e+03 1.894075805622389908e+03 1.751439316465412958e+03 1.903493668035031078e+03 3.112411733279852342e+03 7.957307303233752464e+03 2.660921055802402407e+03 1.481017540787611324e+03 1.264156129830075315e+03 1.206047740927323048e+03 1.261658653426590718e+03 1.276614394151643410e+03 1.201684649081539646e+03 1.063423912289786813e+03 7.961928586789310793e+04 1.895244673027856334e+05 1.477839155988768907e+05 8.805415895453013945e+04 5.490639271627715789e+04 4.081472208586701890e+04 3.523409604563625908e+04 3.127232018868045998e+04 2.540029280296107390e+04 1.899279639552798835e+04 1.390599415798354312e+04 1.107639850602296247e+04 1.019005536719835072e+04 9.961947646560784051e+03 9.251847351183587307e+03 7.755095021748255022e+03 5.996143024127263743e+03 4.746646801006936585e+03 4.223628270548701948e+03 4.131239047219507484e+03 4.636895785705584785e+03 3.847758186852413019e+03 3.666413470093530123e+03 2.745916243291268074e+03 2.487884179193461478e+03 2.431920633823904609e+03 2.514862091868741118e+03 2.518385453749734552e+03 2.366895443557276849e+03 2.110978089859749161e+03
3.179365709404648078e+04 7.404226996386682731e+04 5.366705317640793510e+04 2.852480714393916423e+04 1.531390551967448664e+04 9.754770194162851112e+03 7.868028280006737987e+03 7.544774039798807280e+03 6.942156700307277788e+03 5.656780940513996939e+03 4.207004838691414989e+03 3.235441853545632512e+03 2.962064123903969630e+03 3.065594146241943236e+03 3.095627048115593425e+03 2.802493909828143842e+03 2.262554942782425314e+03 1.785447553825680870e+03 1.532675691720558461e+03 1.585190257799068377e+03 1.730157945252144373e+03 2.660921055802402407e+03 6.603716619531540346e+03 2.181157367519649597e+03 1.222696773384428980e+03 1.082829845536756693e+03 1.075792327558393481e+03 1.138700313994534554e+03 1.153954015194152589e+03 1.086029085468012227e+03 9.644704731126953266e+04 2.298625106911241019e+05 1.750730099283409072e+05 9.911917083051343798e+04 5.761358918451548379e+04 4.002919831746559066e+04 3.263029486788310169e+04 2.805339744517795043e+04 2.267762278142109426e+04 1.709923175012020511e+04 1.266255783463511943e+04 1.012738418656174690e+04 9.199420493478402932e+03 8.842548776873416500e+03 8.178159921649834359e+03 6.931687349369318326e+03 5.472532586460491075e+03 4.411306921204140963e+03 3.896204927684975701e+03 3.827295662561510653e+03 3.726345126713985337e+03 3.809634256734547307e+03 3.016461657293988083e+03 2.812693564518536732e+03 2.211558304354263328e+03 2.167349758306569129e+03 2.214298462132052919e+03 2.262334617360169432e+03 2.202236463812618240e+03 2.065779875589588300e+03
2.569798804224675405e+04 6.246022113655273279e+04 4.822858077189158939e+04 2.750535619665935519e+04 1.559564416894351598e+04 1.005136239572932209e+04 7.655670502387161832e+03 6.685627985962521961e+03 5.844233580700613857e+03 4.749355918610739536e+03 3.624946545089868778e+03 2.870961591710352877e+03 2.607256794434042604e+03 2.591248362727765198e+03 2.545473563272142201e+03 2.321746531721200881e+03 1.941687363730174866e+03 1.581680838060497308e+03 1.357364096531859104e+03 1.304772168542042891e+03 1.401001948599965999e+03 1.481017540787611324e+03 2.181157367519649597e+03 5.425293323096657332e+03 1.729542064424296768e+03 9.611010859306859402e+02 9.184048083720335853e+02 9.570218982807891734e+02 1.007828775940309015e+03 9.821128332092246183e+02 8.195238579013598792e+04 2.004031242396801244e+05 1.578889593111830764e+05 9.241979381937932339e+04 5.481555055707284191e+04 3.797614659970163484e+04 3.009511425195157790e+04 2.482494529165485437e+04 1.952345267218368099e+04 1.466144974190836001e+04 1.101327021540493661e+04 8.968193139519516990e+03 8.131483088062799652e+03 7.644786348152918436e+03 6.927367780146758378e+03 5.853648226752855408e+03 4.703314751913389046e+03 3.882432074778078004e+03 3.462012289523456275e+03 3.329123554988083015e+03 3.236533464856341197e+03 2.936585466942065523e+03 2.871904066805159346e+03 2.122510176728254464e+03 2.142393373125340986e+03 1.795443778155816290e+03 1.845524365716630655e+03 1.883473201084221728e+03 1.873695977078049509e+03 1.817222417282875313e+03
7.526311098783604393e+03 2.059742057891775767e+04 2.179414065305559052e+04 1.669192423316932400e+04 1.172560125286626862e+04 8.694101483421705780e+03 7.020577166297991425e+03 6.015091295589696529e+03 5.052250503102026414e+03 4.042629260272784450e+03 3.129838532918281999e+03 2.565207844661502349e+03 2.393007980922368006e+03 2.370070778012725896e+03 2.274959742149706926e+03 2.033780689874687369e+03 1.698377788912907363e+03 1.418420391217624001e+03 1.262497615454451079e+03 1.230709938946234161e+03 1.244901104920181751e+03 1.264156129830075315e+03 1.222696773384428980e+03 1.729542064424296768e+03 4.485389815939344771e+03 1.404671611542139999e+03 8.458787686880200454e+02 8.439656057104839419e+02 8.396435661937409805e+02 8.081049222770409415e+02 4.982504630702151189e+04 1.263719990164215851e+05 1.102317399228657596e+05 7.199677798270215862e+04 4.668917440671075019e+04 3.432700467285388731e+04 2.776338765126921498e+04 2.257837520330227562e+04 1.730247505003828701e+04 1.280811788357439946e+04 9.665321562957404240e+03 7.998101411225517950e+03 7.327007302567370061e+03 6.846092119974879097e+03 6.100837564046394618e+03 5.092057251069370977e+03 4.096260280930020599e+03 3.429214430476123198e+03 3.103177040045705326e+03 2.986802012434020071e+03 2.844352751530223941e+03 2.581936966399547600e+03 2.202565359396400709e+03 2.102245180342385538e+03 1.428972750309970252e+03 1.695644842217143378e+03 1.515556998886101610e+03 1.559364521596841087e+03 1.531419258418041636e+03 1.481545487169090848e+03
-7.152013868350662960e+03 -1.417843781343150658e+04 -1.900567836377008462e+03 5.810523655688443796e+03 7.160705325003104008e+03 6.749105106126897226e+03 6.285722997294118613e+03 5.756428249964579663e+03 4.878543306964835210e+03 3.850174806817938133e+03 2.942020943734629327e+03 2.426126170175003153e+03 2.336813263845584515e+03 2.388856470654278382e+03 2.307207010980215273e+03 2.016539484368046033e+03 1.632143609267852071e+03 1.359768647205536126e+03 1.258526586854046855e+03 1.282700750745281994e+03 1.293291398111308808e+03 1.206047740927323048e+03 1.082829845536756693e+03 9.611010859306859402e+02 1.404671611542139999e+03 3.839221752755709076e+03 1.288951203116157330e+03 8.170105082380093791e+02 7.496102312803210452e+02 6.618190413097775036e+02 2.430926353369264689e+04 6.585983945964624581e+04 6.839809028853441123e+04 5.227633426880417392e+04 3.800408536503225332e+04 3.022307463860690768e+04 2.576429021548429228e+04 2.145880563605669886e+04 1.644912195886551490e+04 1.204668888205667827e+04 8.995096541783859720e+03 7.430338041649320076e+03 6.885695958550259093e+03 6.530541553863125955e+03 5.850891009858851248e+03 4.852099628151069737e+03 3.852438785971122343e+03 3.202299947431587952e+03 2.924122114962675823e+03 2.864682778250281899e+03 2.747695220390075065e+03 2.451458818513098777e+03 2.075131808447065396e+03 1.705273928756137593e+03 1.663026642039704257e+03 1.146729936949640887e+03 1.505797728437681599e+03 1.366547723410685194e+03 1.326108423055860385e+03 1.225439905333616025e+03
