7.244173996763721108e+07 4.201027984025606886e+06 2.795121787098402856e+05 1.073004968444161059e+05 4.435674447769776452e+04 3.658015950352142681e+04 3.245490827042766614e+04 2.975159462773379346e+04 2.638277382224245230e+04 2.207947167237226677e+04 1.795322510813461849e+04 1.500542732778354548e+04 1.358704924156168090e+04 1.299773956347080093e+04 1.234649053050415932e+04 1.116892185811889067e+04 9.523674717896625225e+03 8.051179593397035205e+03 7.140445377068481321e+03 6.761868696302930402e+03 6.671065231129641688e+03 6.374522616402383392e+03 5.806265481430926229e+03 5.082928350143090938e+03 4.468785607489304311e+03 4.115820271383801810e+03 3.997876652683708016e+03 3.917495883066955685e+03 3.740563153646799037e+03 3.433090098494677477e+03 1.789075460952741653e+07 -9.164020440154296812e+05 -2.608737418974465400e+05 -3.798467235665563203e+04 3.663719988262548577e+04 2.966281120934365026e+04 2.603085179834002338e+04 2.426724126381654787e+04 2.229597381053031859e+04 1.908155831517983461e+04 1.539833119003545653e+04 1.231968024408496785e+04 1.079332983865646383e+04 1.048024080562513518e+04 1.042453645399552261e+04 9.839233804598403367e+03 8.412726285887216363e+03 6.827014412938517125e+03 5.753010263317193676e+03 5.356264433028931307e+03 5.531630289838931276e+03 5.547597095846547745e+03 5.176913154751789989e+03 4.454297313605935415e+03 3.733668209601479248e+03 3.311667529004401331e+03 3.259457300077705440e+03 3.328290004924795539e+03 3.291252134862153980e+03 3.036434401106161204e+03
4.201027984025606886e+06 1.575135184797788784e+07 1.184167609655226348e+06 1.529687703766457271e+05 4.320286601120607520e+04 4.779396058662148425e+04 4.153204023013155529e+04 3.787182700209472387e+04 3.457149417196767172e+04 3.000600346514889679e+04 2.478688308429182871e+04 2.027958617029850575e+04 1.765210117454740248e+04 1.671813557882208625e+04 1.631038697776777190e+04 1.533462123276475177e+04 1.338271561465578634e+04 1.112261556327455037e+04 9.471284982744547960e+03 8.735464571781285485e+03 8.740588545438906294e+03 8.685568378512230993e+03 8.129595894372604562e+03 7.127351862150848319e+03 6.086529339893146243e+03 5.422369221699055743e+03 5.239042177259921118e+03 5.263006176764160955e+03 5.169324905731778927e+03 4.808422834908709774e+03 1.484402765777961351e+06 6.574370233546480536e+06 -8.799567850205517607e+04 -4.255513644102343824e+04 2.310044480958670465e+04 4.411818369253962737e+04 3.807373714694565570e+04 3.517106022688333906e+04 3.326309503106785996e+04 2.974551341805228003e+04 2.464500960205095180e+04 1.945690989638706378e+04 1.621071113775221966e+04 1.537460357104064315e+04 1.570032301956458832e+04 1.551024844482261142e+04 1.374760803993744412e+04 1.106138520712613172e+04 8.871323276358722069e+03 7.912671515103679667e+03 8.233642826504197728e+03 8.672535318748490681e+03 8.397169169410728500e+03 7.303357489390566116e+03 5.940511083509332821e+03 5.027093673103631772e+03 4.867858691648950298e+03 5.118488720166975327e+03 5.250240100641049139e+03 4.950312861541509847e+03
2.795121787098402856e+05 1.184167609655226348e+06 5.406510424560187384e+06 4.807587404567697085e+05 8.853172658354770101e+04 5.487607924062604434e+04 3.886209191061500314e+04 3.448830339406267012e+04 3.102791180191204330e+04 2.735760168699168571e+04 2.327680203371535754e+04 1.953527055151320383e+04 1.690115009464613104e+04 1.550183607738634964e+04 1.471743965165927511e+04 1.376738360314055717e+04 1.228527825098181165e+04 1.053797496497922475e+04 9.097881658011277977e+03 8.287507132122736948e+03 8.000453148654597499e+03 7.807544700822058985e+03 7.342048463211227499e+03 6.579161644146057370e+03 5.760507596648658364e+03 5.164898042795446599e+03 4.890581897511097850e+03 4.798060877018021529e+03 4.666815766851445005e+03 4.378647707061720212e+03 6.915887487998194410e+04 4.760565918551236391e+05 2.218421800025072880e+06 2.588491515253785474e+04 5.335039978111897653e+03 2.537708483685481769e+04 3.335992340701111243e+04 3.021417329878450255e+04 2.804246159940968937e+04 2.547101815337032531e+04 2.187772845600738219e+04 1.803207687591129798e+04 1.515266843839541252e+04 1.384098651295677701e+04 1.354926803479314549e+04 1.317546529408281640e+04 1.196052791050357700e+04 1.007263076133593495e+04 8.336555020121239068e+03 7.395905527070531207e+03 7.283707485241631730e+03 7.426302188763698723e+03 7.196587186451411981e+03 6.435916236448945710e+03 5.452066030246454829e+03 4.706387604925370397e+03 4.435774394063484579e+03 4.487041925953120881e+03 4.517880302014502377e+03 4.301505496253763340e+03
1.073004968444161059e+05 1.529687703766457271e+05 4.807587404567697085e+05 2.314206492557047401e+06 2.409037897949476028e+05 5.692693038446056744e+04 3.864757383622827183e+04 2.910880635870829428e+04 2.569839677917422159e+04 2.275696510901619331e+04 1.989422402309436438e+04 1.716015814304343075e+04 1.490304640684500737e+04 1.330726826835804604e+04 1.222543969849524728e+04 1.129313062514671765e+04 1.023968240084193530e+04 9.074704113946878351e+03 8.006865975854554563e+03 7.231249979336615070e+03 6.757273496323106883e+03 6.415432832479537865e+03 6.024030009335823706e+03 5.513553979809716111e+03 4.964535277191107525e+03 4.504183584469241396e+03 4.198560472285334981e+03 4.008552064299619815e+03 3.838513311905294813e+03 3.617260544360447511e+03 3.685461189068794192e+04 6.867613618062566093e+04 1.741451085833584075e+05 8.407183495119479485e+05 2.355335469207233473e+04 9.137670246467445395e+03 1.828843503594005597e+04 2.230072467047193641e+04 2.037159742169301171e+04 1.860512583559102859e+04 1.659552873306756737e+04 1.434886819776445554e+04 1.234485864378217957e+04 1.098116299138526665e+04 1.023581283912370782e+04 9.693515945615563396e+03 8.936753508499594318e+03 7.892676488706557393e+03 6.824785181208999347e+03 6.057818510029590470e+03 5.692633974549047707e+03 5.535840281171824245e+03 5.315361726102847570e+03 4.885524712403886042e+03 4.331018757574836854e+03 3.844701333885800523e+03 3.558120809974609074e+03 3.445246371037774225e+03 3.372270584554062225e+03 3.219116660291946573e+03
4.435674447769776452e+04 4.320286601120607520e+04 8.853172658354770101e+04 2.409037897949476028e+05 1.224816055033157580e+06 1.446393231632183888e+05 4.001256414216448320e+04 2.856862972974596050e+04 2.217882313748946035e+04 1.958369988632262903e+04 1.735315403407940175e+04 1.528120319355205902e+04 1.338020511206494120e+04 1.180022703891279161e+04 1.059583982474556251e+04 9.664075065041459311e+03 8.827984553923903150e+03 7.986526369640709163e+03 7.163717610042276647e+03 6.452047139170221271e+03 5.909501311460338911e+03 5.502499347053886595e+03 5.145204593444726925e+03 4.771374983587244969e+03 4.375344061756091833e+03 4.003975936393385382e+03 3.701765243836931404e+03 3.473648142953557908e+03 3.287410355561053620e+03 3.102950122156463294e+03 2.303666862844165007e+04 3.179983754955059703e+04 3.923194702029407199e+04 7.691864616666233633e+04 3.802895891933349194e+05 1.285857435132395403e+04 7.760741962262071866e+03 1.266940062624546954e+04 1.509062734625298617e+04 1.387491592059186951e+04 1.272017706350970184e+04 1.146390042308913326e+04 1.013189903803334528e+04 8.952573546143790736e+03 8.082482322319279774e+03 7.475136166301124831e+03 6.938310423941506087e+03 6.328713398309766490e+03 5.659382524615286457e+03 5.054604250183463591e+03 4.620628158467734465e+03 4.343236878500223611e+03 4.119584807578021355e+03 3.853757037091494567e+03 3.525585126060373113e+03 3.195786470530368661e+03 2.934907845432539943e+03 2.763161196941114213e+03 2.643744840053853295e+03 2.519775136438139270e+03
3.658015950352142681e+04 4.779396058662148425e+04 5.487607924062604434e+04 5.692693038446056744e+04 1.446393231632183888e+05 7.600849055129983462e+05 9.857951616649149219e+04 3.051950594320202799e+04 2.256721011006525805e+04 1.792883072723981240e+04 1.590392339984529099e+04 1.418235811768799613e+04 1.259230526753427330e+04 1.112300133104454289e+04 9.872326575191407755e+03 8.881202931765892572e+03 8.091509801174237509e+03 7.394021031682324974e+03 6.719929289904903271e+03 6.079839335809892873e+03 5.520691163762774522e+03 5.070517024253002091e+03 4.707868623359545381e+03 4.384218156776188152e+03 4.065458024936518541e+03 3.749902222582378272e+03 3.461087867469884259e+03 3.217925522093932614e+03 3.018930968531581584e+03 2.845482231165236954e+03 1.809908343868395605e+04 3.276897919853347412e+04 2.824487064993834792e+04 2.084673785053467873e+04 3.864025440450186579e+04 2.078962042596634128e+05 9.783734187060734257e+03 6.407195379184366175e+03 9.448440188244769161e+03 1.111330238318753618e+04 1.036729286760637842e+04 9.638705168198439424e+03 8.797689794915135280e+03 7.871037392424477730e+03 7.026029955948905808e+03 6.374178851273657529e+03 5.891424107247209577e+03 5.463031957872937710e+03 5.005250927645813135e+03 4.529248555253956511e+03 4.102271799357380587e+03 3.774726826353108663e+03 3.533216756829686346e+03 3.322059734020969699e+03 3.096812620398426589e+03 2.853308915288502249e+03 2.623229627574540245e+03 2.435620879287456773e+03 2.293463733791691084e+03 2.175477988627657396e+03
3.245490827042766614e+04 4.153204023013155529e+04 3.886209191061500314e+04 3.864757383622827183e+04 4.001256414216448320e+04 9.857951616649149219e+04 5.206288920145092998e+05 7.186438501517733675e+04 2.438327195701812161e+04 1.849208061876474312e+04 1.498863662399498571e+04 1.342089060878371311e+04 1.206838948195010744e+04 1.077860954629425942e+04 9.559223794422181527e+03 8.508957724601761583e+03 7.676859924078196855e+03 7.017659091168266968e+03 6.436730160513124247e+03 5.876776944024089971e+03 5.340649024202197324e+03 4.865473723350713044e+03 4.475100114327120536e+03 4.155606251372282713e+03 3.872618929430400385e+03 3.600230386603179795e+03 3.334867967432257501e+03 3.090871488696239339e+03 2.880487373976988238e+03 2.702511745612886443e+03 1.570480469471071774e+04 2.779739436293562903e+04 2.447440285556370145e+04 1.656642997561451921e+04 1.189051600448434328e+04 2.089088609058389193e+04 1.395394614718002267e+05 6.950169794777646530e+03 5.256677842795084871e+03 7.430758806395702777e+03 8.662712735042683562e+03 8.231187866546206351e+03 7.749930088980522669e+03 7.124821501865797472e+03 6.411423157243558308e+03 5.760000701633309291e+03 5.260757733897016806e+03 4.887895164122202914e+03 4.549887534405732367e+03 4.189034016917619738e+03 3.814954191413600711e+03 3.477014457284173659e+03 3.209871824159087282e+03 3.003512353852552224e+03 2.821473154118169077e+03 2.635282622333950712e+03 2.441955399110467170e+03 2.260065439126892670e+03 2.106656362731328954e+03 1.983298993522118963e+03
2.975159462773379346e+04 3.787182700209472387e+04 3.448830339406267012e+04 2.910880635870829428e+04 2.856862972974596050e+04 3.051950594320202799e+04 7.186438501517733675e+04 3.723324786580739310e+05 5.397263588644757692e+04 1.967212510187437147e+04 1.527785925424529705e+04 1.264173720636023791e+04 1.142311260323294118e+04 1.030945692899180358e+04 9.215621404035675369e+03 8.187823908863567340e+03 7.322631248866464375e+03 6.648333412732496072e+03 6.107517948593278561e+03 5.618864280395995593e+03 5.138182446557446383e+03 4.677659415188705680e+03 4.272313495512474219e+03 3.940283210874461474e+03 3.667828648707672073e+03 3.425298498084452604e+03 3.191331482663515089e+03 2.963271183800109611e+03 2.752300068403204932e+03 2.567193545416630514e+03 1.526764706936469520e+04 2.611415394233934785e+04 2.215456906890325627e+04 1.562608538608526214e+04 1.018596372472044823e+04 7.808900697184879391e+03 1.516202874941312984e+04 8.771799669118177553e+04 4.105226135405269815e+03 4.167214985927474117e+03 5.731076774487106377e+03 6.775613231676348732e+03 6.543083050408225972e+03 6.200995140456315312e+03 5.716444211333397107e+03 5.168956887432139411e+03 4.685698934394751632e+03 4.322545975701488715e+03 4.042975671902351678e+03 3.777115390652983479e+03 3.486254632577724806e+03 3.186597638586341418e+03 2.918092330634522114e+03 2.704638259737233511e+03 2.536881391307868398e+03 2.387183552556588893e+03 2.234946246073129259e+03 2.078478877935388482e+03 1.931333972297134096e+03 1.805586789619927913e+03
2.638277382224245230e+04 3.457149417196767172e+04 3.102791180191204330e+04 2.569839677917422159e+04 2.217882313748946035e+04 2.256721011006525805e+04 2.438327195701812161e+04 5.397263588644757692e+04 2.720076880142909940e+05 4.146923925371021323e+04 1.595905900352130629e+04 1.267171550666939947e+04 1.063802030218744767e+04 9.633101714661555889e+03 8.684706491707616806e+03 7.769695228033682724e+03 6.941181657882530999e+03 6.258873237321782653e+03 5.718172633593776482e+03 5.266050800284086108e+03 4.843018383606167845e+03 4.429174129206499856e+03 4.042244384401180469e+03 3.707953141216768017e+03 3.434491352520381042e+03 3.205767032419797943e+03 2.997107292805251745e+03 2.793437892086509237e+03 2.594493219896058690e+03 2.408567906324789874e+03 1.488453421949757467e+04 2.566806632021723635e+04 2.104331971297288692e+04 1.428238350468293538e+04 1.002488862228792641e+04 7.041806211839217212e+03 5.739776704252861236e+03 9.413914871671990113e+03 5.101233480194445292e+04 3.475512234680913025e+03 2.963769328827812387e+03 4.279870690799172735e+03 5.169924996296929748e+03 5.037813444084441471e+03 4.785853918882186917e+03 4.429789506463046564e+03 4.046749708939627453e+03 3.719358005549831432e+03 3.467676842001782461e+03 3.259128264384257818e+03 3.046629899357485556e+03 2.815143871575284720e+03 2.583981798157579760e+03 2.381499981632659001e+03 2.220511261806354923e+03 2.090156892172485641e+03 1.969700812271087216e+03 1.846273509174674018e+03 1.720977394875311802e+03 1.604067269352625317e+03
2.207947167237226677e+04 3.000600346514889679e+04 2.735760168699168571e+04 2.275696510901619331e+04 1.958369988632262903e+04 1.792883072723981240e+04 1.849208061876474312e+04 1.967212510187437147e+04 4.146923925371021323e+04 2.055583511279770755e+05 3.253715590923017589e+04 1.320285252640297767e+04 1.064484045890372545e+04 8.990817892936313001e+03 8.135891445211687824e+03 7.341899836802487698e+03 6.602973039122703995e+03 5.946869142379449841e+03 5.397642614281005081e+03 4.945176468318468324e+03 4.551696194522324731e+03 4.184138204301967562e+03 3.834702211678586536e+03 3.516003983142206380e+03 3.242175502515166954e+03 3.013291180607930073e+03 2.814259083172939427e+03 2.627202475084719936e+03 2.442570204494542850e+03 2.260332021800775237e+03 1.310002931717911270e+04 2.350826276262548345e+04 1.952914140399774624e+04 1.320045683691212798e+04 9.129280369897349374e+03 7.127371434379317179e+03 5.275939338748517912e+03 3.996882986689925929e+03 5.046548116466687134e+03 3.409610828006360680e+04 1.429468970917113438e+03 2.105490205718663674e+03 3.143945459596451201e+03 3.916426978336150114e+03 3.836182638903143015e+03 3.664584910063696043e+03 3.430390121803013699e+03 3.182668619890137506e+03 2.963696906386376213e+03 2.782111585866718087e+03 2.616963275979192986e+03 2.446737531356241107e+03 2.268773317156034409e+03 2.097405924980018426e+03 1.948802345002432958e+03 1.827212749450196270e+03 1.723052083589658878e+03 1.623239410062100433e+03 1.521291582256788843e+03 1.419124714414972004e+03
1.795322510813461849e+04 2.478688308429182871e+04 2.327680203371535754e+04 1.989422402309436438e+04 1.735315403407940175e+04 1.590392339984529099e+04 1.498863662399498571e+04 1.527785925424529705e+04 1.595905900352130629e+04 3.253715590923017589e+04 1.621435418066227576e+05 2.668012757635922753e+04 1.122696994615857147e+04 9.123486774521463303e+03 7.741234277648303760e+03 7.018445356436457587e+03 6.363126415736169292e+03 5.760880590089718680e+03 5.218773198712071462e+03 4.752428650074675716e+03 4.356461750948066765e+03 4.010746335697524955e+03 3.694441635629393659e+03 3.399992239139212415e+03 3.132344492391642234e+03 2.897328688244469049e+03 2.692629744881003717e+03 2.507133990461347821e+03 2.328238743171205442e+03 2.148340691912489547e+03 1.037286697026107868e+04 1.935491626697922038e+04 1.675665014952003548e+04 1.181774778144084303e+04 8.371656512411911535e+03 6.533984450056084825e+03 5.440145673657353655e+03 3.836429051099253229e+03 2.495036340168551760e+03 2.837975396744310729e+03 2.419587078310427023e+04 1.699588947394237493e+03 1.497197646845306281e+03 2.405411195817242969e+03 3.048457359874113536e+03 3.009867460384562946e+03 2.910332040750758097e+03 2.765534324869141528e+03 2.599100183736773943e+03 2.439021060459349428e+03 2.294512681094899563e+03 2.160464110041627464e+03 2.027202339779413933e+03 1.892657092091811592e+03 1.763772186467189385e+03 1.648489010179644083e+03 1.548596355290565953e+03 1.458556613760703840e+03 1.370864468635896628e+03 1.281472947682900212e+03
1.500542732778354548e+04 2.027958617029850575e+04 1.953527055151320383e+04 1.716015814304343075e+04 1.528120319355205902e+04 1.418235811768799613e+04 1.342089060878371311e+04 1.264173720636023791e+04 1.267171550666939947e+04 1.320285252640297767e+04 2.668012757635922753e+04 1.321888207375837374e+05 2.261320228225475876e+04 9.775738429357214045e+03 8.003780804534430899e+03 6.833968040656738594e+03 6.221997973855510281e+03 5.672034064896465679e+03 5.161021607686181596e+03 4.692015232086700053e+03 4.279727651900722776e+03 3.928005992770060402e+03 3.624477758314092171e+03 3.350149171654776183e+03 3.093965987130695339e+03 2.855444078739393717e+03 2.637716917979213576e+03 2.439885017994590271e+03 2.254041861773323035e+03 2.069490240467621334e+03 7.790822011010623100e+03 1.470320051349551068e+04 1.345033227766824166e+04 1.006847898790188628e+04 7.513659901268999420e+03 6.052188777067376577e+03 5.074151253845839165e+03 4.125179549649905312e+03 2.602997394074069689e+03 1.531757566867532660e+03 1.937865232512344846e+03 2.099387731967886066e+04 6.581171383434690370e+02 1.201078870514877963e+03 1.949517785801506307e+03 2.493193528416656136e+03 2.490456776070368505e+03 2.441156934188512423e+03 2.346128897712354956e+03 2.220778419645831491e+03 2.089854716055838253e+03 1.970026127918950351e+03 1.862394209498469536e+03 1.758430737486468388e+03 1.652627969743098220e+03 1.546998077068262546e+03 1.447158300215280178e+03 1.356362367089881673e+03 1.272140252941383096e+03 1.188913978216044825e+03
1.358704924156168090e+04 1.765210117454740248e+04 1.690115009464613104e+04 1.490304640684500737e+04 1.338020511206494120e+04 1.259230526753427330e+04 1.206838948195010744e+04 1.142311260323294118e+04 1.063802030218744767e+04 1.064484045890372545e+04 1.122696994615857147e+04 2.261320228225475876e+04 1.104084085373213748e+05 1.940706193028160124e+04 8.625751904699845909e+03 7.120752469476697115e+03 6.122679998584570967e+03 5.603065087189567748e+03 5.132062226337508037e+03 4.686395574876876708e+03 4.269545232953545565e+03 3.901367986989645033e+03 3.589077182936107874e+03 3.320663030012109630e+03 3.075574480425227193e+03 2.840281474986931244e+03 2.612914122715757003e+03 2.397144418826511355e+03 2.193413847582889503e+03 1.994745427976875590e+03 6.581677515752104227e+03 1.181789617614408780e+04 1.096078236993585233e+04 8.462174751862236008e+03 6.548899883212065106e+03 5.498091616813935616e+03 4.757173094945026605e+03 3.913039454814863348e+03 2.967339341880499887e+03 1.731456337535737930e+03 9.969457545905893312e+02 1.756198691067853815e+03 1.368086576269293073e+04 6.826353652434062269e+02 9.963511778928700551e+02 1.625436193659500077e+03 2.103536130752466306e+03 2.128978795609526969e+03 2.109426578313442405e+03 2.041125608049582752e+03 1.937980340133371556e+03 1.828395613507295366e+03 1.730831505660093399e+03 1.645506684121689887e+03 1.561730130869234017e+03 1.471697915878890171e+03 1.376490772168978992e+03 1.282520710943585982e+03 1.194283157496668537e+03 1.110059586889065940e+03
1.299773956347080093e+04 1.671813557882208625e+04 1.550183607738634964e+04 1.330726826835804604e+04 1.180022703891279161e+04 1.112300133104454289e+04 1.077860954629425942e+04 1.030945692899180358e+04 9.633101714661555889e+03 8.990817892936313001e+03 9.123486774521463303e+03 9.775738429357214045e+03 1.940706193028160124e+04 9.307236162907711696e+04 1.666808522934783832e+04 7.631911996381200879e+03 6.352638878001225748e+03 5.504276146204732868e+03 5.061233364223937315e+03 4.651698984773639495e+03 4.256324733009080774e+03 3.884450800409757903e+03 3.556697118278007110e+03 3.278114422355970419e+03 3.034562071321623989e+03 2.804626733233146297e+03 2.575237871185167933e+03 2.345584589016800237e+03 2.119903493094352598e+03 1.898390801519828983e+03 6.647279025130849732e+03 1.138350147629970888e+04 1.003542206598200210e+04 7.460301287068827151e+03 5.701504847738844546e+03 4.856887646734490772e+03 4.343337016147956092e+03 3.681821786545411669e+03 2.831193552497073142e+03 2.072598661304140478e+03 1.195946063835202040e+03 7.491602354781913391e+02 9.419980161039915174e+02 1.103147988796892605e+04 3.413093510595019211e+02 7.948232346485319795e+02 1.341148313253922652e+03 1.773444280896431565e+03 1.818192720622963861e+03 1.816115512699788269e+03 1.764208903378347031e+03 1.680344768345287321e+03 1.592390134241369879e+03 1.515514706476184301e+03 1.446905454613475285e+03 1.374683926326295932e+03 1.291626301484264559e+03 1.200068862275385072e+03 1.107000451988368468e+03 1.016548976880889882e+03
1.234649053050415932e+04 1.631038697776777190e+04 1.471743965165927511e+04 1.222543969849524728e+04 1.059583982474556251e+04 9.872326575191407755e+03 9.559223794422181527e+03 9.215621404035675369e+03 8.684706491707616806e+03 8.135891445211687824e+03 7.741234277648303760e+03 8.003780804534430899e+03 8.625751904699845909e+03 1.666808522934783832e+04 7.924223361163531081e+04 1.440929866870248588e+04 6.758455831682706958e+03 5.672372852111007887e+03 4.947597704257677833e+03 4.564196434613968449e+03 4.201367509996764966e+03 3.848380789965908662e+03 3.516502201211505053e+03 3.222339248579266496e+03 2.966721033903741954e+03 2.733959651040781864e+03 2.504248573175400452e+03 2.267034568385975035e+03 2.022610923879826260e+03 1.774432467650000490e+03 7.076677691798289743e+03 1.219793772037621238e+04 1.017316276008943532e+04 7.074265334530612563e+03 5.135079913047426089e+03 4.272747241985225628e+03 3.845600973308253288e+03 3.351332272026677856e+03 2.652163682050311763e+03 1.971735820203855837e+03 1.491522555557067335e+03 9.125212937005545655e+02 5.450079038384608339e+02 7.586328312224725323e+02 8.622105647913915163e+03 1.926915093708857398e+02 5.907045635745907930e+02 1.070154539674293119e+03 1.471839487469691676e+03 1.526953655348678240e+03 1.534200170771099010e+03 1.496444414031140241e+03 1.432170101069149041e+03 1.364373711010789293e+03 1.303108341882574678e+03 1.243343502219248421e+03 1.174495817928525412e+03 1.091819201299086444e+03 9.987656876273099442e+02 9.015040642206220127e+02
1.116892185811889067e+04 1.533462123276475177e+04 1.376738360314055717e+04 1.129313062514671765e+04 9.664075065041459311e+03 8.881202931765892572e+03 8.508957724601761583e+03 8.187823908863567340e+03 7.769695228033682724e+03 7.341899836802487698e+03 7.018445356436457587e+03 6.833968040656738594e+03 7.120752469476697115e+03 7.631911996381200879e+03 1.440929866870248588e+04 6.791601967160686036e+04 1.267428816271715186e+04 6.022131680813590719e+03 5.087633477791427140e+03 4.458559009028685068e+03 4.117144600671816079e+03 3.790057443475669970e+03 3.471176676033476724e+03 3.169174858026245602e+03 2.895061359336732494e+03 2.646145477392804423e+03 2.407531465737033614e+03 2.162788081423577751e+03 1.903768524966113546e+03 1.630543951673050287e+03 6.976694696466503956e+03 1.248962411382669961e+04 1.021872324336839847e+04 6.874934564503249931e+03 4.805703529841088312e+03 3.852557367090561456e+03 3.390813467364645021e+03 2.963245073201050218e+03 2.404857668822371124e+03 1.842388816171032204e+03 1.418171420369058751e+03 1.162415723284985688e+03 7.152230261244794747e+02 3.842378284942553819e+02 3.331736446752521488e+02 6.590836458035244505e+03 5.978958049175888334e+01 4.012532013541147080e+02 8.519354774553885363e+02 1.211188259779047712e+03 1.267752990001919443e+03 1.280436336870260220e+03 1.255006125770416020e+03 1.206634165304989892e+03 1.152064018437578397e+03 1.097065357778500356e+03 1.036741052053172552e+03 9.634965458627629005e+02 8.748497415267240740e+02 7.740284334042866021e+02
9.523674717896625225e+03 1.338271561465578634e+04 1.228527825098181165e+04 1.023968240084193530e+04 8.827984553923903150e+03 8.091509801174237509e+03 7.676859924078196855e+03 7.322631248866464375e+03 6.941181657882530999e+03 6.602973039122703995e+03 6.363126415736169292e+03 6.221997973855510281e+03 6.122679998584570967e+03 6.352638878001225748e+03 6.758455831682706958e+03 1.267428816271715186e+04 5.901967478549281077e+04 1.117816026621566562e+04 5.419075443356534379e+03 4.603536540237413647e+03 4.042200888992899309e+03 3.729003728472196144e+03 3.426633496952355927e+03 3.128832687707913465e+03 2.840228655615495427e+03 2.567342547606256630e+03 2.306574685006205982e+03 2.045540682256181299e+03 1.770767007816654996e+03 1.474946308908871515e+03 5.910379090992468264e+03 1.109234534375004478e+04 9.340350086756548990e+03 6.411397335911658956e+03 4.516835888133078697e+03 3.577543351347369480e+03 3.066508282630506983e+03 2.626439504617578677e+03 2.136698172694604182e+03 1.681106567680120634e+03 1.336975195020822866e+03 1.114802862182676108e+03 9.515178707271732037e+02 5.437004206820744230e+02 2.064772681863463788e+02 -5.990441191431698620e+00 5.707104223284539330e+03 -9.226251221599707719e+01 2.926857334050769168e+02 6.839732093438436777e+02 1.005427108110329186e+03 1.058492719676954493e+03 1.073479400077085302e+03 1.054961565314995369e+03 1.013567381275256935e+03 9.610300557100165406e+02 9.015163998058433208e+02 8.319889150449114368e+02 7.473663985297738463e+02 6.458475447806713419e+02
8.051179593397035205e+03 1.112261556327455037e+04 1.053797496497922475e+04 9.074704113946878351e+03 7.986526369640709163e+03 7.394021031682324974e+03 7.017659091168266968e+03 6.648333412732496072e+03 6.258873237321782653e+03 5.946869142379449841e+03 5.760880590089718680e+03 5.672034064896465679e+03 5.603065087189567748e+03 5.504276146204732868e+03 5.672372852111007887e+03 6.022131680813590719e+03 1.117816026621566562e+04 5.187565901632013265e+04 9.986424130946335936e+03 4.929216485928411203e+03 4.195341025646877824e+03 3.680816152578395759e+03 3.383734315319356028e+03 3.092350261079802294e+03 2.798571569271889985e+03 2.503905637140840554e+03 2.213080106297678867e+03 1.923475330980621038e+03 1.624873422553081127e+03 1.305102583637314183e+03 4.538591472219115531e+03 8.635985438948740921e+03 7.688065521270953468e+03 5.598832226513024580e+03 4.123603939965156314e+03 3.340939950256081829e+03 2.856701623429657957e+03 2.398957472363360012e+03 1.919866264109377880e+03 1.516873238513842352e+03 1.240693635260554174e+03 1.068868131950295265e+03 9.280470233031314820e+02 7.671883363850672595e+02 3.729629501310116666e+02 6.356793855443786612e+01 1.435235069772341276e+01 3.008251675577988863e+03 -8.841941582715271863e+01 2.135561622244648277e+02 5.621623071432989036e+02 8.470473744589274929e+02 8.936568448994891014e+02 9.059576118114048313e+02 8.858540374309882282e+02 8.404061509219715163e+02 7.790895886755251922e+02 7.064423375558716316e+02 6.209672817755019878e+02 5.184541203318973430e+02
7.140445377068481321e+03 9.471284982744547960e+03 9.097881658011277977e+03 8.006865975854554563e+03 7.163717610042276647e+03 6.719929289904903271e+03 6.436730160513124247e+03 6.107517948593278561e+03 5.718172633593776482e+03 5.397642614281005081e+03 5.218773198712071462e+03 5.161021607686181596e+03 5.132062226337508037e+03 5.061233364223937315e+03 4.947597704257677833e+03 5.087633477791427140e+03 5.419075443356534379e+03 9.986424130946335936e+03 4.616584831902319274e+04 8.976479455695582146e+03 4.492789218730091306e+03 3.819649306704606715e+03 3.336592365066365346e+03 3.042333741063260277e+03 2.746025761434278138e+03 2.438173917466643161e+03 2.119197205342678444e+03 1.793821759090631986e+03 1.460397068219819630e+03 1.109578575192821972e+03 3.600344668642764645e+03 6.600001485734632297e+03 6.122764250069776608e+03 4.714543157629679627e+03 3.641079850924430957e+03 3.060501297451668961e+03 2.675889389807386578e+03 2.251627328037864572e+03 1.776277888950078932e+03 1.383981802482107469e+03 1.136956167956209811e+03 1.006783798706262814e+03 9.033862784471891700e+02 7.628688821349314821e+02 5.882218921405095671e+02 2.295997448473927136e+02 -1.641172678829936160e+01 -2.687563226164793377e+02 3.414929858596753547e+03 -2.796863456892663180e+02 1.552265569927486126e+02 4.607870832583345759e+02 7.102354302745947052e+02 7.466222716021749193e+02 7.496939767793747933e+02 7.191314003297690078e+02 6.603900722892519752e+02 5.825058294727820112e+02 4.904551003797387239e+02 3.830994138234482875e+02
6.761868696302930402e+03 8.735464571781285485e+03 8.287507132122736948e+03 7.231249979336615070e+03 6.452047139170221271e+03 6.079839335809892873e+03 5.876776944024089971e+03 5.618864280395995593e+03 5.266050800284086108e+03 4.945176468318468324e+03 4.752428650074675716e+03 4.692015232086700053e+03 4.686395574876876708e+03 4.651698984773639495e+03 4.564196434613968449e+03 4.458559009028685068e+03 4.603536540237413647e+03 4.929216485928411203e+03 8.976479455695582146e+03 4.122410306371842307e+04 8.106270043440285008e+03 4.069493593618003615e+03 3.437773584627610035e+03 2.968182658491838083e+03 2.661745957220832679e+03 2.343767429513833122e+03 2.004777181071318864e+03 1.645458670252436150e+03 1.270669618027498018e+03 8.788307051878070979e+02 3.341499466878613021e+03 5.795240698012505163e+03 5.341636509431022205e+03 4.110351333737820823e+03 3.200886897192626748e+03 2.745817599435744341e+03 2.465167444427576356e+03 2.117540536320854699e+03 1.677713825126693791e+03 1.291224741065826038e+03 1.046123168046468436e+03 9.299490173866030318e+02 8.577634420151298400e+02 7.508616436404787464e+02 5.958265466423149519e+02 4.326907791783543189e+02 1.362280619901406453e+02 -8.097620632202769286e+01 -1.953911313739941420e+02 2.599280195548977645e+03 -2.709738995353621931e+02 8.579718039206115066e+01 3.513014004004797926e+02 5.675843361825400279e+02 5.887569775201490074e+02 5.756880103300313749e+02 5.271705974207573036e+02 4.483695794559335468e+02 3.480868056112161071e+02 2.309817415962000950e+02
6.671065231129641688e+03 8.740588545438906294e+03 8.000453148654597499e+03 6.757273496323106883e+03 5.909501311460338911e+03 5.520691163762774522e+03 5.340649024202197324e+03 5.138182446557446383e+03 4.843018383606167845e+03 4.551696194522324731e+03 4.356461750948066765e+03 4.279727651900722776e+03 4.269545232953545565e+03 4.256324733009080774e+03 4.201367509996764966e+03 4.117144600671816079e+03 4.042200888992899309e+03 4.195341025646877824e+03 4.492789218730091306e+03 8.106270043440285008e+03 3.684872390885106870e+04 7.293750661441144985e+03 3.622594602605570799e+03 3.011537248986076520e+03 2.539617153673738358e+03 2.204745536259146320e+03 1.848464465694527007e+03 1.462449754507192210e+03 1.047806161393744333e+03 6.088378094162062553e+02 3.695607033761555158e+03 6.302509293053182773e+03 5.403686087027032045e+03 3.904583425025510223e+03 2.916112702005748361e+03 2.462197821074072635e+03 2.228268511056725401e+03 1.953224432816430181e+03 1.575770217679680627e+03 1.217731543480069377e+03 9.745899954727301520e+02 8.544803417634727793e+02 7.916675606484905074e+02 7.134546102876203122e+02 5.893910562277505960e+02 4.431369241869040820e+02 3.168644982371563401e+02 7.034218838138500018e+01 -9.822868198963632835e+01 -2.113290139414229429e+02 1.641689337563904246e+03 -3.170979035614207646e+02 -8.788701897016583331e+00 2.202693178422897518e+02 3.987393736758488103e+02 3.988810404566785337e+02 3.630583959773638298e+02 2.903245242923676983e+02 1.858325494140128740e+02 5.760283197511421349e+01
6.374522616402383392e+03 8.685568378512230993e+03 7.807544700822058985e+03 6.415432832479537865e+03 5.502499347053886595e+03 5.070517024253002091e+03 4.865473723350713044e+03 4.677659415188705680e+03 4.429174129206499856e+03 4.184138204301967562e+03 4.010746335697524955e+03 3.928005992770060402e+03 3.901367986989645033e+03 3.884450800409757903e+03 3.848380789965908662e+03 3.790057443475669970e+03 3.729003728472196144e+03 3.680816152578395759e+03 3.819649306704606715e+03 4.069493593618003615e+03 7.293750661441144985e+03 3.316652214936962991e+04 6.480326410172914620e+03 3.125579339624157910e+03 2.518272353511351866e+03 2.025361510023751180e+03 1.645004446654616459e+03 1.234087649600019176e+03 7.855837408613574553e+02 3.003992504089949875e+02 3.905333441787266565e+03 6.938455376845439787e+03 5.724285435832189251e+03 3.902239545076649847e+03 2.774901285905326404e+03 2.260167502847496507e+03 2.010103629981132144e+03 1.767669947528384000e+03 1.448998182875562179e+03 1.138447996970623990e+03 9.151953767398401851e+02 7.930439632969466857e+02 7.250788124475752738e+02 6.564464538912684475e+02 5.589209987261353945e+02 4.387721213298025305e+02 3.248771464045207722e+02 2.347517887558254301e+02 2.556143204891337106e+01 -1.427783367782093933e+02 -3.372640840573837409e+02 8.691037064060856210e+02 -4.897400815379005508e+02 -1.292722264136084789e+02 5.614760536819193248e+01 1.953634534400644327e+02 1.679718509693327633e+02 1.030548590960982125e+02 2.988376686228815804e-01 -1.355878943619574670e+02
5.806265481430926229e+03 8.129595894372604562e+03 7.342048463211227499e+03 6.024030009335823706e+03 5.145204593444726925e+03 4.707868623359545381e+03 4.475100114327120536e+03 4.272313495512474219e+03 4.042244384401180469e+03 3.834702211678586536e+03 3.694441635629393659e+03 3.624477758314092171e+03 3.589077182936107874e+03 3.556697118278007110e+03 3.516502201211505053e+03 3.471176676033476724e+03 3.426633496952355927e+03 3.383734315319356028e+03 3.336592365066365346e+03 3.437773584627610035e+03 3.622594602605570799e+03 6.480326410172914620e+03 2.975944548491292153e+04 5.666719209106347989e+03 2.560548312937008177e+03 1.935560156110860817e+03 1.401947622921396032e+03 9.593796724889016332e+02 4.780569803386507033e+02 -4.847195020950636746e+01 3.701952769452979737e+03 6.833416775113091717e+03 5.652142529859685965e+03 3.821363506076928843e+03 2.674468588662591173e+03 2.130058095107707231e+03 1.847032518762748168e+03 1.598427771372820644e+03 1.311714668538953447e+03 1.046054396281649588e+03 8.557285706318301663e+02 7.453166412086020500e+02 6.734275028215051861e+02 6.010625030321714348e+02 5.132531397319846747e+02 4.150854994846666841e+02 3.206525172070597591e+02 2.380327804603647621e+02 1.632888258215522796e+02 -3.803835224118653002e+01 -2.178849934553375931e+02 -4.789570807399451837e+02 7.398138151051955447e+02 -5.792710411324419510e+02 -2.854896437579968165e+02 -1.419441803395263264e+02 -4.779880062842092769e+01 -1.090151904250539303e+02 -2.087883319059185681e+02 -3.472909727039692598e+02
5.082928350143090938e+03 7.127351862150848319e+03 6.579161644146057370e+03 5.513553979809716111e+03 4.771374983587244969e+03 4.384218156776188152e+03 4.155606251372282713e+03 3.940283210874461474e+03 3.707953141216768017e+03 3.516003983142206380e+03 3.399992239139212415e+03 3.350149171654776183e+03 3.320663030012109630e+03 3.278114422355970419e+03 3.222339248579266496e+03 3.169174858026245602e+03 3.128832687707913465e+03 3.092350261079802294e+03 3.042333741063260277e+03 2.968182658491838083e+03 3.011537248986076520e+03 3.125579339624157910e+03 5.666719209106347989e+03 2.673252103540367170e+04 4.794391188964210414e+03 1.899443692083926635e+03 1.235616636615340440e+03 6.431277587233986424e+02 1.225350110981967617e+02 -4.447181997113506782e+02 3.098357241656800397e+03 5.863940662478018567e+03 5.013984109119784989e+03 3.508551005713436098e+03 2.518014464917964688e+03 2.019856547598104953e+03 1.733911337184250442e+03 1.472128103461081537e+03 1.191602369332832041e+03 9.519554046212923595e+02 7.912086985330402058e+02 7.013739135700362795e+02 6.363333571961920825e+02 5.604803841525356347e+02 4.703265854875639889e+02 3.796102470648482381e+02 3.005535691021393063e+02 2.307517519618507436e+02 1.593391381511415261e+02 7.826561217264844572e+01 -1.312029313489455831e+02 -3.229603255442001455e+02 -5.919373873751428619e+02 5.102251526957834926e+02 -7.792239175824732911e+02 -4.763113891845565036e+02 -3.863307731652491839e+02 -3.382125201671678383e+02 -4.387108728886275344e+02 -5.787555020390292384e+02
4.468785607489304311e+03 6.086529339893146243e+03 5.760507596648658364e+03 4.964535277191107525e+03 4.375344061756091833e+03 4.065458024936518541e+03 3.872618929430400385e+03 3.667828648707672073e+03 3.434491352520381042e+03 3.242175502515166954e+03 3.132344492391642234e+03 3.093965987130695339e+03 3.075574480425227193e+03 3.034562071321623989e+03 2.966721033903741954e+03 2.895061359336732494e+03 2.840228655615495427e+03 2.798571569271889985e+03 2.746025761434278138e+03 2.661745957220832679e+03 2.539617153673738358e+03 2.518272353511351866e+03 2.560548312937008177e+03 4.794391188964210414e+03 2.401570823721421766e+04 3.853998737359142069e+03 1.109374373248761231e+03 3.870310441748887342e+02 -2.816279965438495196e+02 -8.956525996057750945e+02 2.458673561784461526e+03 4.589594935478147818e+03 4.123640448997086423e+03 3.050484127417300442e+03 2.286292014372140329e+03 1.887576825093414300e+03 1.638776849867763076e+03 1.384527589120906896e+03 1.104872479477140359e+03 8.728773033326867790e+02 7.271163208166315144e+02 6.540873773654666365e+02 6.026118443534296603e+02 5.319718515533170375e+02 4.390363956093955835e+02 3.452696069737926337e+02 2.691353408065651820e+02 2.082174558860020852e+02 1.445202001668644414e+02 6.366428744509624948e+01 -3.736047832177354167e+01 -2.567134163437001462e+02 -4.556989679535800519e+02 -6.902535420551253083e+02 7.598618251937351431e+01 -8.704906578063612415e+02 -7.281624657088111690e+02 -6.828055855041084214e+02 -6.870743172413694992e+02 -8.319323266775847969e+02
4.115820271383801810e+03 5.422369221699055743e+03 5.164898042795446599e+03 4.504183584469241396e+03 4.003975936393385382e+03 3.749902222582378272e+03 3.600230386603179795e+03 3.425298498084452604e+03 3.205767032419797943e+03 3.013291180607930073e+03 2.897328688244469049e+03 2.855444078739393717e+03 2.840281474986931244e+03 2.804626733233146297e+03 2.733959651040781864e+03 2.646145477392804423e+03 2.567342547606256630e+03 2.503905637140840554e+03 2.438173917466643161e+03 2.343767429513833122e+03 2.204745536259146320e+03 2.025361510023751180e+03 1.935560156110860817e+03 1.899443692083926635e+03 3.853998737359142069e+03 2.134738694210710673e+04 2.798257347247959842e+03 1.536823125175369000e+02 -6.446995005808903443e+02 -1.406010286201790677e+03 2.106358368935384533e+03 3.753623594993302504e+03 3.459467536277655199e+03 2.648578758560120150e+03 2.042606728744754264e+03 1.729617185306579358e+03 1.534636867856728713e+03 1.311142430288688956e+03 1.044426187057619700e+03 8.156029180819118665e+02 6.717509209148514628e+02 6.042321224723411888e+02 5.630940258100963547e+02 5.032162445197827196e+02 4.143898121996306259e+02 3.168302396521178821e+02 2.348790541158062695e+02 1.723332071345200802e+02 1.129368909340253992e+02 3.630733262982919030e+01 -6.696787460005420201e+01 -1.893637935616122263e+02 -4.179309730180296469e+02 -6.247999214818671589e+02 -8.845639269355003762e+02 -1.094512852090576303e+02 -1.236007594806032102e+03 -1.036752356379317007e+03 -1.048761129024140700e+03 -1.108343945197804032e+03
