1.662874503314141631e+08 1.406236175810391828e+07 4.293360334209505818e+05 -1.293825002932797652e+05 -1.639508590951809019e+05 -1.302444046135540993e+05 -1.217376891261956189e+05 -9.572257404174310795e+04 -4.271188238775036007e+04 -2.850153883650627904e+03 7.449460471100534960e+03 -1.212614917578609129e+04 -3.136507184138072262e+04 -3.002979864427518987e+04 -9.144566182697404656e+03 1.546949274582189537e+04 2.125385890209081845e+04 8.296709968341721833e+03 -7.863730016119578067e+03 -1.654678133041109686e+04 -7.009794811582323746e+03 6.848668285702389767e+03 1.529767468492031003e+04 1.221514277826569014e+04 2.209048971475017424e+03 -5.958082777795523725e+03 -5.512449807136661548e+03 8.596207310285810763e+02 7.469574103002785705e+03 8.992883195462942240e+03 9.847176590184423327e+07 2.520721106624056026e+07 3.035493142092001624e+06 6.126201768100862391e+05 1.497978853536391689e+05 1.139106242132036714e+05 8.034097805871584569e+04 7.630364062095909321e+04 1.079475486264617648e+05 1.268130487153241702e+05 1.154673083807915100e+05 7.183459550151889562e+04 3.471627301044845080e+04 2.868915931531207752e+04 5.037025675338636211e+04 7.748027778564208711e+04 7.821216093607015500e+04 5.346363803666837339e+04 2.581486421484757375e+04 1.004355597526612473e+04 2.154371790488986881e+04 3.922130302892659529e+04 4.890452386954124813e+04 4.175160605856920301e+04 2.479168535309733852e+04 1.103822343479469237e+04 1.045267097676924459e+04 1.878526085461572802e+04 2.745220656093045545e+04 2.850397584270830703e+04
1.406236175810391828e+07 5.591210622825075686e+07 3.419904941175847780e+06 -1.610870608250156511e+05 -2.179886775944022811e+05 -2.355177164778653532e+05 -2.333737696694278275e+05 -1.873572397482307279e+05 -7.992693496045999927e+04 8.835115012804035359e+03 2.977205381099943042e+04 -1.503178523610586490e+04 -6.379435734830683214e+04 -6.545555420886768843e+04 -1.943981300809687673e+04 3.603966798864820885e+04 5.203622638211060257e+04 2.374807055665803637e+04 -1.580736495161573112e+04 -3.605301544992146955e+04 -1.767823536660403624e+04 1.518746558124479270e+04 3.529512890612929186e+04 2.959084517927164416e+04 6.567274872203975974e+03 -1.275664516397580155e+04 -1.317523186725046980e+04 1.273479878843185816e+03 1.670236475553473429e+04 2.107585500036431040e+04 1.059264731334779412e+07 4.392555459182064235e+07 6.943059885511756875e+06 1.384324311808923725e+06 6.037049110505566932e+05 3.207737976314550033e+05 2.294834063121579238e+05 2.095800655087201740e+05 2.713572433256164659e+05 3.182476168185507413e+05 2.913672003092863597e+05 1.923797841850401019e+05 1.001730883143755200e+05 7.921140608476279886e+04 1.262338841383403633e+05 1.867978079991226550e+05 1.924315827274084440e+05 1.374974248763627547e+05 6.994641371124092257e+04 3.308983234423905378e+04 5.362478266229023575e+04 9.541829314187602722e+04 1.182765249170617317e+05 1.036028288939257036e+05 6.434569260083316476e+04 3.172017404175258343e+04 2.790520020256028511e+04 4.646530358363286359e+04 6.643251551378806471e+04 6.994280552965382230e+04
4.293360334209505818e+05 3.419904941175847780e+06 1.569279064113603160e+07 8.219458403395751957e+05 -1.424407845182227902e+05 -1.669944788511084043e+05 -1.843657839024736022e+05 -1.478590960168539314e+05 -7.130316591992633766e+04 -1.866093896279309547e+03 1.966186080041657260e+04 -5.362863430219534166e+03 -3.858888768305281701e+04 -4.308863420121220406e+04 -1.418236398891773206e+04 2.268029465825290390e+04 3.661239249944910989e+04 2.084404272285888874e+04 -5.866444633643148336e+03 -2.003621845191887041e+04 -1.087585907887830581e+04 1.032061134577966368e+04 2.466298492930701468e+04 2.229833542016427236e+04 7.902729792041806832e+03 -5.195245951730013985e+03 -6.871893123301057130e+03 1.779115391022639869e+03 1.194878478731759969e+04 1.577142405124841025e+04 4.624016104529591976e+05 3.636743311965444591e+06 1.189716290013202280e+07 1.953718318538899999e+06 5.837060956381415017e+05 3.356490654484573752e+05 2.044486185204582289e+05 1.828878223679842777e+05 2.131783898805002100e+05 2.460686679016292037e+05 2.315857320783789619e+05 1.689704831393283093e+05 1.033447659692902525e+05 8.026007748496418935e+04 1.044210891013289074e+05 1.407955922371657798e+05 1.472425969566653366e+05 1.142175920418015448e+05 6.779282828949767281e+04 4.100731534214739804e+04 4.839617840075075219e+04 7.364402066718682181e+04 8.929873561635604710e+04 8.113687481835839571e+04 5.608499726805480896e+04 3.356438797170424368e+04 2.825051382511383417e+04 3.841917882626561914e+04 5.098684996219701134e+04 5.435166198348894250e+04
-1.293825002932797652e+05 -1.610870608250156511e+05 8.219458403395751957e+05 4.834452794428111985e+06 2.330112021305779344e+05 -9.382865468204880017e+04 -1.072884890147997648e+05 -9.296800545289542060e+04 -4.969547010881012102e+04 -1.027774293733227751e+04 6.455433265209519959e+03 -8.844611187434148860e+02 -1.505912372324063836e+04 -1.846787648609038297e+04 -6.767562531773795854e+03 9.963372218817481553e+03 1.795312917620808003e+04 1.287543834119267922e+04 1.493395061362593424e+03 -5.689350771114412055e+03 -3.051045745679687570e+03 5.519997216389727328e+03 1.234734741679835497e+04 1.223602626979624620e+04 6.491436610452900823e+03 5.441976842644461385e+02 -9.860106264019394757e+02 2.108486571887665377e+03 6.514430880925052406e+03 8.686522505139750137e+03 2.415835494367400242e+05 6.798754901360663353e+05 1.292727307176369708e+06 3.605653898038287647e+06 6.503756996153350919e+05 2.453893667318696971e+05 1.562509437867223169e+05 1.179113509648227191e+05 1.265661932852991158e+05 1.391762375854264246e+05 1.350053933911782806e+05 1.088288479500919348e+05 7.778596011661915691e+04 6.181202214753208682e+04 6.650917094877612544e+04 7.942392828258243389e+04 8.259224396579302265e+04 6.965193413368590700e+04 4.898357243664910493e+04 3.469644194584576326e+04 3.444075300172038260e+04 4.296377215463070752e+04 4.958407153340247169e+04 4.680182329994706379e+04 3.631024381270942104e+04 2.573402110032836572e+04 2.165152591062612191e+04 2.442051452951275860e+04 2.931014683579299162e+04 3.116087827509808631e+04
-1.639508590951809019e+05 -2.179886775944022811e+05 -1.424407845182227902e+05 2.330112021305779344e+05 1.774680069486410590e+06 7.835641475765242649e+04 -6.412308357487308967e+04 -5.744094995575743087e+04 -3.570700022724314476e+04 -1.252276158616973044e+04 -8.025698624244437269e+02 -8.523959288573432787e+02 -5.586955737896552819e+03 -7.096493112324211324e+03 -2.711308429143248759e+03 4.311827214635777636e+03 8.441697552330278995e+03 7.442487553233045219e+03 3.304837699003815942e+03 3.457399650965883353e+01 3.513516987486350445e+02 3.318647611662700911e+03 6.145682998152135042e+03 6.600557588374160332e+03 4.667703379661328654e+03 2.239898242966583894e+03 1.231830733028355098e+03 2.058232866871707301e+03 3.711224925421726766e+03 4.753208910665885924e+03 1.682698535934544052e+05 4.762005084815772716e+05 4.221495364390075556e+05 4.963191821002624347e+05 1.259779451880833600e+06 2.688069015843764646e+05 1.136071343096940254e+05 8.473771048722615524e+04 7.600169285947288154e+04 7.964838903697422938e+04 7.807067006935962127e+04 6.850730022482798086e+04 5.530544133128167596e+04 4.592028439323710336e+04 4.389583842896869464e+04 4.638257909066820866e+04 4.693354823469454277e+04 4.220389450148178730e+04 3.388839867692554981e+04 2.679803074800833565e+04 2.452301834660376335e+04 2.612844236154990722e+04 2.803610062996256602e+04 2.713476060729783785e+04 2.316276336943170463e+04 1.855433770895751877e+04 1.592846175940901230e+04 1.595279368239788892e+04 1.731547875335711433e+04 1.799194222757095122e+04
-1.302444046135540993e+05 -2.355177164778653532e+05 -1.669944788511084043e+05 -9.382865468204880017e+04 7.835641475765242649e+04 8.657935707187391818e+05 2.619527337405206708e+04 -4.057420749307207006e+04 -2.668766243684092842e+04 -1.284667040398479548e+04 -4.045709693015143330e+03 -1.972715918162122762e+03 -2.753356641218521872e+03 -2.823953095575292537e+03 -7.452294536885334537e+02 2.386549635005620985e+03 4.498971818028771850e+03 4.622288623929202004e+03 3.252274135889520949e+03 1.853730188073654062e+03 1.638365544288218643e+03 2.524537122862363503e+03 3.627227803001001121e+03 4.000285419555700628e+03 3.439177558855887582e+03 2.478557081387082690e+03 1.887424869175540607e+03 1.986419005656649688e+03 2.529432022072488508e+03 2.960133544026403797e+03 1.263760780415748304e+05 3.395152851651153760e+05 3.044263382208008552e+05 2.038662017566559371e+05 2.227645896546497825e+05 6.015933911010433221e+05 1.386507870801140089e+05 6.794260455100532272e+04 5.823191100202596135e+04 5.369400628496838908e+04 5.231312784432616172e+04 4.834884605189309514e+04 4.277903793811510695e+04 3.742390951611974742e+04 3.407160155487489828e+04 3.267150871414456560e+04 3.156272873459366383e+04 2.932916956180001580e+04 2.574995387240434866e+04 2.209420337865229521e+04 1.977094308818863647e+04 1.898926358100477955e+04 1.889406674824099537e+04 1.826582866571863997e+04 1.664995384252621443e+04 1.453339040827135977e+04 1.286216670719702961e+04 1.213195571007351828e+04 1.211637313481440287e+04 1.209110911863263755e+04
-1.217376891261956189e+05 -2.333737696694278275e+05 -1.843657839024736022e+05 -1.072884890147997648e+05 -6.412308357487308967e+04 2.619527337405206708e+04 4.856647269337604521e+05 1.035694599111255957e+04 -1.971453041593922535e+04 -9.816167258941848559e+03 -4.612812549260208471e+03 -2.501491075229072067e+03 -1.735804424621543603e+03 -5.741025097777948076e+02 1.073067309576105572e+03 2.550038917432760172e+03 3.269256783791889120e+03 3.322616388220716999e+03 2.973178715425272458e+03 2.616839370347550357e+03 2.528263289547470777e+03 2.639840057601026274e+03 2.820835517594524390e+03 2.870641411175123721e+03 2.716130448884403449e+03 2.446971685465910014e+03 2.215857682123290942e+03 2.125558359084667245e+03 2.158878457690851974e+03 2.181702449083298234e+03 9.064320389765503933e+04 2.440161459177052602e+05 2.165800841058187652e+05 1.500049407864519162e+05 1.028029010943839676e+05 1.231956427727056289e+05 3.324986016422478133e+05 8.494670075836422620e+04 5.067934719637200760e+04 4.544954248305653164e+04 4.038061078923723835e+04 3.759326182211088599e+04 3.514040293736018066e+04 3.274477314727194607e+04 3.008316279622943694e+04 2.738216271429861808e+04 2.488579786653837800e+04 2.285025770555377676e+04 2.100135200131207239e+04 1.922986488227334485e+04 1.757581754959063983e+04 1.610563912509367765e+04 1.495502450697795575e+04 1.400595905648064581e+04 1.308759349814500092e+04 1.213115680089633679e+04 1.119157467486614041e+04 1.039405356075572672e+04 9.791207226341532078e+03 9.260046171905803931e+03
-9.572257404174310795e+04 -1.873572397482307279e+05 -1.478590960168539314e+05 -9.296800545289542060e+04 -5.744094995575743087e+04 -4.057420749307207006e+04 1.035694599111255957e+04 2.837275849690657924e+05 1.066311932348175105e+04 -5.220517090424637900e+03 -2.242070381954948061e+03 -1.877832154858027934e+03 -8.515997597964526449e+02 9.876584919245688070e+02 2.831284294199732358e+03 3.643110264360583642e+03 3.402266889908820303e+03 2.937801333368538508e+03 2.772749663905213310e+03 2.961850721085917939e+03 3.173147942030427657e+03 3.089092016174616219e+03 2.773414069539117008e+03 2.447282264479114019e+03 2.293793236305486062e+03 2.309527533042321011e+03 2.352355551426505372e+03 2.283656729517933854e+03 2.097446340467105074e+03 1.856405482942751860e+03 8.635495178696082439e+04 2.235487600072646455e+05 1.938092966065826186e+05 1.263311648337419319e+05 8.647852135993215779e+04 6.761298367650486762e+04 8.085505090659738926e+04 1.954650141709845047e+05 5.822506166599877906e+04 3.962925464777770685e+04 3.423880704933508241e+04 2.943823117015849857e+04 2.797705985571761994e+04 2.754231630997526736e+04 2.649414120192015616e+04 2.402351341503085496e+04 2.081618887007013109e+04 1.825893320764583041e+04 1.678668981144277495e+04 1.606925264116104699e+04 1.530980480510775669e+04 1.403383525098297832e+04 1.248492858282410089e+04 1.112539984967664350e+04 1.025750178502417657e+04 9.799486690796384210e+03 9.430908585392829991e+03 8.876727508758207478e+03 8.131298199791328443e+03 7.315301895737065934e+03
-4.271188238775036007e+04 -7.992693496045999927e+04 -7.130316591992633766e+04 -4.969547010881012102e+04 -3.570700022724314476e+04 -2.668766243684092842e+04 -1.971453041593922535e+04 1.066311932348175105e+04 1.661784894472306478e+05 1.174059242305219959e+04 6.001518963612056723e+01 -3.416603553993330138e+02 -8.419174566421304462e+01 1.695185283800932666e+03 3.461893416237854581e+03 4.065182010911552425e+03 3.499960592049330444e+03 2.776336110475899659e+03 2.537600831445302902e+03 2.837853739857625897e+03 3.164668758310925114e+03 3.077337794833467342e+03 2.633736165114352843e+03 2.152232880927557744e+03 1.936198496093617450e+03 2.006743836840134918e+03 2.141603382856311327e+03 2.118571610482759752e+03 1.893549646661997940e+03 1.578534968372726780e+03 1.170514208542056585e+05 2.840547128489464521e+05 2.229576257966608391e+05 1.336942293687243073e+05 8.249319131029727578e+04 6.239389682540095237e+04 5.343188528907089494e+04 5.784760554721117660e+04 1.120069513842437882e+05 3.894607120577697788e+04 2.661662736320497788e+04 2.232938142011337914e+04 2.021994129901807173e+04 2.058745929942107614e+04 2.068527991829904931e+04 1.919219486874410359e+04 1.637670400896937463e+04 1.383292538028715717e+04 1.241361308517224825e+04 1.207615104164027434e+04 1.188395063948754614e+04 1.107533508602454094e+04 9.722933047709684615e+03 8.349681357880899668e+03 7.482118588945408192e+03 7.182956082947232062e+03 7.087998523184902297e+03 6.794657742351684647e+03 6.182795710291597061e+03 5.393106642939170342e+03
-2.850153883650627904e+03 8.835115012804035359e+03 -1.866093896279309547e+03 -1.027774293733227751e+04 -1.252276158616973044e+04 -1.284667040398479548e+04 -9.816167258941848559e+03 -5.220517090424637900e+03 1.174059242305219959e+04 9.951985260836809175e+04 9.082532855407564057e+03 5.173576519796365574e+02 5.244737878304287051e+02 1.574395607711139746e+03 2.960542969488958079e+03 3.437334961117601779e+03 3.001954512551587413e+03 2.415627056145825009e+03 2.194389594349701383e+03 2.405867643736697573e+03 2.641429440122310552e+03 2.549071382113833806e+03 2.171421143094922627e+03 1.763484651952950117e+03 1.572918207053839069e+03 1.622411049269387604e+03 1.725962309770890670e+03 1.698297124021767559e+03 1.505521760640584489e+03 1.241401376894024452e+03 1.338227240477253799e+05 3.278999869333748939e+05 2.533425809367634356e+05 1.443372523204840254e+05 8.425094084566805395e+04 5.862126035070899525e+04 4.911814382548473077e+04 4.191892150414035859e+04 3.914843651944423618e+04 6.630536875362589490e+04 2.375438319922854862e+04 1.580962857318233728e+04 1.426664954972877604e+04 1.413486694957841610e+04 1.456092339631314644e+04 1.381487061329991229e+04 1.192172119214484337e+04 1.000656214738255221e+04 8.833849881887574156e+03 8.542023236261646161e+03 8.466441979431543587e+03 7.962696851130074720e+03 7.001430037092123712e+03 5.947597403727102574e+03 5.239809316073375157e+03 4.989868756631267388e+03 4.939811167663239758e+03 4.759837370589984857e+03 4.328729557205229867e+03 3.730108048077301646e+03
7.449460471100534960e+03 2.977205381099943042e+04 1.966186080041657260e+04 6.455433265209519959e+03 -8.025698624244437269e+02 -4.045709693015143330e+03 -4.612812549260208471e+03 -2.242070381954948061e+03 6.001518963612056723e+01 9.082532855407564057e+03 6.365199791839446698e+04 6.088452199596751598e+03 6.605904434578253586e+02 1.274534772041879478e+03 2.042155979031328116e+03 2.411592337659069017e+03 2.201136375775341094e+03 1.907599119521095645e+03 1.807917853632654897e+03 1.930682968239472757e+03 2.015040833518048657e+03 1.881378985541559359e+03 1.598109856064334963e+03 1.336306257043505639e+03 1.233243465611190913e+03 1.271338115983336820e+03 1.313656989004550269e+03 1.252274690885850760e+03 1.088371658534443213e+03 9.006239934529046423e+02 1.200558959784081380e+05 2.973598121621134924e+05 2.357512492899140925e+05 1.377939811135222553e+05 8.067479717729038384e+04 5.528703141407638032e+04 4.350902765890915907e+04 3.625727987497829599e+04 2.773122075006971136e+04 2.386821935999405832e+04 3.958952573734213365e+04 1.413177957671511285e+04 1.002173691255242193e+04 9.857315788257488748e+03 9.828126008914205158e+03 9.462423426690844281e+03 8.362954099871625658e+03 7.200477671502092562e+03 6.398803380265970191e+03 6.098937146249219950e+03 5.928274079605281258e+03 5.523891491678032253e+03 4.873754292943310247e+03 4.183511323579981763e+03 3.706987565614429968e+03 3.503023490154725096e+03 3.412079485850253150e+03 3.240677847580178423e+03 2.923103864153779796e+03 2.511499628545327141e+03
-1.212614917578609129e+04 -1.503178523610586490e+04 -5.362863430219534166e+03 -8.844611187434148860e+02 -8.523959288573432787e+02 -1.972715918162122762e+03 -2.501491075229072067e+03 -1.877832154858027934e+03 -3.416603553993330138e+02 5.173576519796365574e+02 6.088452199596751598e+03 4.472784086927508179e+04 4.873555471676763773e+03 1.363489174379162478e+03 1.770953192104108894e+03 1.798323087839801246e+03 1.653121386030912845e+03 1.568922801654822706e+03 1.639640924697726405e+03 1.760351825828817255e+03 1.716723132529687064e+03 1.471821220282154627e+03 1.184765919907335956e+03 1.015374729233274365e+03 1.013767016252382859e+03 1.088376924912080995e+03 1.094063337747773858e+03 9.774543327662256615e+02 7.939230191477640801e+02 6.399379721855161733e+02 7.482751548231489141e+04 1.959073896755200694e+05 1.709808693678196869e+05 1.099295211087518255e+05 6.969088250041371793e+04 4.998066694150412513e+04 3.940492181937411078e+04 3.098588874000866053e+04 2.316749322904920700e+04 1.634163457054175888e+04 1.441438208255340214e+04 2.496982618066154828e+04 9.866055336955272651e+03 7.498072530297452431e+03 7.397469402231645290e+03 6.860805314886816632e+03 6.151270843826754572e+03 5.468003676379717945e+03 5.000107320758375863e+03 4.753133424335208474e+03 4.480886251755311605e+03 4.030643648406475222e+03 3.491116832405573405e+03 3.020832729683048910e+03 2.738573141401680004e+03 2.612251352137478534e+03 2.494598680857043746e+03 2.283612559539065842e+03 1.987172750875152360e+03 1.668037029769502624e+03
-3.136507184138072262e+04 -6.379435734830683214e+04 -3.858888768305281701e+04 -1.505912372324063836e+04 -5.586955737896552819e+03 -2.753356641218521872e+03 -1.735804424621543603e+03 -8.515997597964526449e+02 -8.419174566421304462e+01 5.244737878304287051e+02 6.605904434578253586e+02 4.873555471676763773e+03 3.416161844234355522e+04 4.929128465890857115e+03 2.227762654041114729e+03 1.965956740120135237e+03 1.554615733089245850e+03 1.503008405380377553e+03 1.710032715285971108e+03 1.921100015755280765e+03 1.826522402130943192e+03 1.446582277169041845e+03 1.053171548786323456e+03 8.769502989992197399e+02 9.446405868072433805e+02 1.087258825370128079e+03 1.099272305796739374e+03 9.320052378118313072e+02 6.907609684196237367e+02 5.192369044844554082e+02 3.745248229562834604e+04 1.033297963021111500e+05 1.050189918431185943e+05 7.856676557948949630e+04 5.613010129298147513e+04 4.398634401862541563e+04 3.648549220017834887e+04 2.905808923546801816e+04 2.101850140362465027e+04 1.476464841783272277e+04 1.054691837854711775e+04 1.014665959824156926e+04 1.852090118830987194e+04 8.041156696956830274e+03 6.580824628595719332e+03 6.027685321222052153e+03 5.111486965472544398e+03 4.542637922005773362e+03 4.280756549509782417e+03 4.197233441199936351e+03 3.940965136119549243e+03 3.407030678973413160e+03 2.798875143007050610e+03 2.356331933845537606e+03 2.179206799900046462e+03 2.154943627914455192e+03 2.070585406989655894e+03 1.827435587075794729e+03 1.488480867225615384e+03 1.166136257674265153e+03
-3.002979864427518987e+04 -6.545555420886768843e+04 -4.308863420121220406e+04 -1.846787648609038297e+04 -7.096493112324211324e+03 -2.823953095575292537e+03 -5.741025097777948076e+02 9.876584919245688070e+02 1.695185283800932666e+03 1.574395607711139746e+03 1.274534772041879478e+03 1.363489174379162478e+03 4.929128465890857115e+03 2.667466849123106658e+04 4.872349828610216719e+03 2.357390823247636035e+03 1.751141027147856221e+03 1.522226753348475086e+03 1.756287530264008410e+03 2.056272574165940568e+03 2.009683787125168692e+03 1.589013871473107201e+03 1.110455048354758674e+03 8.735532165958209134e+02 9.420022872622425893e+02 1.125110900023248860e+03 1.168910665398510446e+03 9.964231234116012956e+02 7.222365764018301206e+02 5.213576684070806095e+02 3.190371580703298969e+04 8.321269025864236755e+04 8.273055688523210119e+04 6.317651494556425314e+04 4.710686934153272887e+04 3.882445122606842779e+04 3.418001014698651852e+04 2.866594305919874023e+04 2.138921959390125994e+04 1.483009511315964119e+04 1.053968775150363217e+04 8.307999547639319644e+03 8.728353256876416708e+03 1.410710373199131936e+04 7.308231003934679393e+03 5.791959738071152969e+03 4.784171356544900846e+03 3.991232339086779575e+03 3.793434294908263837e+03 3.892049860313982663e+03 3.786899456440999529e+03 3.267647055817169530e+03 2.579429018391405407e+03 2.063713523013797385e+03 1.893808450356227013e+03 1.942928625662703098e+03 1.931169915623303496e+03 1.709322990165439933e+03 1.343647570711865455e+03 9.878708672676833658e+02
-9.144566182697404656e+03 -1.943981300809687673e+04 -1.418236398891773206e+04 -6.767562531773795854e+03 -2.711308429143248759e+03 -7.452294536885334537e+02 1.073067309576105572e+03 2.831284294199732358e+03 3.461893416237854581e+03 2.960542969488958079e+03 2.042155979031328116e+03 1.770953192104108894e+03 2.227762654041114729e+03 4.872349828610216719e+03 2.030331777456529744e+04 3.942876572979260345e+03 1.803489639787146189e+03 1.482569121613782499e+03 1.565699247743414162e+03 1.861591984042488775e+03 1.909024877675965399e+03 1.604302216766717265e+03 1.179386648278962184e+03 9.155943278405688943e+02 9.224738091708534284e+02 1.070642725456750895e+03 1.133834049514474600e+03 1.011830798478751944e+03 7.790247569418534113e+02 5.848837643205611130e+02 5.388197793289707624e+04 1.308484194773774798e+05 1.075618056616735121e+05 6.843598237777597387e+04 4.548655994695941627e+04 3.574785452391233412e+04 3.172718833079161413e+04 2.781460181542529608e+04 2.167519050325317221e+04 1.540936390197407673e+04 1.075926857495264630e+04 8.444932447902927379e+03 7.672073654796998198e+03 8.046538684050694428e+03 1.141974558878455900e+04 6.073547895907004204e+03 4.426403575804635693e+03 3.634729428559835469e+03 3.325501279224857171e+03 3.507327219758538376e+03 3.567949238452911231e+03 3.203571841080582089e+03 2.578430694235945339e+03 2.038288588799902300e+03 1.820876982326026337e+03 1.862729982910309445e+03 1.899708677394572987e+03 1.746943075253985626e+03 1.428819430315039426e+03 1.085008762632254047e+03
1.546949274582189537e+04 3.603966798864820885e+04 2.268029465825290390e+04 9.963372218817481553e+03 4.311827214635777636e+03 2.386549635005620985e+03 2.550038917432760172e+03 3.643110264360583642e+03 4.065182010911552425e+03 3.437334961117601779e+03 2.411592337659069017e+03 1.798323087839801246e+03 1.965956740120135237e+03 2.357390823247636035e+03 3.942876572979260345e+03 1.487117358928632893e+04 2.719575574684841740e+03 1.255492800678927324e+03 1.209142111917124112e+03 1.367839717115301937e+03 1.486640006635971986e+03 1.373679467002384854e+03 1.121915626319622788e+03 9.055161447176885758e+02 8.445904481957002190e+02 9.055710909559543325e+02 9.562861263310711593e+02 9.047600207287255216e+02 7.663964663489668965e+02 6.229677933089310500e+02 8.059116363970530801e+04 1.909269931515730568e+05 1.436644458487132215e+05 8.124004531582511845e+04 4.791047667306321091e+04 3.428491658418784209e+04 2.899079591770793195e+04 2.538211699513250642e+04 2.028650298098920030e+04 1.479394681295724149e+04 1.051509445496427725e+04 8.132835581787536285e+03 7.390486407340782534e+03 7.017366335402791265e+03 6.811498361494208439e+03 8.276131327038770905e+03 4.314378794278336500e+03 3.167182912816427233e+03 2.886965374615383553e+03 2.974359150515770125e+03 3.114160690578770755e+03 2.942078475638404598e+03 2.515389590450354262e+03 2.068334332591271959e+03 1.826176092617844915e+03 1.803264556551832356e+03 1.831647048665867260e+03 1.748587362656696769e+03 1.531457608939141664e+03 1.262538637974005042e+03
2.125385890209081845e+04 5.203622638211060257e+04 3.661239249944910989e+04 1.795312917620808003e+04 8.441697552330278995e+03 4.498971818028771850e+03 3.269256783791889120e+03 3.402266889908820303e+03 3.499960592049330444e+03 3.001954512551587413e+03 2.201136375775341094e+03 1.653121386030912845e+03 1.554615733089245850e+03 1.751141027147856221e+03 1.803489639787146189e+03 2.719575574684841740e+03 1.096262479937952412e+04 1.885431330726756414e+03 8.785436660310217576e+02 9.363010082919423667e+02 1.024015878869518019e+03 1.030913277124646811e+03 9.271115647737860854e+02 7.925682118169033856e+02 7.154677417418965888e+02 7.151798290695414835e+02 7.386212128993520309e+02 7.246174818628767298e+02 6.588744070550667402e+02 5.703603383559063786e+02 8.040900879468121275e+04 1.952189461686542490e+05 1.490446529764761217e+05 8.367793601347858203e+04 4.792923655792358477e+04 3.273758397850635083e+04 2.614100981411786051e+04 2.194013780212886559e+04 1.734775411741205608e+04 1.284144187450446407e+04 9.377051159457187168e+03 7.408471378601751894e+03 6.565381924210299985e+03 6.151283053564990041e+03 5.420585551743464748e+03 4.749381292727675827e+03 5.565673062885756735e+03 2.931173775668949929e+03 2.324385941708899736e+03 2.369185186816333498e+03 2.446284583049283810e+03 2.392661675323077361e+03 2.157132813659049134e+03 1.862716015922362203e+03 1.659676480852409895e+03 1.593751570788906520e+03 1.587584146165065249e+03 1.536516158000000360e+03 1.404335197048647387e+03 1.223471561402313910e+03
8.296709968341721833e+03 2.374807055665803637e+04 2.084404272285888874e+04 1.287543834119267922e+04 7.442487553233045219e+03 4.622288623929202004e+03 3.322616388220716999e+03 2.937801333368538508e+03 2.776336110475899659e+03 2.415627056145825009e+03 1.907599119521095645e+03 1.568922801654822706e+03 1.503008405380377553e+03 1.522226753348475086e+03 1.482569121613782499e+03 1.255492800678927324e+03 1.885431330726756414e+03 8.528078061184074613e+03 1.488820324888522009e+03 7.919746325999253713e+02 8.259344147889953547e+02 7.949062236754226660e+02 7.256408867572649797e+02 6.443254946481173420e+02 6.027302241891879930e+02 6.040007706262913416e+02 6.107256193556588642e+02 5.874850267065976368e+02 5.321657815526966715e+02 4.675507082606916356e+02 5.491676900604435650e+04 1.391583218643197615e+05 1.150815178875449055e+05 7.005886637832701672e+04 4.267942334605527867e+04 3.005595593599250788e+04 2.371274577952762775e+04 1.906549123930562200e+04 1.456165716596223865e+04 1.072735833141425064e+04 8.025991300836500159e+03 6.541769538190219464e+03 5.831149445896149700e+03 5.258361389900561335e+03 4.543630090506956549e+03 3.590916466784802651e+03 3.009808146991143076e+03 3.737044298568269369e+03 2.065662534631162089e+03 1.808383612664184966e+03 1.857415414655550649e+03 1.781422707619948596e+03 1.630571242525636080e+03 1.446029771274964332e+03 1.318027564005511522e+03 1.267308086614305012e+03 1.244657447002962726e+03 1.189300753904859448e+03 1.085154365662181590e+03 9.539252981825027291e+02
-7.863730016119578067e+03 -1.580736495161573112e+04 -5.866444633643148336e+03 1.493395061362593424e+03 3.304837699003815942e+03 3.252274135889520949e+03 2.973178715425272458e+03 2.772749663905213310e+03 2.537600831445302902e+03 2.194389594349701383e+03 1.807917853632654897e+03 1.639640924697726405e+03 1.710032715285971108e+03 1.756287530264008410e+03 1.565699247743414162e+03 1.209142111917124112e+03 8.785436660310217576e+02 1.488820324888522009e+03 7.077777681299250617e+03 1.475000193966523511e+03 8.668428859708053551e+02 7.492356800309531764e+02 6.054047997327522808e+02 5.326404693188123929e+02 5.396114887704354715e+02 5.831379738033400599e+02 5.916114631957249230e+02 5.380394777555670771e+02 4.509327499961618742e+02 3.796820698296746741e+02 2.700293470695403084e+04 7.121666331253969111e+04 6.833467271885587252e+04 4.914721450991135498e+04 3.415361907226862968e+04 2.626728390498764929e+04 2.165251908812727197e+04 1.739248835038088873e+04 1.295585905575549805e+04 9.370314769529850309e+03 7.026127955825821118e+03 5.852536310783607405e+03 5.333023001210451184e+03 4.828861294378728417e+03 4.041949766347366221e+03 3.124636850434699227e+03 2.283878533096270985e+03 2.002073805598922490e+03 2.618566199420635712e+03 1.619997482781957615e+03 1.464296623546119008e+03 1.363621571588128063e+03 1.172376764517466199e+03 1.023680418799509198e+03 9.608705769679925197e+02 9.645761653943441161e+02 9.558151185375839987e+02 8.848121037280345718e+02 7.648441914694395791e+02 6.389153132053984336e+02
-1.654678133041109686e+04 -3.605301544992146955e+04 -2.003621845191887041e+04 -5.689350771114412055e+03 3.457399650965883353e+01 1.853730188073654062e+03 2.616839370347550357e+03 2.961850721085917939e+03 2.837853739857625897e+03 2.405867643736697573e+03 1.930682968239472757e+03 1.760351825828817255e+03 1.921100015755280765e+03 2.056272574165940568e+03 1.861591984042488775e+03 1.367839717115301937e+03 9.363010082919423667e+02 7.919746325999253713e+02 1.475000193966523511e+03 6.137854585583576409e+03 1.476473366358294697e+03 8.227817954136455683e+02 6.203633427945019321e+02 5.061742958995424715e+02 5.307107627862818617e+02 6.070264155741948571e+02 6.308878265744002647e+02 5.639293140855329511e+02 4.499953730202648217e+02 3.616373594332571884e+02 1.143723355100596382e+04 3.472064437837582955e+04 4.189298430657439894e+04 3.512176828877055232e+04 2.723965743423371168e+04 2.272565300595831286e+04 1.995445405026688240e+04 1.671967878671242943e+04 1.263422645583773919e+04 9.063328065054231047e+03 6.678538790633659119e+03 5.521708373584427136e+03 5.136215038006794202e+03 4.805479531129545649e+03 4.109115302928339588e+03 3.127459007732205464e+03 2.241987505916955342e+03 1.705978775111940195e+03 1.665005727022538395e+03 2.116650886136646932e+03 1.509113606756910485e+03 1.246178068835392423e+03 1.027402321572176788e+03 8.335059262208101245e+02 7.891762930983587694e+02 8.372185467832180166e+02 8.621447809649025658e+02 7.926271391188445250e+02 6.527539661854516453e+02 5.090051512748817686e+02
-7.009794811582323746e+03 -1.767823536660403624e+04 -1.087585907887830581e+04 -3.051045745679687570e+03 3.513516987486350445e+02 1.638365544288218643e+03 2.528263289547470777e+03 3.173147942030427657e+03 3.164668758310925114e+03 2.641429440122310552e+03 2.015040833518048657e+03 1.716723132529687064e+03 1.826522402130943192e+03 2.009683787125168692e+03 1.909024877675965399e+03 1.486640006635971986e+03 1.024015878869518019e+03 8.259344147889953547e+02 8.668428859708053551e+02 1.476473366358294697e+03 5.189313243789410990e+03 1.262816054439955224e+03 6.882576992126155346e+02 5.567380892952960494e+02 5.367521324872661808e+02 5.976685068834067351e+02 6.323188308469698313e+02 5.902198001406292178e+02 4.944811582261796161e+02 4.064539784310762229e+02 2.321039469053001812e+04 5.574458415734120354e+04 4.976674099080069573e+04 3.526270759245597583e+04 2.527299040186494676e+04 2.065681292050032062e+04 1.853558140372431808e+04 1.619327727019231861e+04 1.266284440462723614e+04 9.182831762488349341e+03 6.674354668994939857e+03 5.399558979330900911e+03 5.026305488286872787e+03 4.842648601449604939e+03 4.305660300654657476e+03 3.396154481361199942e+03 2.460107451991664675e+03 1.894625342627065493e+03 1.676462681080917264e+03 1.765492910834106169e+03 1.992958457058995464e+03 1.441583904240830179e+03 1.145637443384470316e+03 9.431927455536153957e+02 8.561747271811050268e+02 8.996603452534116059e+02 9.464313811325645247e+02 9.065757775114147989e+02 7.826810956305023410e+02 6.370604875696540148e+02
6.848668285702389767e+03 1.518746558124479270e+04 1.032061134577966368e+04 5.519997216389727328e+03 3.318647611662700911e+03 2.524537122862363503e+03 2.639840057601026274e+03 3.089092016174616219e+03 3.077337794833467342e+03 2.549071382113833806e+03 1.881378985541559359e+03 1.471821220282154627e+03 1.446582277169041845e+03 1.589013871473107201e+03 1.604302216766717265e+03 1.373679467002384854e+03 1.030913277124646811e+03 7.949062236754226660e+02 7.492356800309531764e+02 8.227817954136455683e+02 1.262816054439955224e+03 4.270910962381813079e+03 1.046350458238760439e+03 5.998166505339120249e+02 5.311214740659370364e+02 5.290168365542635911e+02 5.596565879842992217e+02 5.601743512941587824e+02 5.173650844379067166e+02 4.527670961173711248e+02 4.087546191041852580e+04 9.758342149971108302e+04 7.512532248464052100e+04 4.392084182088356465e+04 2.701184067246091945e+04 2.001096921089749958e+04 1.723018918052566005e+04 1.513160782369961453e+04 1.210260345697846060e+04 8.932215057180717849e+03 6.514042407219809320e+03 5.205555767221958376e+03 4.778603523224388482e+03 4.619970473425613818e+03 4.220244618351542158e+03 3.474718864799810945e+03 2.648630863697822406e+03 2.081579254660288825e+03 1.853359875460271041e+03 1.821198259426696495e+03 1.836612672586882127e+03 1.722771787969463730e+03 1.363313146311025321e+03 1.123754684317722649e+03 1.016108055826186956e+03 1.006171282598742664e+03 1.048134049152686202e+03 1.044973463469895705e+03 9.702756285915611443e+02 8.539320470178214464e+02
1.529767468492031003e+04 3.529512890612929186e+04 2.466298492930701468e+04 1.234734741679835497e+04 6.145682998152135042e+03 3.627227803001001121e+03 2.820835517594524390e+03 2.773414069539117008e+03 2.633736165114352843e+03 2.171421143094922627e+03 1.598109856064334963e+03 1.184765919907335956e+03 1.053171548786323456e+03 1.110455048354758674e+03 1.179386648278962184e+03 1.121915626319622788e+03 9.271115647737860854e+02 7.256408867572649797e+02 6.054047997327522808e+02 6.203633427945019321e+02 6.882576992126155346e+02 1.046350458238760439e+03 3.547165940574675005e+03 8.699552661861073375e+02 4.964393547627698240e+02 4.465102727582662965e+02 4.532012559064672814e+02 4.835676731347325585e+02 4.884740373943094482e+02 4.537375836842958279e+02 5.026803973871283233e+04 1.200349594254791155e+05 9.048314566817315063e+04 5.036386767113294627e+04 2.881334904840141462e+04 1.985166624871856038e+04 1.606674645841315760e+04 1.363970944536642492e+04 1.086554007019369601e+04 8.112997523549847756e+03 6.012101200735728526e+03 4.835806542681080828e+03 4.377606447621747066e+03 4.156859996439091447e+03 3.806319597974300450e+03 3.229138963353531835e+03 2.582693867841511747e+03 2.109910211478409110e+03 1.865014887072414695e+03 1.812036662814965894e+03 1.759296812397620215e+03 1.655300225684440647e+03 1.432810445145879839e+03 1.216248634904318351e+03 1.064887962108111878e+03 1.026322103125641206e+03 1.039556181103975177e+03 1.058912975278594331e+03 1.032577138083935552e+03 9.593836669483276864e+02
1.221514277826569014e+04 2.959084517927164416e+04 2.229833542016427236e+04 1.223602626979624620e+04 6.600557588374160332e+03 4.000285419555700628e+03 2.870641411175123721e+03 2.447282264479114019e+03 2.152232880927557744e+03 1.763484651952950117e+03 1.336306257043505639e+03 1.015374729233274365e+03 8.769502989992197399e+02 8.735532165958209134e+02 9.155943278405688943e+02 9.055161447176885758e+02 7.925682118169033856e+02 6.443254946481173420e+02 5.326404693188123929e+02 5.061742958995424715e+02 5.567380892952960494e+02 5.998166505339120249e+02 8.699552661861073375e+02 2.956678126645310840e+03 6.827950293146604963e+02 3.845524344613060066e+02 3.768989503118334028e+02 3.996106395423239519e+02 4.185562672323368929e+02 4.005722560484764472e+02 4.274045425679978507e+04 1.048009335482047463e+05 8.186371163094369695e+04 4.725840958265695372e+04 2.767024162474807963e+04 1.902039152075207676e+04 1.494765190445289409e+04 1.215550628699366462e+04 9.412157723272546718e+03 7.006100057338192528e+03 5.278287678934719224e+03 4.329394822301822387e+03 3.912819309430294197e+03 3.632029208450499027e+03 3.261709940023051786e+03 2.773283725703082382e+03 2.275167370518959615e+03 1.913335468098349565e+03 1.709405999201994518e+03 1.622268457370309534e+03 1.564454581908064029e+03 1.439364632068361971e+03 1.292328960920178815e+03 1.005851835715331390e+03 9.461437188278202939e+02 8.868905537395881993e+02 8.938524646254961681e+02 9.080900727131596568e+02 9.040333101649785021e+02 8.621835801469086391e+02
2.209048971475017424e+03 6.567274872203975974e+03 7.902729792041806832e+03 6.491436610452900823e+03 4.667703379661328654e+03 3.439177558855887582e+03 2.716130448884403449e+03 2.293793236305486062e+03 1.936198496093617450e+03 1.572918207053839069e+03 1.233243465611190913e+03 1.013767016252382859e+03 9.446405868072433805e+02 9.420022872622425893e+02 9.224738091708534284e+02 8.445904481957002190e+02 7.154677417418965888e+02 6.027302241891879930e+02 5.396114887704354715e+02 5.307107627862818617e+02 5.367521324872661808e+02 5.311214740659370364e+02 4.964393547627698240e+02 6.827950293146604963e+02 2.482845089040637959e+03 5.682525904846161211e+02 3.544389373486606019e+02 3.550321262928154056e+02 3.478340997229993263e+02 3.275166263911388569e+02 2.555820107134240243e+04 6.520940556064272096e+04 5.653143903433042578e+04 3.655352856297481048e+04 2.351453356996906223e+04 1.722151234570041561e+04 1.383869523651646887e+04 1.109535335346904321e+04 8.358662767431975226e+03 6.120682045930203458e+03 4.625290799469859849e+03 3.854520899173854559e+03 3.523688607780683014e+03 3.251094477674210793e+03 2.857159035557379411e+03 2.373565331943443198e+03 1.924185903478535693e+03 1.628299612977277320e+03 1.476710030046956945e+03 1.407063053408889118e+03 1.321853561403995855e+03 1.189750231182839570e+03 1.017853162946474185e+03 8.685611491405497873e+02 5.485833319433056658e+02 6.803392816882284251e+02 6.822583542066341806e+02 6.932012220089588936e+02 6.776669353149488870e+02 6.435899301287558956e+02
-5.958082777795523725e+03 -1.275664516397580155e+04 -5.195245951730013985e+03 5.441976842644461385e+02 2.239898242966583894e+03 2.478557081387082690e+03 2.446971685465910014e+03 2.309527533042321011e+03 2.006743836840134918e+03 1.622411049269387604e+03 1.271338115983336820e+03 1.088376924912080995e+03 1.087258825370128079e+03 1.125110900023248860e+03 1.070642725456750895e+03 9.055710909559543325e+02 7.151798290695414835e+02 6.040007706262913416e+02 5.831379738033400599e+02 6.070264155741948571e+02 5.976685068834067351e+02 5.290168365542635911e+02 4.465102727582662965e+02 3.845524344613060066e+02 5.682525904846161211e+02 2.169479587151412034e+03 5.464968179240327117e+02 3.505919402816829233e+02 3.150367289498077525e+02 2.755476061738555700e+02 1.180682666772665652e+04 3.260252378934339868e+04 3.403600444418578991e+04 2.598819491884138552e+04 1.888666606592300377e+04 1.505148575548547524e+04 1.279483129261834256e+04 1.051926594451962228e+04 7.919282637084359521e+03 5.719598515196892549e+03 4.260940595690179180e+03 3.539752264264552650e+03 3.276940554090871956e+03 3.070419213550728273e+03 2.697759004581231238e+03 2.192452534597761769e+03 1.717748910458020418e+03 1.424754788479697254e+03 1.305263365845419685e+03 1.272749994281721456e+03 1.196166405176747048e+03 1.033385078398072665e+03 8.444886693613734678e+02 6.801283092160990691e+02 5.831805907865294785e+02 3.296985861571157557e+02 5.253976351638684719e+02 5.341546138823593992e+02 5.084487300262347844e+02 4.616255800836858043e+02
