1.710723856843097210e+08 2.712434989025713503e+07 1.496079841108544730e+06 2.553581268645935343e+05 5.150396362871434803e+02 -1.809045035071460006e+03 -9.100310582538540984e+03 5.897928640469954189e+03 4.079070667712026625e+04 6.030291667500838230e+04 5.445008081056148512e+04 2.760926444964219991e+04 7.710664744204783347e+03 9.005805524141615024e+03 2.637402647892593086e+04 4.391618588406703202e+04 4.254081344645832723e+04 2.642749126063406584e+04 9.945606108313830191e+03 2.885958829723935651e+03 1.209930148734184331e+04 2.327004338908004138e+04 2.822167697601476539e+04 2.261527752179017989e+04 1.204713131304540548e+04 4.678114849016097651e+03 5.705269493989717375e+03 1.134945551788904777e+04 1.635288718358745973e+04 1.615983486166834700e+04 9.415536000007382035e+07 4.615966252437646687e+07 4.213178950606701896e+06 9.339256740559134632e+05 2.382237824289503042e+05 1.816908224933969905e+05 1.405621704822038009e+05 1.347761540243787167e+05 1.591351990036885254e+05 1.662013445856086910e+05 1.431226787973280298e+05 9.350110765454862849e+04 5.676958090895890200e+04 5.297509450441841909e+04 7.425787128724207287e+04 9.693167605548253050e+04 9.133856669864567812e+04 6.350926479693983856e+04 3.546785854909983755e+04 2.218815368704570574e+04 3.486440745727873582e+04 5.096621477616511402e+04 5.762484664247727778e+04 4.776208916931959538e+04 3.004145947382505619e+04 1.735764234651683364e+04 1.810915950192465971e+04 2.637451281146952169e+04 3.380131949167394487e+04 3.303458757671061903e+04
2.712434989025713503e+07 6.269694381831761450e+07 8.513405860260866582e+06 5.778824586289422587e+05 1.606555985530672187e+05 1.914630910334366126e+04 -8.727836228026597382e+03 1.343780656130037096e+04 8.508788724093181372e+04 1.340392872295994312e+05 1.244799504226343124e+05 6.627633886425534729e+04 1.638536109254792973e+04 1.410334476328428718e+04 5.231692343552328384e+04 9.320012214042342384e+04 9.517747509922661993e+04 6.061329649593156500e+04 2.124441470136908902e+04 4.000134751070019320e+03 2.164440596957702655e+04 4.872319317608616257e+04 6.151438660877107031e+04 5.069967332059601904e+04 2.676834140175521679e+04 9.271839179286198487e+03 1.005879330242297692e+04 2.296904917708119319e+04 3.489878243952547200e+04 3.574866284506638476e+04 1.540228601202521473e+07 3.768804036603200436e+07 1.372472381601227820e+07 1.913338096745657735e+06 8.014596708609580528e+05 4.436530982134661172e+05 3.393649481588624185e+05 3.147100589302261360e+05 3.637242527443347499e+05 3.892640328147526598e+05 3.416126755523429019e+05 2.321095767394285940e+05 1.409304006096360972e+05 1.242459130479612068e+05 1.704273863408238394e+05 2.222844246387646999e+05 2.161354890679537784e+05 1.550269918173013721e+05 8.768363701682981628e+04 5.565171652318471752e+04 7.880065792869057623e+04 1.174634444805922685e+05 1.341371389604668366e+05 1.140458683846492495e+05 7.347587447345684632e+04 4.330815171404054126e+04 4.235081111963281728e+04 6.096110088203295163e+04 7.827149487448624859e+04 7.817638194808707340e+04
1.496079841108544730e+06 8.513405860260866582e+06 1.869820229839113727e+07 2.565677456035696901e+06 2.290571866822609154e+05 7.432027619154608692e+04 6.431153297539251071e+03 1.944938241062912857e+04 6.577877247511004680e+04 1.037903689922459889e+05 1.015729243861925497e+05 6.502260739788991486e+04 2.883785751674898347e+04 2.221480508748794091e+04 4.445817900991167699e+04 7.049117159000301035e+04 7.418710338308583596e+04 5.303442391021491494e+04 2.572437774480877852e+04 1.271180870672694255e+04 2.093684360239907983e+04 3.803294286685454426e+04 4.707524478921569244e+04 4.088639753201171698e+04 2.541557561316475767e+04 1.310714083858135018e+04 1.196562649824570508e+04 1.949221630918083247e+04 2.717601971576250071e+04 2.846774020369673599e+04 1.117009195630048402e+06 7.181878475738512352e+06 1.099656523625554331e+07 3.981081495230040513e+06 8.060783484866269864e+05 4.618473591614456382e+05 2.993572281754746800e+05 2.708189200962781906e+05 2.901546955944671063e+05 3.071287075154674239e+05 2.771703587016628007e+05 2.058141996697777067e+05 1.390981704582603415e+05 1.177507259209459735e+05 1.406654197390473855e+05 1.708374755356245441e+05 1.691669222476381692e+05 1.310402761849478993e+05 8.420140882868447807e+04 5.992379468400942278e+04 6.874742654734826647e+04 9.199847880512301344e+04 1.033239371224908973e+05 9.130899933169965516e+04 6.499591338048211765e+04 4.371716089035372715e+04 4.006725010915059829e+04 5.029712827393972111e+04 6.105351901277258003e+04 6.197927174071152695e+04
2.553581268645935343e+05 5.778824586289422587e+05 2.565677456035696901e+06 6.097180176106886938e+06 9.198561260719969869e+05 9.809053129446072853e+04 3.348435271494649351e+04 1.941140677537129886e+04 4.166672003933433734e+04 6.128401522072487569e+04 6.340979035182949156e+04 4.811389717275819567e+04 3.041858161777233909e+04 2.417788938943620451e+04 3.132073836517192103e+04 4.189948184180744283e+04 4.416213495290442370e+04 3.561700194535350602e+04 2.301477133782370220e+04 1.561985420054274800e+04 1.730861775083875182e+04 2.366777515387956009e+04 2.772299757993912863e+04 2.542612320899451879e+04 1.871363066436201916e+04 1.269396604872747776e+04 1.111727869663673118e+04 1.353984374885310535e+04 1.667676700507825444e+04 1.747293289229153015e+04 4.095750631484371843e+05 1.035993880295723677e+06 2.571061240016858093e+06 3.595329912201663479e+06 1.336428059557555709e+06 3.584771117702136980e+05 2.315550120974197634e+05 1.788266602838287654e+05 1.794292130564370600e+05 1.824431755919718416e+05 1.692160116453562805e+05 1.371935709105251008e+05 1.040435624444389832e+05 8.763240928504144540e+04 9.098197205545459292e+04 1.005028353065547126e+05 9.935003823538980214e+04 8.332664371037717501e+04 6.165854574764869176e+04 4.793447268666366290e+04 4.799721702520300460e+04 5.548941560635359201e+04 5.998103834453840682e+04 5.512384412035686546e+04 4.365143114506333222e+04 3.324747342391361599e+04 2.968267955959976098e+04 3.240465923025194934e+04 3.643942565607417782e+04 3.703623777759252698e+04
5.150396362871434803e+02 1.606555985530672187e+05 2.290571866822609154e+05 9.198561260719969869e+05 2.448220889920270070e+06 4.138621229025589419e+05 4.811204066029984097e+04 2.607428341758434544e+04 2.754325638174843334e+04 3.741528172413483844e+04 3.974742842863347323e+04 3.423177755080818315e+04 2.629386361992185630e+04 2.197480000799866684e+04 2.301693632622672521e+04 2.632353024299597746e+04 2.715885769177963448e+04 2.392951308763543057e+04 1.854154768385934585e+04 1.454316429990216056e+04 1.397304336111165321e+04 1.565272161241342474e+04 1.701195094573221286e+04 1.621104091136665738e+04 1.349285645080225549e+04 1.068339469327099869e+04 9.388633662915619425e+03 9.758890823129542696e+03 1.073776180664131243e+04 1.103146946742069122e+04 2.415236150610862533e+05 6.453123212463031523e+05 6.153497000235189917e+05 1.041345499803003389e+06 1.319650559917734470e+06 5.793472881972372998e+05 1.787560771161229932e+05 1.320351352175977663e+05 1.133107058192972909e+05 1.106989833486780408e+05 1.036572770485978108e+05 9.035144436270330334e+04 7.513181041328050196e+04 6.454410880799914594e+04 6.113403102239461441e+04 6.156483743951501674e+04 5.975484473401337164e+04 5.318786689493073209e+04 4.388063948522180726e+04 3.654272075481706997e+04 3.407783864376250131e+04 3.505000874373375700e+04 3.590140069002536620e+04 3.389715983153392881e+04 2.920104756146245927e+04 2.436426762971319840e+04 2.173806356791130020e+04 2.163153968713236463e+04 2.256323292827624391e+04 2.260127040426793246e+04
-1.809045035071460006e+03 1.914630910334366126e+04 7.432027619154608692e+04 9.809053129446072853e+04 4.138621229025589419e+05 1.264769553648975911e+06 2.273519729230589583e+05 3.329454309587577882e+04 2.640751234961165756e+04 2.684198732397271669e+04 2.844077656725475754e+04 2.628864220949861556e+04 2.273999526794384292e+04 2.007363542938437968e+04 1.935231888731173603e+04 1.973905270583425590e+04 1.956264816683640311e+04 1.804977166985825897e+04 1.554409604329480499e+04 1.329716464925275068e+04 1.223897024215430429e+04 1.220114197222581424e+04 1.235724232351910723e+04 1.188433949483803190e+04 1.066979347363979650e+04 9.246313060691030842e+03 8.289485487683896281e+03 8.008287870838028539e+03 8.109864941683628786e+03 8.065963102755376894e+03 1.826667804397942964e+05 4.479802276407857426e+05 4.205974718331615441e+05 3.094113750052307732e+05 4.845101987925608410e+05 6.705895662940982729e+05 3.099161676849040668e+05 1.117146779880171525e+05 9.011812853575746703e+04 7.842395111202553380e+04 7.308739592504699249e+04 6.650945113940566080e+04 5.934313784515878069e+04 5.271413563126381632e+04 4.797631706883719744e+04 4.497391688126635563e+04 4.227410140392713947e+04 3.880329815921573027e+04 3.439763423911076097e+04 3.028036085697503586e+04 2.756756077535294025e+04 2.627229168677435518e+04 2.551634063100159256e+04 2.420164889438088721e+04 2.203674693306760309e+04 1.958631604979007170e+04 1.772815783852744062e+04 1.680891016532244248e+04 1.650586796517805487e+04 1.610121420455257976e+04
-9.100310582538540984e+03 -8.727836228026597382e+03 6.431153297539251071e+03 3.348435271494649351e+04 4.811204066029984097e+04 2.273519729230589583e+05 7.543931309025054798e+05 1.418792341299576219e+05 3.033035302350325219e+04 2.604018591227653815e+04 2.328124155162861280e+04 2.174013114566588774e+04 2.010695378845512460e+04 1.899812893665314186e+04 1.823458040625117428e+04 1.743446589433606277e+04 1.628940097685861838e+04 1.497562119004194574e+04 1.360104310503055603e+04 1.242980704270783281e+04 1.158637741971176183e+04 1.095640386963792844e+04 1.041833591864431583e+04 9.800243843775951973e+03 9.068763528735926229e+03 8.332597641278305673e+03 7.725948442502065518e+03 7.302295431657369591e+03 7.002376526378001472e+03 6.679546209214195187e+03 1.410039996530173230e+05 3.414910955380728119e+05 3.024541200681074988e+05 2.211845076983757899e+05 1.643185105000030308e+05 2.819330383520249743e+05 3.739055612080369610e+05 1.946401235535386368e+05 8.178679277279063535e+04 6.793050737743303762e+04 5.823179352939359524e+04 5.334217473510223499e+04 4.972338186453150411e+04 4.632850795645565086e+04 4.243290877690816706e+04 3.829440867351484485e+04 3.444637423980371386e+04 3.141854089427758299e+04 2.890163741416850098e+04 2.669846732281089498e+04 2.464190349177658936e+04 2.269964472611599922e+04 2.101743812874714058e+04 1.953595884135320375e+04 1.816495407344480191e+04 1.687617808150441851e+04 1.569953019628228503e+04 1.469105647097407200e+04 1.384831431140109271e+04 1.304442681216962228e+04
5.897928640469954189e+03 1.343780656130037096e+04 1.944938241062912857e+04 1.941140677537129886e+04 2.607428341758434544e+04 3.329454309587577882e+04 1.418792341299576219e+05 4.671488739888217533e+05 9.408168517868404160e+04 2.773851132419643545e+04 2.235093889094234328e+04 1.839938916550681461e+04 1.734557996211556019e+04 1.733541268886116814e+04 1.727616204155782179e+04 1.627969350606471926e+04 1.449161829144197691e+04 1.282104277579369227e+04 1.172644127651814961e+04 1.120983191620247635e+04 1.083402089899183193e+04 1.020187742293098199e+04 9.330465117926440143e+03 8.441247830522570439e+03 7.760324400166129635e+03 7.337801671294841071e+03 7.049988171298578891e+03 6.721371478140325053e+03 6.292725843796235495e+03 5.789648799117948329e+03 1.358491078136749566e+05 3.171739050912449602e+05 2.730843401582179940e+05 1.816050343124961364e+05 1.303251111971805221e+05 1.087140594341385877e+05 1.791141944055669592e+05 2.268976110454963055e+05 1.274909941939141427e+05 6.083047087307057518e+04 5.012550446674937848e+04 4.275374460355583869e+04 4.046338562769170676e+04 3.942807733688408916e+04 3.749078215305939375e+04 3.379578261537216895e+04 2.935659907902116902e+04 2.589817825532897041e+04 2.387037558239838108e+04 2.284122539000465622e+04 2.178862331545443158e+04 2.012668511530231990e+04 1.810877874237889046e+04 1.627076601247162762e+04 1.499329904845877172e+04 1.423525182345141911e+04 1.365536341865262875e+04 1.291799002369931259e+04 1.197216531585006305e+04 1.093640205318565859e+04
4.079070667712026625e+04 8.508788724093181372e+04 6.577877247511004680e+04 4.166672003933433734e+04 2.754325638174843334e+04 2.640751234961165756e+04 3.033035302350325219e+04 9.408168517868404160e+04 2.873329987951974617e+05 6.336483091959914600e+04 2.129027714812861814e+04 1.634283808357668386e+04 1.410212357720346336e+04 1.442233061688997623e+04 1.483516253539412719e+04 1.418522535458638959e+04 1.245089425395431681e+04 1.069766863611201916e+04 9.616639706707006553e+03 9.323417268998811778e+03 9.252158377868949174e+03 8.835363114682631931e+03 8.011677680445060105e+03 7.068119428327522655e+03 6.372244035329222243e+03 6.043808666468748925e+03 5.915336915362326181e+03 5.726564237803782817e+03 5.354445140569319847e+03 4.850350557344328990e+03 1.605474532674515503e+05 3.663550033879820840e+05 2.921049227577191195e+05 1.811906240860541584e+05 1.158733126865387167e+05 9.132290434173197718e+04 8.182809363807199406e+04 1.185154401407113764e+05 1.445238044259272865e+05 7.960035514202478225e+04 4.054443444929413090e+04 3.331186983064452943e+04 3.020260561584960669e+04 3.025619960363667269e+04 2.983024340888925872e+04 2.745895101434214303e+04 2.364358067047728400e+04 2.031233658230491710e+04 1.840813366900926121e+04 1.784642570751620224e+04 1.748728744080062097e+04 1.642894056642222495e+04 1.471099879038937434e+04 1.291707072212398634e+04 1.166903665509385246e+04 1.109559150803942975e+04 1.083364827919344680e+04 1.041789747574865942e+04 9.666207671290423605e+03 8.707352621400499629e+03
6.030291667500838230e+04 1.340392872295994312e+05 1.037903689922459889e+05 6.128401522072487569e+04 3.741528172413483844e+04 2.684198732397271669e+04 2.604018591227653815e+04 2.773851132419643545e+04 6.336483091959914600e+04 1.809374737972390139e+05 4.212024932567051292e+04 1.467772817725216009e+04 1.197281226023133058e+04 1.134159047424884557e+04 1.175583955327445801e+04 1.141614678665350948e+04 1.015815500545788382e+04 8.728846363867629407e+03 7.750954379455502931e+03 7.440034703519208051e+03 7.399354553001838212e+03 7.135202743337797074e+03 6.521462554013286535e+03 5.747603285926725221e+03 5.128888614278052046e+03 4.817177295233661425e+03 4.708553064100562551e+03 4.584353028482839363e+03 4.316151896145856881e+03 3.919009801800946661e+03 1.671680433004649822e+05 3.909615503293043002e+05 3.080779964064079104e+05 1.831009265145783429e+05 1.118457634648724343e+05 8.046768858896361780e+04 6.941513227761436428e+04 6.151673143030972278e+04 7.662228739271071390e+04 8.462312898394151125e+04 4.947396682142362988e+04 2.501639889448915710e+04 2.222713530328295747e+04 2.165328403550881558e+04 2.178309063496545423e+04 2.048497669094218145e+04 1.789147914533928270e+04 1.535497693223411443e+04 1.375609113543722924e+04 1.326198976051739555e+04 1.308518467301010969e+04 1.244661979193220395e+04 1.123991790911990392e+04 9.848631415307816496e+03 8.797950401903328384e+03 8.291023451466797269e+03 8.101762996012763324e+03 7.849591265197369466e+03 7.338730312802765184e+03 6.621334911206282413e+03
5.445008081056148512e+04 1.244799504226343124e+05 1.015729243861925497e+05 6.340979035182949156e+04 3.974742842863347323e+04 2.844077656725475754e+04 2.328124155162861280e+04 2.235093889094234328e+04 2.129027714812861814e+04 4.212024932567051292e+04 1.219114261892247741e+05 2.926096088038779271e+04 1.081261939866333341e+04 9.530654432588235068e+03 9.174801418704078969e+03 8.979297293550396716e+03 8.187466694326071774e+03 7.210341279129012037e+03 6.427619657805827956e+03 6.058550936664198161e+03 5.914054290197858791e+03 5.690022467945869721e+03 5.265194114456998250e+03 4.714073501839162418e+03 4.228151045165337564e+03 3.928637958486222487e+03 3.782034494462635394e+03 3.658350510181509890e+03 3.461141144274644830e+03 3.178726752211959138e+03 1.431775696629168233e+05 3.417401948579828022e+05 2.766615860665922519e+05 1.686018836546808016e+05 1.035412453795285546e+05 7.369014831816630613e+04 5.939265832888268051e+04 5.077893313412748103e+04 4.080835185797981103e+04 4.743192491447288194e+04 5.334846372641426569e+04 3.118957680583432375e+04 1.682213518585562997e+04 1.591862690147324793e+04 1.556066826752702036e+04 1.486198464168595456e+04 1.332134055351073039e+04 1.171366520386283810e+04 1.054717077232478550e+04 1.003403968716105737e+04 9.770500314506341965e+03 9.297315744757943321e+03 8.501557743026172830e+03 7.559204062031172725e+03 6.782255514008495084e+03 6.329064384639170385e+03 6.104582485520086266e+03 5.886150810431807258e+03 5.532489712206381228e+03 5.046134303195680332e+03
2.760926444964219991e+04 6.627633886425534729e+04 6.502260739788991486e+04 4.811389717275819567e+04 3.423177755080818315e+04 2.628864220949861556e+04 2.174013114566588774e+04 1.839938916550681461e+04 1.634283808357668386e+04 1.467772817725216009e+04 2.926096088038779271e+04 8.957706379955381271e+04 2.216309850143842777e+04 9.015539532292270451e+03 8.154553880855598436e+03 7.553755824541833135e+03 7.006522665501868687e+03 6.339627679079741938e+03 5.751757385818425973e+03 5.375297517621920633e+03 5.135049382532912205e+03 4.877223506289808938e+03 4.536357515211377176e+03 4.132395548398559185e+03 3.757377877802095099e+03 3.481596759199373992e+03 3.298809082212493195e+03 3.147352808641971478e+03 2.972227607132049343e+03 2.755412200206455054e+03 9.289890119141977630e+04 2.311322443866794929e+05 2.042914845771614928e+05 1.357181550609933911e+05 8.941749488014272356e+04 6.622611769096595526e+04 5.350959532739015413e+04 4.309280294872575905e+04 3.346246257454813895e+04 2.517057724806691112e+04 3.077803105918933579e+04 3.366425125821458641e+04 2.277027164866915700e+04 1.300323866680444189e+04 1.241281909211808306e+04 1.159855123981483121e+04 1.062767683015202965e+04 9.632417135617401073e+03 8.852134523763161269e+03 8.379842189740938920e+03 8.016056207476069176e+03 7.547169319711250864e+03 6.942827888241125038e+03 6.283989495612957398e+03 5.718749577575191324e+03 5.326022990036674855e+03 5.061430584859084775e+03 4.818018994167627170e+03 4.522852311993582589e+03 4.166579428019320403e+03
7.710664744204783347e+03 1.638536109254792973e+04 2.883785751674898347e+04 3.041858161777233909e+04 2.629386361992185630e+04 2.273999526794384292e+04 2.010695378845512460e+04 1.734557996211556019e+04 1.410212357720346336e+04 1.197281226023133058e+04 1.081261939866333341e+04 2.216309850143842777e+04 6.964659099895108375e+04 1.827881202433629005e+04 8.319108521574251427e+03 7.395004358089718153e+03 6.521707406031313440e+03 5.938544776811648262e+03 5.483111698107745724e+03 5.194282834609748534e+03 4.949555301357317148e+03 4.641258481723126351e+03 4.272029587478720714e+03 3.895478647595195525e+03 3.578146389005701167e+03 3.344372456056345072e+03 3.164842210001098465e+03 2.990460781336187210e+03 2.797647152829195875e+03 2.587754197078377729e+03 5.621476125524267991e+04 1.399976913004415692e+05 1.375976364068184048e+05 1.025295460731038474e+05 7.406661687081074342e+04 5.881698803554053302e+04 4.954548522076507652e+04 4.038379086202189501e+04 3.021218522961166673e+04 2.227744445016072859e+04 1.712217070710637199e+04 2.190710829233307959e+04 2.615969423710299452e+04 1.792647054913031752e+04 1.144879540153408743e+04 1.054240172177399290e+04 9.414572099145010725e+03 8.608106864881598085e+03 8.077532188646751820e+03 7.788021049854469311e+03 7.466440204330475353e+03 6.960796713301362615e+03 6.341051419141456790e+03 5.743128134140894872e+03 5.282135565044060058e+03 4.970263048710647126e+03 4.727733850107018043e+03 4.464716515831309152e+03 4.155492212582188586e+03 3.821553458751849575e+03
9.005805524141615024e+03 1.410334476328428718e+04 2.221480508748794091e+04 2.417788938943620451e+04 2.197480000799866684e+04 2.007363542938437968e+04 1.899812893665314186e+04 1.733541268886116814e+04 1.442233061688997623e+04 1.134159047424884557e+04 9.530654432588235068e+03 9.015539532292270451e+03 1.827881202433629005e+04 5.493636348237597849e+04 1.539475585050171321e+04 7.668322810516802747e+03 6.507828054670411802e+03 5.626047622873891669e+03 5.222523642693558941e+03 5.058255232892457570e+03 4.905901829021813683e+03 4.595318481726872051e+03 4.165903366272806124e+03 3.741471445913917705e+03 3.431833767518255172e+03 3.245470684716687174e+03 3.107963902385247820e+03 2.940366992247483722e+03 2.724573278740143451e+03 2.490190242701515672e+03 5.292338589385029627e+04 1.240993491096375074e+05 1.169645322515012813e+05 8.663833255022965022e+04 6.380507385741909093e+04 5.235487429307035927e+04 4.619381450198740640e+04 3.930441961980580527e+04 3.014906538145255763e+04 2.172072112638221734e+04 1.622955491023729337e+04 1.351507390726291123e+04 1.839096511813967663e+04 1.924795105199777026e+04 1.538281737394965603e+04 1.013096151986281620e+04 8.824711275711390044e+03 7.798600744785739153e+03 7.376285000951562324e+03 7.323400742798171450e+03 7.199966419496312483e+03 6.736487327844715765e+03 6.048811756773558955e+03 5.385523282074887902e+03 4.942104210779054483e+03 4.716272471983646028e+03 4.558482899662929412e+03 4.325906279910053854e+03 3.995708928902370644e+03 3.632886157793768689e+03
2.637402647892593086e+04 5.231692343552328384e+04 4.445817900991167699e+04 3.132073836517192103e+04 2.301693632622672521e+04 1.935231888731173603e+04 1.823458040625117428e+04 1.727616204155782179e+04 1.483516253539412719e+04 1.175583955327445801e+04 9.174801418704078969e+03 8.154553880855598436e+03 8.319108521574251427e+03 1.539475585050171321e+04 4.324178137177152530e+04 1.269568015465997087e+04 6.411323253500593637e+03 5.357387172821829154e+03 4.775587827037446004e+03 4.685963058905883372e+03 4.631822164800427345e+03 4.382098010928455551e+03 3.950710568871137184e+03 3.495884082056345505e+03 3.174998549278346218e+03 3.015400915677314060e+03 2.921932114444434774e+03 2.784359939677247439e+03 2.571276068709803440e+03 2.322578286551860401e+03 7.463492718145392428e+04 1.709578764252788387e+05 1.405321976087783696e+05 9.049398460567896836e+04 6.073500905072317983e+04 4.781841189355078677e+04 4.239579409478609159e+04 3.739337549566366943e+04 2.969029071646328885e+04 2.175178254849998484e+04 1.578311187456538755e+04 1.283832607328676022e+04 1.199519860682575018e+04 1.526919038414476017e+04 1.591850819445508751e+04 1.231422773892177065e+04 7.924752357609827413e+03 6.836429121157802001e+03 6.339361759743826042e+03 6.439426920478897955e+03 6.516127757611000561e+03 6.195311759666893522e+03 5.541603560775283768e+03 4.852968144822472823e+03 4.404985666361126277e+03 4.233845143867210936e+03 4.162612841200607363e+03 3.998127629245981552e+03 3.692709890609898139e+03 3.324645957349258879e+03
4.391618588406703202e+04 9.320012214042342384e+04 7.049117159000301035e+04 4.189948184180744283e+04 2.632353024299597746e+04 1.973905270583425590e+04 1.743446589433606277e+04 1.627969350606471926e+04 1.418522535458638959e+04 1.141614678665350948e+04 8.979297293550396716e+03 7.553755824541833135e+03 7.395004358089718153e+03 7.668322810516802747e+03 1.269568015465997087e+04 3.375025333091663197e+04 9.961694800551062144e+03 5.004506588253925656e+03 4.338949889529477332e+03 4.108800453161105906e+03 4.086009800402388464e+03 3.904600413002714959e+03 3.545670709192289905e+03 3.132609441021893417e+03 2.823174813140142760e+03 2.665740218948605616e+03 2.585132580844790937e+03 2.473072563604055176e+03 2.286421790560836598e+03 2.054516366911815567e+03 9.730446214073139708e+04 2.228071109618473565e+05 1.707645006972234114e+05 1.000891880081971176e+05 6.119482630176427483e+04 4.478098156080687477e+04 3.817338782587843161e+04 3.359147396691885660e+04 2.719521425007698417e+04 2.030112603896739165e+04 1.488313991166513733e+04 1.184086641318431793e+04 1.088898252771922125e+04 1.045575932814474436e+04 1.249271008799188530e+04 1.141679127873182370e+04 8.875815284155989502e+03 5.606371052671271173e+03 5.129416564843733795e+03 5.190285927626990087e+03 5.349765583619564495e+03 5.176331944483305051e+03 4.678764164174415782e+03 4.092337788312702287e+03 3.688106440303667114e+03 3.537391184189846626e+03 3.501295461172728210e+03 3.395297835482952905e+03 3.154280408044646720e+03 2.837271071378959277e+03
4.254081344645832723e+04 9.517747509922661993e+04 7.418710338308583596e+04 4.416213495290442370e+04 2.715885769177963448e+04 1.956264816683640311e+04 1.628940097685861838e+04 1.449161829144197691e+04 1.245089425395431681e+04 1.015815500545788382e+04 8.187466694326071774e+03 7.006522665501868687e+03 6.521707406031313440e+03 6.507828054670411802e+03 6.411323253500593637e+03 9.961694800551062144e+03 2.658849951382065774e+04 7.789120933316440642e+03 4.004559375901074418e+03 3.655063354896697092e+03 3.490344347958948674e+03 3.346774081161402592e+03 3.079039474513031109e+03 2.756052053256477848e+03 2.486879964449934505e+03 2.322947550328246052e+03 2.224992787976911131e+03 2.117348166127577315e+03 1.959241369045357715e+03 1.761623982963737944e+03 9.134344819531726534e+04 2.160739562713627820e+05 1.686323624919713475e+05 9.861521957995655248e+04 5.912519452804150933e+04 4.182655114609735028e+04 3.406921533608333266e+04 2.891370376814968040e+04 2.316351411444884434e+04 1.749736943890192924e+04 1.311478065169261026e+04 1.061092216835840009e+04 9.507381607730030737e+03 8.930165270412313475e+03 8.038055282893245021e+03 8.807956804243131046e+03 7.362724053776997607e+03 6.287539612436572497e+03 4.020861127525244228e+03 4.010127537089468206e+03 4.106038184158961485e+03 4.025887985470178592e+03 3.710724211976300467e+03 3.304124194981477103e+03 2.993530244635067902e+03 2.852919290797219219e+03 2.804674997606040961e+03 2.722248263935314753e+03 2.547759393522053870e+03 2.310399180997423173e+03
2.642749126063406584e+04 6.061329649593156500e+04 5.303442391021491494e+04 3.561700194535350602e+04 2.392951308763543057e+04 1.804977166985825897e+04 1.497562119004194574e+04 1.282104277579369227e+04 1.069766863611201916e+04 8.728846363867629407e+03 7.210341279129012037e+03 6.339627679079741938e+03 5.938544776811648262e+03 5.626047622873891669e+03 5.357387172821829154e+03 5.004506588253925656e+03 7.789120933316440642e+03 2.172711826504748751e+04 6.460502735199913332e+03 3.464940335050556314e+03 3.189991617421004776e+03 2.958232188339099594e+03 2.746474573885143400e+03 2.497225015502179303e+03 2.273434082317492539e+03 2.108560357254539667e+03 1.987113241561296263e+03 1.866541024709481462e+03 1.719844583476525258e+03 1.547197468675567507e+03 6.319055332273745444e+04 1.544511205283815507e+05 1.300856073687091412e+05 8.229518867736932589e+04 5.232746908289815474e+04 3.814275801634418895e+04 3.083587222135101547e+04 2.526901126918791488e+04 1.966867502125838655e+04 1.480722814689517691e+04 1.134479134623603750e+04 9.433489734324084566e+03 8.501596784684043087e+03 7.723296209409494622e+03 6.770083150114187447e+03 5.584984576537322937e+03 5.992127047859900813e+03 5.511785015716935959e+03 4.697520674644936662e+03 3.245108354712089294e+03 3.278123575923862518e+03 3.206196526330053530e+03 3.010169197989161148e+03 2.747512662449933487e+03 2.531660410575008427e+03 2.409018562268513051e+03 2.341297280356922784e+03 2.256425831650481996e+03 2.119301086248825413e+03 1.942370893124193344e+03
9.945606108313830191e+03 2.124441470136908902e+04 2.572437774480877852e+04 2.301477133782370220e+04 1.854154768385934585e+04 1.554409604329480499e+04 1.360104310503055603e+04 1.172644127651814961e+04 9.616639706707006553e+03 7.750954379455502931e+03 6.427619657805827956e+03 5.751757385818425973e+03 5.483111698107745724e+03 5.222523642693558941e+03 4.775587827037446004e+03 4.338949889529477332e+03 4.004559375901074418e+03 6.460502735199913332e+03 1.835117229492291517e+04 5.606811858402407779e+03 3.165385644076649442e+03 2.864552588443049899e+03 2.584328461321834766e+03 2.363361295501696986e+03 2.169585260139624552e+03 2.016817343598902198e+03 1.885261375240296957e+03 1.747441286830098761e+03 1.591425638303082906e+03 1.421410704872598444e+03 3.507953633756859927e+04 8.699901134918144089e+04 8.317378513527059113e+04 6.058763881793624023e+04 4.299094843164386111e+04 3.370240090280561708e+04 2.827854866335690895e+04 2.320237419910037715e+04 1.772769475990950014e+04 1.316613745812527486e+04 1.012116548927587792e+04 8.576126471154711908e+03 7.877028354805940580e+03 7.196259408499417987e+03 6.181365530101022159e+03 5.028776051537797684e+03 4.013763808474973303e+03 4.733593037940198883e+03 4.043612910098626344e+03 3.846910940505015787e+03 2.905985830415839700e+03 2.823032422855021650e+03 2.646712349372516655e+03 2.446976324443760859e+03 2.293089668018995781e+03 2.205152210435017878e+03 2.140248606231538361e+03 2.048382259216674811e+03 1.915827717051748095e+03 1.760614040696558732e+03
2.885958829723935651e+03 4.000134751070019320e+03 1.271180870672694255e+04 1.561985420054274800e+04 1.454316429990216056e+04 1.329716464925275068e+04 1.242980704270783281e+04 1.120983191620247635e+04 9.323417268998811778e+03 7.440034703519208051e+03 6.058550936664198161e+03 5.375297517621920633e+03 5.194282834609748534e+03 5.058255232892457570e+03 4.685963058905883372e+03 4.108800453161105906e+03 3.655063354896697092e+03 3.464940335050556314e+03 5.606811858402407779e+03 1.576980289067136619e+04 5.084440696716459570e+03 2.954209562424347951e+03 2.604833393190810966e+03 2.303008738256800825e+03 2.113228750910644976e+03 1.977817324552557466e+03 1.857710061379813396e+03 1.712510878512864565e+03 1.536458630597710226e+03 1.346779189254799348e+03 2.201118138619241654e+04 5.530616100459771405e+04 5.921920770043483208e+04 4.712341202812865959e+04 3.585352797698882932e+04 2.974558994166667253e+04 2.621132684732513735e+04 2.229145500248387543e+04 1.726285430956898927e+04 1.274283418016713949e+04 9.651457798020253904e+03 8.122715334838449053e+03 7.586913253337206697e+03 7.127915417500742478e+03 6.252727940499731631e+03 5.058910545184804505e+03 3.975082343271477384e+03 3.319518319618324313e+03 3.961283260358389271e+03 3.157186750952531838e+03 3.631407144203539247e+03 2.739631758553757209e+03 2.533602657038817597e+03 2.312339655593269526e+03 2.175242476607665594e+03 2.127492167790431267e+03 2.098382573387187222e+03 2.015795286310445363e+03 1.871818183828935616e+03 1.703021788240121168e+03
1.209930148734184331e+04 2.164440596957702655e+04 2.093684360239907983e+04 1.730861775083875182e+04 1.397304336111165321e+04 1.223897024215430429e+04 1.158637741971176183e+04 1.083402089899183193e+04 9.252158377868949174e+03 7.399354553001838212e+03 5.914054290197858791e+03 5.135049382532912205e+03 4.949555301357317148e+03 4.905901829021813683e+03 4.631822164800427345e+03 4.086009800402388464e+03 3.490344347958948674e+03 3.189991617421004776e+03 3.165385644076649442e+03 5.084440696716459570e+03 1.364435381952989337e+04 4.515968743622030161e+03 2.634342750853240432e+03 2.270764206561545507e+03 2.015943313654492158e+03 1.889423882002860864e+03 1.786316762876480425e+03 1.647707276794061727e+03 1.459138896278026095e+03 1.246414934643767765e+03 3.493982125299824111e+04 7.886061058555587078e+04 6.843182503836600517e+04 4.749921854852632532e+04 3.362885428559787397e+04 2.722515067992330296e+04 2.432049281606882141e+04 2.138711033100559143e+04 1.702946481719153235e+04 1.266318765549809905e+04 9.455641572931308474e+03 7.802511028553140932e+03 7.291653605265024453e+03 7.017463459841397707e+03 6.329636556905383259e+03 5.203272160204067404e+03 4.044077098721289531e+03 3.305128955661312830e+03 2.993862768605922611e+03 3.704085770888757907e+03 2.694922646031210206e+03 3.237147614713895564e+03 2.402690124749927236e+03 2.150022413080007937e+03 2.007528366829457809e+03 1.987795026887972426e+03 2.001763858972691651e+03 1.949022903260709427e+03 1.806901487410926620e+03 1.623054350434201979e+03
2.327004338908004138e+04 4.872319317608616257e+04 3.803294286685454426e+04 2.366777515387956009e+04 1.565272161241342474e+04 1.220114197222581424e+04 1.095640386963792844e+04 1.020187742293098199e+04 8.835363114682631931e+03 7.135202743337797074e+03 5.690022467945869721e+03 4.877223506289808938e+03 4.641258481723126351e+03 4.595318481726872051e+03 4.382098010928455551e+03 3.904600413002714959e+03 3.346774081161402592e+03 2.958232188339099594e+03 2.864552588443049899e+03 2.954209562424347951e+03 4.515968743622030161e+03 1.169533867414658744e+04 3.851824217408206096e+03 2.195121108823867871e+03 1.900722316741690065e+03 1.723886242960917116e+03 1.624185337123702084e+03 1.493103606013308763e+03 1.306627403951312772e+03 1.084477141786390348e+03 5.112131560114894091e+04 1.176545894715817703e+05 9.183310323661440634e+04 5.512570349616091698e+04 3.470385375083336839e+04 2.600631304823873506e+04 2.244223990040375793e+04 1.978755546985745605e+04 1.602887121938433120e+04 1.206917820181247953e+04 9.008073243613256636e+03 7.342030773478476476e+03 6.783623973730032048e+03 6.545105836763852494e+03 5.993440708900183381e+03 5.004614449912189230e+03 3.924875727670069864e+03 3.180605220068786366e+03 2.854160114675024488e+03 2.799177181225441927e+03 3.210928479912770399e+03 2.093287190278299022e+03 2.552836302312473435e+03 1.868662709696469847e+03 1.727854916825432838e+03 1.721752923886572717e+03 1.757953692204943763e+03 1.735298931447821360e+03 1.618310202942030628e+03 1.444786650461130193e+03
2.822167697601476539e+04 6.151438660877107031e+04 4.707524478921569244e+04 2.772299757993912863e+04 1.701195094573221286e+04 1.235724232351910723e+04 1.041833591864431583e+04 9.330465117926440143e+03 8.011677680445060105e+03 6.521462554013286535e+03 5.265194114456998250e+03 4.536357515211377176e+03 4.272029587478720714e+03 4.165903366272806124e+03 3.950710568871137184e+03 3.545670709192289905e+03 3.079039474513031109e+03 2.746474573885143400e+03 2.584328461321834766e+03 2.604833393190810966e+03 2.634342750853240432e+03 3.851824217408206096e+03 9.926580672262076405e+03 3.164212113379855964e+03 1.779489268919366168e+03 1.562606291916735699e+03 1.410729965746281550e+03 1.276958487967199289e+03 1.096865710754615066e+03 8.793174158249248649e+02 5.767967621050970774e+04 1.341723193610867602e+05 1.030513804214260308e+05 5.955549821478257945e+04 3.550872922417566588e+04 2.520313369677835726e+04 2.071539648039175518e+04 1.773767889299977469e+04 1.429154170148978847e+04 1.084657616900890025e+04 8.190219355021164120e+03 6.706497610377142337e+03 6.127790476233867594e+03 5.820976486124100120e+03 5.303354851653401056e+03 4.467020783992633369e+03 3.561288058398195062e+03 2.926084560048182539e+03 2.611470493702665408e+03 2.524963128186866015e+03 2.409877946233059447e+03 2.593422622572672481e+03 1.343727316150552952e+03 1.868963421742069841e+03 1.398647569964120976e+03 1.390509511681254708e+03 1.430690158371644884e+03 1.423481006561484719e+03 1.338622762232078912e+03 1.198271458337894046e+03
2.261527752179017989e+04 5.069967332059601904e+04 4.088639753201171698e+04 2.542612320899451879e+04 1.621104091136665738e+04 1.188433949483803190e+04 9.800243843775951973e+03 8.441247830522570439e+03 7.068119428327522655e+03 5.747603285926725221e+03 4.714073501839162418e+03 4.132395548398559185e+03 3.895478647595195525e+03 3.741471445913917705e+03 3.495884082056345505e+03 3.132609441021893417e+03 2.756052053256477848e+03 2.497225015502179303e+03 2.363361295501696986e+03 2.303008738256800825e+03 2.270764206561545507e+03 2.195121108823867871e+03 3.164212113379855964e+03 8.480985924959346448e+03 2.616329365685526682e+03 1.437884689623862869e+03 1.240659448189809154e+03 1.059647325427531541e+03 8.792225088774399637e+02 6.678130705431904062e+02 4.765318598404363729e+04 1.138233948206255154e+05 9.083182931503126747e+04 5.455924388959785574e+04 3.340044493201943988e+04 2.379620556201125146e+04 1.915044206083066820e+04 1.583236491269530052e+04 1.244797062965193982e+04 9.416071596190868149e+03 7.209572726582202449e+03 6.005522193906581379e+03 5.485831909063994317e+03 5.115437298079479660e+03 4.575210955975388060e+03 3.840896248308536087e+03 3.110301409373732895e+03 2.612178094901795703e+03 2.353972752265543932e+03 2.241272981435773545e+03 2.097853099746031148e+03 1.848328235828018478e+03 1.880617041755275750e+03 4.650362123475994736e+02 1.347309657071013589e+03 1.095363530394664394e+03 1.118680844803930086e+03 1.121719274141037658e+03 1.060128186239368233e+03 9.547345262877358891e+02
1.204713131304540548e+04 2.676834140175521679e+04 2.541557561316475767e+04 1.871363066436201916e+04 1.349285645080225549e+04 1.066979347363979650e+04 9.068763528735926229e+03 7.760324400166129635e+03 6.372244035329222243e+03 5.128888614278052046e+03 4.228151045165337564e+03 3.757377877802095099e+03 3.578146389005701167e+03 3.431833767518255172e+03 3.174998549278346218e+03 2.823174813140142760e+03 2.486879964449934505e+03 2.273434082317492539e+03 2.169585260139624552e+03 2.113228750910644976e+03 2.015943313654492158e+03 1.900722316741690065e+03 1.779489268919366168e+03 2.616329365685526682e+03 7.300124623089703164e+03 2.178969739371003470e+03 1.135098286879387615e+03 9.144556900591362592e+02 6.933463558594874030e+02 4.777343733708450486e+02 2.985050363403070151e+04 7.312539548299546004e+04 6.442241715763932734e+04 4.302654682569429133e+04 2.866201753510804701e+04 2.159398204111211089e+04 1.774586571357064531e+04 1.452965827250365328e+04 1.118355201163102174e+04 8.353370651031917077e+03 6.419507928373292998e+03 5.423614957518515439e+03 5.006092110555327054e+03 4.653546398349091760e+03 4.109574407412232176e+03 3.417859353206138621e+03 2.776738609295844071e+03 2.367600625404320454e+03 2.165752690758256904e+03 2.065595288208564853e+03 1.912763532263679735e+03 1.662398325429286388e+03 1.375886950805938795e+03 1.328255577787786024e+03 1.181877320308922066e+02 1.108435998680371540e+03 9.076063586697011942e+02 9.039786340175609212e+02 8.611474584271327330e+02 7.743951818786493959e+02
4.678114849016097651e+03 9.271839179286198487e+03 1.310714083858135018e+04 1.269396604872747776e+04 1.068339469327099869e+04 9.246313060691030842e+03 8.332597641278305673e+03 7.337801671294841071e+03 6.043808666468748925e+03 4.817177295233661425e+03 3.928637958486222487e+03 3.481596759199373992e+03 3.344372456056345072e+03 3.245470684716687174e+03 3.015400915677314060e+03 2.665740218948605616e+03 2.322947550328246052e+03 2.108560357254539667e+03 2.016817343598902198e+03 1.977817324552557466e+03 1.889423882002860864e+03 1.723886242960917116e+03 1.562606291916735699e+03 1.437884689623862869e+03 2.178969739371003470e+03 6.315426306256438693e+03 1.787682167992876202e+03 8.223346934904689078e+02 5.637058538938888432e+02 3.051389191284209801e+02 1.721487993315151107e+04 4.303702410779947240e+04 4.322832961993863864e+04 3.269777834088801319e+04 2.388699475906073349e+04 1.919496437755772422e+04 1.650320689139195019e+04 1.381564528144989890e+04 1.065041426112000954e+04 7.880239945439821895e+03 5.992474867393873865e+03 5.050884543208256218e+03 4.710718771663901862e+03 4.442233076548047393e+03 3.950606759395018344e+03 3.275300119892631301e+03 2.638687122488384830e+03 2.241630345449994820e+03 2.069057077650847532e+03 2.004638155990556243e+03 1.875759607821924419e+03 1.632879089944390671e+03 1.338977193162782442e+03 1.081862335873176562e+03 1.085911989372785683e+03 7.539650976796015147e-01 9.212285505529570173e+02 7.802504151228088176e+02 7.343511328878921631e+02 6.584257873408769228e+02
