9.216805737051644921e+07 1.249741266653780267e+07 7.153033996581570245e+05 1.054344823151999735e+05 -1.121750283450367351e+04 -9.461979401165139279e+03 -1.071526178422331577e+04 -4.442855133437436962e+03 8.963620532971266584e+03 1.696485538962375722e+04 1.580407273996347794e+04 6.949955971307090294e+03 2.608520328311789171e+02 8.943604215748850947e+02 7.181523726333562990e+03 1.358079969914400681e+04 1.337683792479734257e+04 7.959467020613232307e+03 2.332426177890980398e+03 -6.056723136417182474e+01 3.208867551486850971e+03 7.185508905255181162e+03 9.009591795340103999e+03 7.150549572478899790e+03 3.539323392602519561e+03 1.016387588329603659e+03 1.402863548128322691e+03 3.399227449887688635e+03 5.180063799289622693e+03 5.156551402074279395e+03 5.201886989573318511e+07 2.993893829787536711e+07 2.948586331812090240e+06 5.514073261460834183e+05 7.903394846772082383e+04 6.024910490448595374e+04 4.631587890415024594e+04 4.479669206923203456e+04 5.401749434720468707e+04 5.705812069013950531e+04 4.924602908433478297e+04 3.189068774712934828e+04 1.902837098141603929e+04 1.781045446988118056e+04 2.546882049669815024e+04 3.360102986673683336e+04 3.170621396439506498e+04 2.192678542595464387e+04 1.206294234925091041e+04 7.421009957120864783e+03 1.194740568364205319e+04 1.767601355823833728e+04 2.005584296617874861e+04 1.659181747500713391e+04 1.035200981698562100e+04 5.894766182672607101e+03 6.183038768751134739e+03 9.121255109559639095e+03 1.175744708160980008e+04 1.149612146210394712e+04
1.249741266653780267e+07 3.023762243975299597e+07 3.701267777663582936e+06 2.438705009895404801e+05 4.815447793755878229e+04 -1.214427448868752981e+04 -1.919614866575330961e+04 -9.214636268489906797e+03 1.824707542308680058e+04 3.767416088931243576e+04 3.610974913550136262e+04 1.689321181389428239e+04 1.064027235971218204e+02 -2.328681410076783038e+02 1.360972836420182284e+04 2.846164576927836970e+04 2.972287042060025487e+04 1.812072159356599514e+04 4.681594100223102032e+03 -1.146225960259799194e+03 5.155008725389492611e+03 1.477602466288415235e+04 1.944907785651239828e+04 1.589032964470676416e+04 7.719716403770945362e+03 1.737929024703554887e+03 2.089702400625211340e+03 6.659940727091840017e+03 1.090218517642251390e+04 1.129641925018453185e+04 5.965486892530424520e+06 1.573205251234777831e+07 7.902950469019124284e+06 1.126529383338695858e+06 3.746657961081925314e+05 1.490816003710663063e+05 1.134642218838100962e+05 1.060799496183229494e+05 1.246315998194073036e+05 1.345278167775504990e+05 1.181113084921743430e+05 7.965174698602533317e+04 4.773615230620616057e+04 4.221830147126542579e+04 5.887905040524563810e+04 7.739404418306733714e+04 7.526863023576293199e+04 5.372290529980133579e+04 3.001808714152126049e+04 1.886120069867904385e+04 2.718293421914483042e+04 4.091719510750294285e+04 4.682564088896311296e+04 3.972908009503553330e+04 2.542617914890910470e+04 1.483331378921368196e+04 1.456470405832439974e+04 2.118408860801366973e+04 2.731506283087690099e+04 2.728300504446048581e+04
7.153033996581570245e+05 3.701267777663582936e+06 9.053480472680862993e+06 1.124746813582166098e+06 8.784293794206494931e+04 1.711417980573954992e+04 -1.047092883673990582e+04 -3.742795956100144394e+03 1.457068539658353257e+04 2.954593369093807996e+04 2.989517368893242383e+04 1.783542365777441591e+04 5.756807892738160263e+03 3.972499752785307464e+03 1.224093063470337074e+04 2.174701007103225857e+04 2.334434981364035048e+04 1.621550664398180015e+04 6.904235676254073041e+03 2.573372847575838932e+03 5.625485089039728337e+03 1.173139898939002160e+04 1.500312202376773166e+04 1.295108143546016072e+04 7.662847308095047993e+03 3.475575379798232461e+03 3.167563093268607190e+03 5.860540721646419115e+03 8.594176190249898355e+03 9.095348906333183550e+03 5.109890956718992675e+05 2.977668293775029480e+06 4.376578359348533675e+06 2.172546335138120688e+06 4.226316143464489141e+05 1.937005285844760947e+05 1.022000360696363496e+05 9.364910190091979166e+04 1.016089071600097232e+05 1.078906015721935255e+05 9.700599876293317357e+04 7.157164326331703342e+04 4.826622144159054733e+04 4.126774457479116973e+04 4.977833665086838300e+04 6.046363011085144535e+04 5.960385565835633315e+04 4.593583001976647938e+04 2.940083880358342140e+04 2.104750583780356828e+04 2.437952854381143698e+04 3.263891723792431731e+04 3.654261502236442175e+04 3.216898894573451980e+04 2.282969358063998516e+04 1.537648655170357233e+04 1.418661691049793990e+04 1.785188115989341532e+04 2.163305535274483918e+04 2.190342766768327419e+04
1.054344823151999735e+05 2.438705009895404801e+05 1.124746813582166098e+06 3.002203955108179245e+06 4.058178552057904308e+05 3.565592112032978912e+04 6.649153238075583431e+03 6.819596593402281997e+02 9.963251286530830839e+03 1.780915838951279147e+04 1.904622675796053954e+04 1.399383636195913277e+04 8.166199660515354481e+03 6.418730918505367299e+03 9.300569974539044779e+03 1.322725972941347936e+04 1.410399453337703380e+04 1.118600059326651899e+04 6.895453806773612087e+03 4.478226275407203502e+03 5.222864127813163577e+03 7.533932536088797860e+03 8.984539728121002554e+03 8.200146211105058683e+03 5.895919240261280720e+03 3.862416341181790813e+03 3.384842841026431415e+03 4.281298212286816124e+03 5.400327766430615156e+03 5.688603369995842513e+03 1.496978536581099033e+05 4.364967463578117313e+05 1.148541168671084102e+06 1.233840670929971151e+06 7.309677950798626989e+05 1.774762164345912752e+05 9.526180050243641017e+04 6.348624878642476688e+04 6.454008914801831997e+04 6.551910806075137953e+04 6.019147478720842628e+04 4.841587140349764377e+04 3.685813691384976846e+04 3.156470836841881101e+04 3.311218010488156870e+04 3.640442669127167028e+04 3.560484027131457697e+04 2.963768006044274080e+04 2.193501930951613031e+04 1.728766277969132352e+04 1.751414314567506517e+04 2.018151106381980935e+04 2.162558460987260332e+04 1.973020524644922989e+04 1.559471499755975856e+04 1.196258435071522035e+04 1.079466815666436560e+04 1.179961642785418007e+04 1.319050635433708158e+04 1.332214883781466779e+04
-1.121750283450367351e+04 4.815447793755878229e+04 8.784293794206494931e+04 4.058178552057904308e+05 1.233943985680178273e+06 1.847053644107064465e+05 1.685105430954374606e+04 6.540325519880192587e+03 6.852858999764584951e+03 1.096467119168310637e+04 1.204289031409541531e+04 1.024378739688840869e+04 7.690642699665357213e+03 6.495997673814870723e+03 7.145192284899223523e+03 8.450254786113560840e+03 8.764459221875174990e+03 7.642129849030100559e+03 5.813854206212869030e+03 4.531280658167024740e+03 4.447679413079680671e+03 5.097539770755645804e+03 5.583715754072922209e+03 5.296390342780222454e+03 4.358431958016974022e+03 3.418190041921714055e+03 3.017644665418615205e+03 3.183696165857410961e+03 3.539021325729310774e+03 3.640706840658925103e+03 8.049386518434743630e+04 2.246230716929038463e+05 2.470068511082022451e+05 4.584624664246774628e+05 4.577219128397669410e+05 3.143829863601351390e+05 8.643880705717676028e+04 5.365875499693841994e+04 4.133875546363867034e+04 4.030307318861239764e+04 3.724365615642556804e+04 3.212732499240705511e+04 2.683780203310171783e+04 2.347889302197255893e+04 2.255234235089997674e+04 2.263601168171571044e+04 2.166916474004257907e+04 1.908592469370656909e+04 1.574256586604069525e+04 1.329798880541526523e+04 1.258337350831182630e+04 1.293958062383548531e+04 1.312163257465608149e+04 1.226296974961107844e+04 1.052930119203679351e+04 8.847391065899311798e+03 7.987664748046860041e+03 7.982230289616234586e+03 8.281878935989814636e+03 8.228903825530594986e+03
-9.461979401165139279e+03 -1.214427448868752981e+04 1.711417980573954992e+04 3.565592112032978912e+04 1.847053644107064465e+05 6.406481214572642930e+05 9.953000317248364445e+04 1.121217834324314936e+04 7.772191336578348455e+03 7.781743288575416045e+03 8.557610440912292688e+03 7.897056425292775202e+03 6.814574010105565321e+03 6.122829710913987583e+03 6.098109091113172326e+03 6.357985842632378990e+03 6.316559584674949292e+03 5.787372898030554097e+03 4.945655896628955816e+03 4.243515991993637726e+03 3.963203965513868752e+03 4.001832918959772542e+03 4.066986145101252532e+03 3.894403249517465156e+03 3.474894161284825714e+03 3.005515008012436283e+03 2.709618243079695276e+03 2.640356819435614852e+03 2.687252567392306446e+03 2.671082514241605168e+03 6.073365566940222925e+04 1.509480386960240721e+05 1.490451826174332527e+05 1.230059748605450441e+05 2.175769972877509717e+05 2.163033053369707195e+05 1.676444315930369194e+05 5.145237755815349374e+04 3.599994545674949768e+04 2.856308948140114444e+04 2.626936475617727410e+04 2.363539170716786612e+04 2.116568080256968824e+04 1.911304918213063502e+04 1.765758262930058845e+04 1.655561776325412939e+04 1.536146400483035177e+04 1.393697769912707008e+04 1.233579278295064978e+04 1.099002536394483104e+04 1.014994366943213026e+04 9.704833662810615351e+03 9.350876711523174890e+03 8.773552801734474997e+03 7.951211240681250274e+03 7.103986390243187998e+03 6.498048049983715828e+03 6.198089996350057845e+03 6.069760622453468386e+03 5.877177199790858140e+03
-1.071526178422331577e+04 -1.919614866575330961e+04 -1.047092883673990582e+04 6.649153238075583431e+03 1.685105430954374606e+04 9.953000317248364445e+04 3.815250174972286914e+05 6.127881074056419311e+04 1.036876828314148770e+04 8.238321132916695205e+03 7.048513490432241269e+03 6.574361130252331350e+03 6.126193227066225518e+03 5.939195125808784724e+03 5.868015353784705439e+03 5.695300933930428982e+03 5.307573247277554401e+03 4.840013691128362552e+03 4.381134100349929213e+03 4.039151004227287558e+03 3.820456027574784912e+03 3.644662282048409907e+03 3.463971379784086821e+03 3.237933654562407355e+03 2.982262374748400816e+03 2.745968516489234389e+03 2.565651137840154661e+03 2.442118064766559655e+03 2.346505958385138001e+03 2.231491852599328922e+03 4.654611600067841937e+04 1.144458371314258839e+05 1.034689392618841957e+05 8.026016329359132214e+04 6.645039454638492316e+04 1.236536286150947853e+05 1.235526677082453243e+05 9.920248464529632474e+04 3.616190604000442545e+04 2.672371128792314266e+04 2.106351415282380913e+04 1.904570127380139456e+04 1.781222662013479930e+04 1.686731223484126531e+04 1.568623641242569283e+04 1.418572970829429687e+04 1.260569342163688998e+04 1.135129879105023610e+04 1.041600801404005324e+04 9.732129104611545699e+03 9.110736004983957173e+03 8.434908753305335267e+03 7.760521970825590870e+03 7.132544023528282196e+03 6.593221143935121290e+03 6.152191971842230487e+03 5.780736490257071637e+03 5.446080038022004373e+03 5.128321057233690226e+03 4.798245108603624431e+03
-4.442855133437436962e+03 -9.214636268489906797e+03 -3.742795956100144394e+03 6.819596593402281997e+02 6.540325519880192587e+03 1.121217834324314936e+04 6.127881074056419311e+04 2.348261754000257351e+05 4.017760725244553760e+04 9.753462223055998038e+03 7.339652103790744150e+03 5.731861143982405338e+03 5.456471245479140634e+03 5.628928891041473435e+03 5.776290571078646281e+03 5.503937331408641512e+03 4.861868901437217573e+03 4.247936184622652945e+03 3.872889674788169941e+03 3.751085480089218436e+03 3.687413658096827930e+03 3.500087142348843372e+03 3.190879041787647566e+03 2.858993377919540308e+03 2.612753904815036094e+03 2.480736893976482861e+03 2.407785717135666346e+03 2.313057348056065621e+03 2.167231678602329794e+03 1.983700537401697602e+03 4.520214222149215493e+04 1.070902084469794354e+05 9.455255379406557768e+04 6.450363138547768176e+04 4.870327537084776850e+04 4.364613691174966516e+04 8.022834068151839892e+04 6.771485382209633826e+04 6.311269207925708906e+04 2.642526987084861321e+04 1.960127460837267427e+04 1.557089280250655065e+04 1.478619599706331246e+04 1.467618961955343912e+04 1.418230012204463856e+04 1.281233021073480995e+04 1.098274883913374651e+04 9.543859282888821326e+03 8.766302931465514121e+03 8.498343778616304917e+03 8.234274902498007577e+03 7.650522105679105152e+03 6.841787628634919201e+03 6.070460396806152858e+03 5.553071236696330743e+03 5.296599153314220530e+03 5.136734219276788281e+03 4.896510289452329744e+03 4.536783438906619267e+03 4.116723336351590660e+03
8.963620532971266584e+03 1.824707542308680058e+04 1.457068539658353257e+04 9.963251286530830839e+03 6.852858999764584951e+03 7.772191336578348455e+03 1.036876828314148770e+04 4.017760725244553760e+04 1.447553747977583844e+05 2.676180025301180285e+04 7.581241278296174642e+03 5.473713862953811258e+03 4.603142496330462563e+03 4.863254196641069939e+03 5.142781040445061080e+03 4.959444133444029831e+03 4.311400435525864850e+03 3.652616284265539434e+03 3.271572078406137280e+03 3.218223761235905840e+03 3.249933764687702478e+03 3.126083511345868828e+03 2.823011368266500540e+03 2.464020574533841682e+03 2.206667186912742181e+03 2.102724558780086227e+03 2.080638293675066961e+03 2.029652504103825095e+03 1.898589443119180942e+03 1.710370362776966886e+03 5.449325223009055480e+04 1.256093264016547328e+05 1.023296840853970498e+05 6.515620883336858969e+04 4.220852906203125895e+04 3.431978431206307141e+04 3.294659752322368149e+04 5.290718391868847539e+04 4.285392822491329571e+04 3.971029427597464382e+04 1.742108994394649926e+04 1.311479248755352273e+04 1.132600832644885668e+04 1.158727369960964825e+04 1.161100518874284899e+04 1.069084051523587550e+04 9.065574798017893045e+03 7.660142484904512457e+03 6.918883301305333589e+03 6.811159614293297636e+03 6.786990627391219277e+03 6.410177111530487309e+03 5.700639223906446205e+03 4.938827960412434550e+03 4.427396836575689122e+03 4.233204054508758418e+03 4.183323612063655673e+03 4.054172621367129523e+03 3.760100793894104754e+03 3.364254989389234652e+03
1.696485538962375722e+04 3.767416088931243576e+04 2.954593369093807996e+04 1.780915838951279147e+04 1.096467119168310637e+04 7.781743288575416045e+03 8.238321132916695205e+03 9.753462223055998038e+03 2.676180025301180285e+04 9.130614841470596730e+04 1.770999689485426643e+04 5.236687153745288924e+03 4.111336260790760207e+03 3.908136371944124221e+03 4.156659934106580295e+03 4.064745316116113827e+03 3.581857603106543138e+03 3.038042585482628965e+03 2.689449413401942365e+03 2.618228714627415684e+03 2.647337411975063333e+03 2.568991699257928303e+03 2.337830580949484101e+03 2.039718038272763806e+03 1.809190044653185396e+03 1.707294563443543666e+03 1.686461272590820045e+03 1.653579412475016170e+03 1.557031714483711994e+03 1.406415149835270313e+03 5.734233177389265620e+04 1.351096647105956799e+05 1.082083548515980074e+05 6.571823678163386649e+04 4.066008905290166149e+04 2.922970658949870267e+04 2.615008145805664390e+04 2.485370367517292470e+04 3.479353482255154086e+04 2.508848629499935487e+04 2.410421085110607964e+04 1.079366422558377235e+04 8.881858631064744259e+03 8.447926475646756444e+03 8.636460108221199334e+03 8.105194504704059000e+03 6.953563956783154936e+03 5.863476671377681669e+03 5.238969391757398625e+03 5.138344917974243799e+03 5.159925881639786894e+03 4.929961500912348129e+03 4.415851074085368964e+03 3.815321496188690162e+03 3.383466123240014440e+03 3.210055724922370246e+03 3.177804144086405813e+03 3.102595188795156446e+03 2.897349077693887011e+03 2.595233921804934653e+03
1.580407273996347794e+04 3.610974913550136262e+04 2.989517368893242383e+04 1.904622675796053954e+04 1.204289031409541531e+04 8.557610440912292688e+03 7.048513490432241269e+03 7.339652103790744150e+03 7.581241278296174642e+03 1.770999689485426643e+04 6.146517992428006255e+04 1.231460896090469942e+04 3.853702509638361789e+03 3.345505825413171806e+03 3.233176679342061107e+03 3.189333798536193626e+03 2.885931849780695302e+03 2.514870957359511522e+03 2.236748768235930584e+03 2.133987136422442745e+03 2.114254330711702096e+03 2.046466337697014069e+03 1.886920195751201391e+03 1.675110596585547682e+03 1.495035431191451153e+03 1.394907242017907265e+03 1.355405129869708162e+03 1.319482679073993268e+03 1.248614467945340266e+03 1.141612225458879038e+03 4.919476833708814229e+04 1.181086427978524007e+05 9.678740979595706449e+04 5.993221138302813051e+04 3.715316035498162091e+04 2.642918730454479373e+04 2.142279441245283670e+04 1.923461189283407293e+04 1.658076509162239381e+04 2.158315860235791479e+04 1.393231562249849776e+04 1.567009202658761569e+04 7.216280258962200605e+03 6.469724458914191928e+03 6.145056297414450455e+03 5.853285192672541598e+03 5.148103512369722011e+03 4.446434690979707739e+03 3.993468955468812055e+03 3.864576853867188674e+03 3.831144914609830266e+03 3.661833218699786812e+03 3.319890494025343287e+03 2.910804934086099820e+03 2.593608843752660505e+03 2.437178188303982097e+03 2.382006516692506011e+03 2.314670671458577999e+03 2.172561826222631680e+03 1.966744512058373402e+03
6.949955971307090294e+03 1.689321181389428239e+04 1.783542365777441591e+04 1.399383636195913277e+04 1.024378739688840869e+04 7.897056425292775202e+03 6.574361130252331350e+03 5.731861143982405338e+03 5.473713862953811258e+03 5.236687153745288924e+03 1.231460896090469942e+04 4.507750291659345385e+04 9.215529460357043718e+03 3.223407344815963825e+03 2.885360138564666158e+03 2.654770374896194426e+03 2.451191708509166347e+03 2.200785803859909720e+03 1.993717873191535091e+03 1.881601801377476477e+03 1.820678638574104070e+03 1.739753498942086480e+03 1.614538649833901218e+03 1.461014716147352374e+03 1.323241791149636128e+03 1.230170135025590753e+03 1.174655610050915584e+03 1.127185859140544153e+03 1.065088845236698944e+03 9.839073014068733301e+02 3.160479718931313619e+04 7.924924300305458019e+04 7.098798371604605927e+04 4.785067948117789638e+04 3.175003446468127731e+04 2.348591926825101837e+04 1.905782133556251210e+04 1.564995497347955097e+04 1.278163446775111333e+04 1.023395040608233103e+04 1.386593307440245917e+04 8.799715567107821698e+03 1.109231631872965227e+04 5.582666839927302135e+03 5.026002414998312815e+03 4.500810665068040180e+03 4.050738020333994882e+03 3.609119608839922876e+03 3.307268706957701852e+03 3.178971420810875316e+03 3.093933372884214805e+03 2.928260097007096192e+03 2.673353426853196652e+03 2.388033758471221063e+03 2.158835695322664833e+03 2.022880826850848734e+03 1.946523848168864333e+03 1.867721185251011548e+03 1.751780001031506345e+03 1.602419656236264927e+03
2.608520328311789171e+02 1.064027235971218204e+02 5.756807892738160263e+03 8.166199660515354481e+03 7.690642699665357213e+03 6.814574010105565321e+03 6.126193227066225518e+03 5.456471245479140634e+03 4.603142496330462563e+03 4.111336260790760207e+03 3.853702509638361789e+03 9.215529460357043718e+03 3.466140627238275920e+04 7.506098113544803709e+03 3.016222401696179531e+03 2.646110872107506566e+03 2.294216329465792114e+03 2.072906871111838882e+03 1.911634693362292637e+03 1.828774001155898077e+03 1.764518200051209533e+03 1.664621466533954390e+03 1.528910205983593869e+03 1.384914523821139937e+03 1.267203892270450069e+03 1.188298785015681915e+03 1.133092155823887197e+03 1.076827269170215004e+03 1.008063852022965762e+03 9.291029136741498178e+02 1.875880669779680466e+04 4.734361917829643062e+04 4.768396236429028795e+04 3.627515513242141606e+04 2.641254163633084318e+04 2.093018949965879438e+04 1.770235919609238044e+04 1.471688159724968864e+04 1.129430791824875996e+04 8.679194053305604029e+03 6.940316823998173277e+03 1.010606673187805791e+04 6.261417234153313075e+03 8.965114086483989013e+03 4.916779217398494438e+03 4.267603185049673812e+03 3.609103019546799260e+03 3.239017856631067843e+03 3.027697445982661975e+03 2.963221147840333288e+03 2.891444038729920976e+03 2.712525064486885640e+03 2.453686040609963129e+03 2.192197258741322457e+03 2.001356398366375743e+03 1.894018091193061537e+03 1.824633421560624811e+03 1.738317257416741541e+03 1.617650058639398594e+03 1.477079543633233243e+03
8.943604215748850947e+02 -2.328681410076783038e+02 3.972499752785307464e+03 6.418730918505367299e+03 6.495997673814870723e+03 6.122829710913987583e+03 5.939195125808784724e+03 5.628928891041473435e+03 4.863254196641069939e+03 3.908136371944124221e+03 3.345505825413171806e+03 3.223407344815963825e+03 7.506098113544803709e+03 2.721429741472503520e+04 6.359696503079692775e+03 2.838345755640273183e+03 2.356696325394171254e+03 1.997246814151445278e+03 1.850830934354426745e+03 1.812467450569942685e+03 1.781480655175822903e+03 1.678847238199446110e+03 1.517763623784467427e+03 1.352497728438316244e+03 1.234854585792428225e+03 1.172083203280476027e+03 1.131909355147991391e+03 1.077574707770593704e+03 9.991216747341579776e+02 9.093264130981356175e+02 1.771820579463299509e+04 4.209678131978270540e+04 4.092984629710364243e+04 3.115880290037822124e+04 2.316423016753345291e+04 1.893317648577491127e+04 1.676991273426215776e+04 1.458858432501858624e+04 1.151140809909948803e+04 8.438401486444648981e+03 6.411019795281070401e+03 5.500672916399895257e+03 8.235154056556346404e+03 5.484520420292722520e+03 7.658324445515038860e+03 4.396883936915137383e+03 3.585165761390020634e+03 3.002243433689405720e+03 2.823750740240571758e+03 2.848741076753295147e+03 2.853189505811763865e+03 2.687493674870998348e+03 2.395997021255426262e+03 2.101441387847023179e+03 1.911399083471344966e+03 1.834760330605961371e+03 1.797841303517421693e+03 1.722808020491741672e+03 1.591932024869647194e+03 1.436496595999451984e+03
7.181523726333562990e+03 1.360972836420182284e+04 1.224093063470337074e+04 9.300569974539044779e+03 7.145192284899223523e+03 6.098109091113172326e+03 5.868015353784705439e+03 5.776290571078646281e+03 5.142781040445061080e+03 4.156659934106580295e+03 3.233176679342061107e+03 2.885360138564666158e+03 3.016222401696179531e+03 6.359696503079692775e+03 2.138537650528900122e+04 5.246778895968084726e+03 2.390836977594734890e+03 1.954098557947566860e+03 1.723235031180941405e+03 1.710782351085259279e+03 1.714002954904004810e+03 1.630713690807917374e+03 1.465469984392902916e+03 1.286010386541796834e+03 1.162187937090825926e+03 1.108058211332686824e+03 1.083139077378391448e+03 1.038646436598715354e+03 9.596495427845591166e+02 8.629171117269502247e+02 2.552869309372895805e+04 5.899114712571697601e+04 4.966504275282287563e+04 3.288043177099493914e+04 2.235466009432166902e+04 1.754658987750230153e+04 1.562140010741343940e+04 1.410209721210662428e+04 1.152157801179075796e+04 8.589765179688736680e+03 6.191449394688260327e+03 5.064714082892505758e+03 4.909858026802827226e+03 7.254877192978123276e+03 4.640003351484671839e+03 6.186603123948199936e+03 3.448662655145373719e+03 2.784456849183091435e+03 2.487553854608305301e+03 2.569820315267610567e+03 2.648666390302744730e+03 2.532426517192107895e+03 2.247562475006616296e+03 1.937658562216111477e+03 1.742321690097870260e+03 1.684944320312650689e+03 1.680063464938705010e+03 1.629364054225624386e+03 1.505399186113650103e+03 1.345002055391487829e+03
1.358079969914400681e+04 2.846164576927836970e+04 2.174701007103225857e+04 1.322725972941347936e+04 8.450254786113560840e+03 6.357985842632378990e+03 5.695300933930428982e+03 5.503937331408641512e+03 4.959444133444029831e+03 4.064745316116113827e+03 3.189333798536193626e+03 2.654770374896194426e+03 2.646110872107506566e+03 2.838345755640273183e+03 5.246778895968084726e+03 1.669486872277696239e+04 4.125227951561325426e+03 1.863491132891745565e+03 1.594642029838043072e+03 1.515326176882371328e+03 1.526445503427777112e+03 1.465871246366842570e+03 1.326579774115015425e+03 1.162822746087063933e+03 1.043224480207547003e+03 9.888656261202881979e+02 9.669777928711504273e+02 9.303739085780034657e+02 8.603065996625332446e+02 7.695444309099457314e+02 3.366300402556031622e+04 7.750328111466777045e+04 6.037159061623107118e+04 3.619984239984449232e+04 2.245015695911778312e+04 1.643407307523555937e+04 1.409292240766330906e+04 1.269560703356333761e+04 1.055846895476606551e+04 8.004865415211705113e+03 5.828171895820362806e+03 4.557153930887687238e+03 4.301746510345127717e+03 4.385933148617839834e+03 5.908633475543408167e+03 3.452616955612981656e+03 4.472139590216596844e+03 2.425987640839072810e+03 2.106852200522464045e+03 2.100418055969159923e+03 2.203877821601992764e+03 2.140672066866621208e+03 1.916893813966953758e+03 1.649873590077078006e+03 1.473503295804604932e+03 1.422792466218211302e+03 1.428182762642768239e+03 1.397370119722490472e+03 1.297653729851136859e+03 1.158055036391694557e+03
1.337683792479734257e+04 2.972287042060025487e+04 2.334434981364035048e+04 1.410399453337703380e+04 8.764459221875174990e+03 6.316559584674949292e+03 5.307573247277554401e+03 4.861868901437217573e+03 4.311400435525864850e+03 3.581857603106543138e+03 2.885931849780695302e+03 2.451191708509166347e+03 2.294216329465792114e+03 2.356696325394171254e+03 2.390836977594734890e+03 4.125227951561325426e+03 1.323104091254648847e+04 3.217679373103263970e+03 1.486592814308431343e+03 1.354586720005339885e+03 1.299437314035648797e+03 1.251736011975661768e+03 1.148217781105227004e+03 1.020856660466939729e+03 9.177082421735525486e+02 8.601163929333274609e+02 8.298269253274825132e+02 7.935410652344812661e+02 7.341462057050425756e+02 6.571580957301175658e+02 3.164419006825304677e+04 7.517705026084222482e+04 5.935430917573387705e+04 3.529233666437536885e+04 2.139701269884014619e+04 1.515513123136767899e+04 1.242703030063528058e+04 1.078558380862372906e+04 8.859831860364278327e+03 6.781290542905526308e+03 5.044149220678669735e+03 4.016319025455885367e+03 3.617361520190623196e+03 3.563836132718153749e+03 3.396255628832532238e+03 4.270572677904721786e+03 2.014228359485565306e+03 3.181272384338863048e+03 1.737222651411906554e+03 1.665613825828494555e+03 1.679964936356107501e+03 1.652037105469615881e+03 1.506670487413637829e+03 1.319633873114962171e+03 1.185355093877890340e+03 1.137569131987018864e+03 1.134002290922705015e+03 1.109950701589811160e+03 1.037642594334330624e+03 9.332676755395459622e+02
7.959467020613232307e+03 1.812072159356599514e+04 1.621550664398180015e+04 1.118600059326651899e+04 7.642129849030100559e+03 5.787372898030554097e+03 4.840013691128362552e+03 4.247936184622652945e+03 3.652616284265539434e+03 3.038042585482628965e+03 2.514870957359511522e+03 2.200785803859909720e+03 2.072906871111838882e+03 1.997246814151445278e+03 1.954098557947566860e+03 1.863491132891745565e+03 3.217679373103263970e+03 1.085038412843335936e+04 2.661201907926811145e+03 1.289448748292087203e+03 1.186609117245090147e+03 1.098059088608301408e+03 1.017390395586890691e+03 9.200195532092111534e+02 8.349437603972980924e+02 7.763953492103614735e+02 7.359970378078824069e+02 6.941262780956665210e+02 6.392574014812973928e+02 5.724930425203950790e+02 2.175544815048379678e+04 5.345511187444985262e+04 4.554314881050970871e+04 2.922553669759236436e+04 1.873733767337232712e+04 1.366027878046982732e+04 1.110444087728456725e+04 9.284593178237199027e+03 7.399612819665122515e+03 5.639362163312354824e+03 4.287037718316607425e+03 3.511580555524382362e+03 3.177239280697603135e+03 2.955720398123163250e+03 2.717964490749622200e+03 2.356501356450457934e+03 2.970563606309011448e+03 1.228584539148963813e+03 2.481235035734397115e+03 1.405368547569830298e+03 1.364663655383663809e+03 1.294716408413595673e+03 1.202672986754822659e+03 1.079904716639979597e+03 9.867144849810721325e+02 9.450436212569509280e+02 9.309277890828169575e+02 9.046882306332838652e+02 8.486697321164592722e+02 7.713815882258270449e+02
2.332426177890980398e+03 4.681594100223102032e+03 6.904235676254073041e+03 6.895453806773612087e+03 5.813854206212869030e+03 4.945655896628955816e+03 4.381134100349929213e+03 3.872889674788169941e+03 3.271572078406137280e+03 2.689449413401942365e+03 2.236748768235930584e+03 1.993717873191535091e+03 1.911634693362292637e+03 1.850830934354426745e+03 1.723235031180941405e+03 1.594642029838043072e+03 1.486592814308431343e+03 2.661201907926811145e+03 9.197169262762659855e+03 2.324217667451333000e+03 1.186715697918540172e+03 1.069104082212963021e+03 9.567097701166394472e+02 8.704882695323660755e+02 7.966422889515843053e+02 7.420801917567739565e+02 6.972739281756130367e+02 6.486156146007058396e+02 5.902430191575421077e+02 5.245534844972262363e+02 1.186974309530817845e+04 2.971452196121978341e+04 2.898473172201569105e+04 2.151134392921053950e+04 1.538628809513598026e+04 1.204958440539465300e+04 1.015742351371622863e+04 8.495479022682600771e+03 6.647133359164898138e+03 5.001421109315602735e+03 3.815099111905381505e+03 3.183326266144979854e+03 2.932949593666886358e+03 2.739709511949966327e+03 2.415062659648180670e+03 2.036965225257514476e+03 1.681901103220845926e+03 2.315544887722880958e+03 9.166336085546710137e+02 2.075474958313709976e+03 1.268265250518382345e+03 1.174467835774731384e+03 1.053643046383782348e+03 9.578354862552209852e+02 8.895025130890132914e+02 8.603995347078135865e+02 8.461700031962332105e+02 8.168991402957165064e+02 7.633501362027948289e+02 6.955630028033874623e+02
-6.056723136417182474e+01 -1.146225960259799194e+03 2.573372847575838932e+03 4.478226275407203502e+03 4.531280658167024740e+03 4.243515991993637726e+03 4.039151004227287558e+03 3.751085480089218436e+03 3.218223761235905840e+03 2.618228714627415684e+03 2.133987136422442745e+03 1.881601801377476477e+03 1.828774001155898077e+03 1.812467450569942685e+03 1.710782351085259279e+03 1.515326176882371328e+03 1.354586720005339885e+03 1.289448748292087203e+03 2.324217667451333000e+03 7.947966543863013612e+03 2.110880315816193615e+03 1.121258918155961965e+03 9.790540751026312591e+02 8.554756396149446118e+02 7.820325124178120859e+02 7.334321985791810903e+02 6.927143426239538258e+02 6.410402498545499839e+02 5.746127402543233984e+02 5.007388819109385736e+02 7.303612946016142814e+03 1.867719079840421909e+04 2.074486385265192075e+04 1.695543553397958385e+04 1.301271794513796340e+04 1.076100798913849212e+04 9.522138382066827035e+03 8.269776802763321029e+03 6.574056852280422390e+03 4.926192975435795233e+03 3.701890465579407191e+03 3.061875646976762710e+03 2.868096076218263988e+03 2.758574602885115837e+03 2.485934954463123177e+03 2.038984455505601090e+03 1.625177426188949994e+03 1.388073586688105934e+03 1.997323847139690315e+03 7.336881345438341668e+02 1.937546494907722035e+03 1.215218460675931965e+03 1.062155834375460699e+03 9.211520228679735283e+02 8.569674116187152322e+02 8.426242317440876377e+02 8.423809605755487837e+02 8.166730669576911623e+02 7.578617397741395507e+02 6.832660982700153909e+02
3.208867551486850971e+03 5.155008725389492611e+03 5.625485089039728337e+03 5.222864127813163577e+03 4.447679413079680671e+03 3.963203965513868752e+03 3.820456027574784912e+03 3.687413658096827930e+03 3.249933764687702478e+03 2.647337411975063333e+03 2.114254330711702096e+03 1.820678638574104070e+03 1.764518200051209533e+03 1.781480655175822903e+03 1.714002954904004810e+03 1.526445503427777112e+03 1.299437314035648797e+03 1.186609117245090147e+03 1.186715697918540172e+03 2.110880315816193615e+03 6.914283465254943621e+03 1.906735187859275356e+03 1.009178399823953441e+03 8.578982193616161567e+02 7.536627828842433701e+02 7.078750514499309929e+02 6.732119564235310918e+02 6.234868223124242377e+02 5.515506301213929419e+02 4.680445817141354610e+02 1.192086345289518431e+04 2.714236073573945760e+04 2.421394958260317071e+04 1.729226715938170673e+04 1.238305170260905288e+04 9.989209954004923929e+03 8.959683149267446424e+03 8.058434339652942981e+03 6.594652862857048603e+03 4.982456811245816425e+03 3.692708524623592893e+03 2.992443769152347159e+03 2.805592471890608977e+03 2.767240200922868098e+03 2.564056255089364640e+03 2.135832696046038109e+03 1.643961715463155087e+03 1.349111444532868518e+03 1.265489031769732264e+03 1.868664631003749946e+03 8.220812661354455031e+02 1.774967394804662717e+03 1.078748535783415946e+03 9.061900097044238009e+02 8.079752528425985929e+02 8.038938786583833007e+02 8.203573825533476338e+02 8.056993130548377167e+02 7.462843716395352658e+02 6.640489282547641778e+02
7.185508905255181162e+03 1.477602466288415235e+04 1.173139898939002160e+04 7.533932536088797860e+03 5.097539770755645804e+03 4.001832918959772542e+03 3.644662282048409907e+03 3.500087142348843372e+03 3.126083511345868828e+03 2.568991699257928303e+03 2.046466337697014069e+03 1.739753498942086480e+03 1.664621466533954390e+03 1.678847238199446110e+03 1.630713690807917374e+03 1.465871246366842570e+03 1.251736011975661768e+03 1.098059088608301408e+03 1.069104082212963021e+03 1.121258918155961965e+03 1.906735187859275356e+03 6.003094251542233906e+03 1.632457034513307917e+03 8.417145122415547576e+02 7.196470655160781007e+02 6.497376349442547507e+02 6.156803578723615828e+02 5.680418643910113587e+02 4.962387527565788332e+02 4.086895628655465202e+02 1.768099984593051340e+04 4.092585726619567140e+04 3.252873075193232944e+04 2.000903762513443871e+04 1.277742092803151172e+04 9.572886260552930253e+03 8.308136132754276332e+03 7.498184030109257947e+03 6.239528012076109007e+03 4.769390309185264414e+03 3.533483748996079157e+03 2.830606520112645740e+03 2.626447520453414654e+03 2.598716494429468185e+03 2.442339436733150251e+03 2.063281481339307447e+03 1.601380319844547557e+03 1.272660360440799195e+03 1.164735446177533959e+03 1.205993709065089433e+03 1.726345089763734450e+03 7.027536536915538363e+02 1.479037099096261045e+03 8.419755614152311409e+02 7.297797356309376937e+02 7.049618903277346362e+02 7.291348428879443873e+02 7.251719529917545515e+02 6.748903299908090503e+02 5.964995869809526994e+02
9.009591795340103999e+03 1.944907785651239828e+04 1.500312202376773166e+04 8.984539728121002554e+03 5.583715754072922209e+03 4.066986145101252532e+03 3.463971379784086821e+03 3.190879041787647566e+03 2.823011368266500540e+03 2.337830580949484101e+03 1.886920195751201391e+03 1.614538649833901218e+03 1.528910205983593869e+03 1.517763623784467427e+03 1.465469984392902916e+03 1.326579774115015425e+03 1.148217781105227004e+03 1.017390395586890691e+03 9.567097701166394472e+02 9.790540751026312591e+02 1.009178399823953441e+03 1.632457034513307917e+03 5.178349501968137702e+03 1.359265175842301687e+03 6.808906184922525426e+02 5.929957538757873863e+02 5.339818215773502743e+02 4.845910562692941994e+02 4.148885139741429384e+02 3.291035278818033589e+02 2.002988126063693198e+04 4.678429009496346407e+04 3.639907115734787658e+04 2.143508839075971628e+04 1.294641280215820552e+04 9.205355229506159958e+03 7.620821489730675239e+03 6.680638958451369035e+03 5.525285081453399471e+03 4.251555463480257458e+03 3.185434136255382327e+03 2.566166488486140224e+03 2.356070955907986900e+03 2.295233760466435797e+03 2.145194611970532151e+03 1.825610300699974232e+03 1.438803991317276541e+03 1.159445802805101494e+03 1.029653991593454521e+03 1.041349502222914452e+03 1.059656101573635624e+03 1.418258805360982024e+03 3.813839440637407847e+02 1.131759631360623416e+03 6.302484240495120957e+02 5.914510695691042201e+02 5.926237792748936499e+02 5.936412104940397967e+02 5.562442854253679343e+02 4.921737678695059230e+02
7.150549572478899790e+03 1.589032964470676416e+04 1.295108143546016072e+04 8.200146211105058683e+03 5.296390342780222454e+03 3.894403249517465156e+03 3.237933654562407355e+03 2.858993377919540308e+03 2.464020574533841682e+03 2.039718038272763806e+03 1.675110596585547682e+03 1.461014716147352374e+03 1.384914523821139937e+03 1.352497728438316244e+03 1.286010386541796834e+03 1.162822746087063933e+03 1.020856660466939729e+03 9.200195532092111534e+02 8.704882695323660755e+02 8.554756396149446118e+02 8.578982193616161567e+02 8.417145122415547576e+02 1.359265175842301687e+03 4.496023616733159542e+03 1.139294023374102835e+03 5.500634662565666986e+02 4.704048024862340753e+02 3.983880409624881054e+02 3.284815169559003607e+02 2.452568299866785537e+02 1.651216890672326554e+04 3.960194008514127927e+04 3.195792246932935086e+04 1.949466254595318242e+04 1.205462019455984046e+04 8.598794601392513869e+03 6.966413529627741809e+03 5.888216123348483052e+03 4.748245828998980869e+03 3.639211367149836860e+03 2.764674874504838954e+03 2.267627459003058902e+03 2.080437550619005378e+03 1.986869133805745378e+03 1.822158493290048227e+03 1.545128370728872369e+03 1.236388028177362230e+03 1.018559773953650847e+03 9.130492440346474723e+02 8.861669292818169197e+02 8.735190367827228783e+02 8.152314080881369591e+02 1.058323765803349488e+03 1.780819214476283605e+02 8.757328929418565622e+02 4.967918454761146450e+02 4.782376718046947985e+02 4.616122313890560918e+02 4.341595667052128533e+02 3.856028829885049163e+02
3.539323392602519561e+03 7.719716403770945362e+03 7.662847308095047993e+03 5.895919240261280720e+03 4.358431958016974022e+03 3.474894161284825714e+03 2.982262374748400816e+03 2.612753904815036094e+03 2.206667186912742181e+03 1.809190044653185396e+03 1.495035431191451153e+03 1.323241791149636128e+03 1.267203892270450069e+03 1.234854585792428225e+03 1.162187937090825926e+03 1.043224480207547003e+03 9.177082421735525486e+02 8.349437603972980924e+02 7.966422889515843053e+02 7.820325124178120859e+02 7.536627828842433701e+02 7.196470655160781007e+02 6.808906184922525426e+02 1.139294023374102835e+03 3.957120998561271335e+03 9.656059199336440315e+02 4.346564668295912952e+02 3.447323357266465109e+02 2.552336684053981912e+02 1.704190706637428434e+02 1.024608598732500468e+04 2.525717775575347696e+04 2.258766056914479850e+04 1.534058811646467439e+04 1.030853319986939459e+04 7.765686982786367480e+03 6.417477970792791893e+03 5.363899106047423629e+03 4.232760568930776572e+03 3.204669987092331212e+03 2.444300958927299689e+03 2.033888489249839495e+03 1.884149499571695287e+03 1.791251097459390166e+03 1.621304132738758199e+03 1.362636081110576470e+03 1.094340318808639950e+03 9.153593579221800383e+02 8.324492460128624316e+02 8.078741188031676757e+02 7.660562563491018864e+02 6.949677322393051782e+02 6.054576732004218229e+02 8.310633880733321348e+02 -2.521673359416222837e+01 7.462889852434907425e+02 4.177294772272034606e+02 3.875754993224606437e+02 3.486160846034814540e+02 3.083508548425071467e+02
1.016387588329603659e+03 1.737929024703554887e+03 3.475575379798232461e+03 3.862416341181790813e+03 3.418190041921714055e+03 3.005515008012436283e+03 2.745968516489234389e+03 2.480736893976482861e+03 2.102724558780086227e+03 1.707294563443543666e+03 1.394907242017907265e+03 1.230170135025590753e+03 1.188298785015681915e+03 1.172083203280476027e+03 1.108058211332686824e+03 9.888656261202881979e+02 8.601163929333274609e+02 7.763953492103614735e+02 7.420801917567739565e+02 7.334321985791810903e+02 7.078750514499309929e+02 6.497376349442547507e+02 5.929957538757873863e+02 5.500634662565666986e+02 9.656059199336440315e+02 3.515610375995514005e+03 8.120498541881651136e+02 3.163878199215952236e+02 2.095844445514536005e+02 1.041423093320645705e+02 5.807255975522251902e+03 1.469365155460891401e+04 1.516547252372892217e+04 1.173609669142578787e+04 8.649604162746121801e+03 6.937851735040138919e+03 5.993935103833920948e+03 5.124069855192634350e+03 4.053793792941317406e+03 3.044132794443743478e+03 2.298027620994377685e+03 1.905880939669076952e+03 1.783435914761078948e+03 1.720401726973525001e+03 1.568736345237011392e+03 1.315181443527217198e+03 1.047719049027972233e+03 8.726464997204832343e+02 8.002118491999946173e+02 7.885849072981302470e+02 7.553066587321695806e+02 6.661794751520504860e+02 5.627359821952020411e+02 4.796705326698269118e+02 6.916550473515933390e+02 -2.324790387192510366e+01 6.561944423529594133e+02 3.683620132767570681e+02 3.173362265166841780e+02 2.633425131020610479e+02
