1.096171307159033865e+08 1.064813585674993694e+07 1.556278040193389170e+05 -5.722831796347064665e+04 -7.901917944781365804e+04 -6.291757761186730204e+04 -5.743185137673126883e+04 -4.458636632797571656e+04 -2.008968467584105383e+04 -2.688580241884457791e+03 1.372206286878121318e+03 -7.295005099682222863e+03 -1.515416273206421465e+04 -1.302127887704313980e+04 -3.098519884583087332e+03 7.220416565567516955e+03 8.831602928655738651e+03 2.316454388095513423e+03 -4.519769909750545594e+03 -7.127019366128602996e+03 -2.091821301218396457e+03 4.074950727751570412e+03 6.837045221065776786e+03 4.683304055010159573e+03 1.443715035675141962e+02 -2.993755545822080421e+03 -1.788643649134908856e+03 1.203606545910031855e+03 3.781319928141055243e+03 3.869118936908465912e+03 1.472860892994919792e+07 2.235331635803263634e+07 1.010874289185496629e+06 2.573168815642517875e+05 6.671167118265201862e+04 5.132926000476401532e+04 3.715195547685136262e+04 3.621196225604566280e+04 5.190019638693700108e+04 5.999883267165356665e+04 5.368286724422203406e+04 3.295895133874379098e+04 1.625900682763313671e+04 1.552668414589604436e+04 2.650048156408668729e+04 3.816080513832400175e+04 3.690162940577515110e+04 2.396773022506464986e+04 1.140665749706138740e+04 5.872250630534945230e+03 1.247237265671705245e+04 2.074838908272164917e+04 2.367587549001160005e+04 1.901237935596342140e+04 1.083719441483851915e+04 5.109828454704776959e+03 6.417134847028145487e+03 1.056528666275505020e+04 1.404503236455762089e+04 1.356941537799130674e+04
1.064813585674993694e+07 2.721051035522434115e+07 2.417814457009716425e+06 -1.304444665104677842e+05 -1.152919277428975911e+05 -1.173476336071815458e+05 -1.129342629229874583e+05 -8.882601771035423735e+04 -3.818688681877967610e+04 1.342356634636934587e+03 9.254617441896827586e+03 -1.133798615644332313e+04 -3.183641966625722853e+04 -2.923922717493231175e+04 -6.595447340038017501e+03 1.739618605190210656e+04 2.216526230100609973e+04 7.489303639875293811e+03 -9.782614110563099530e+03 -1.621077823038728820e+04 -5.740938886123297380e+03 9.236137611989630386e+03 1.626246237843485505e+04 1.164918998786591874e+04 8.058932802775152595e+02 -6.708273325362240939e+03 -4.728759829629298110e+03 2.483753871668107877e+03 8.686990197513372550e+03 9.155353018512567360e+03 2.730444765044417232e+06 1.067278024179702625e+07 5.535547718568349257e+06 4.609273337376036798e+05 2.582311999793917057e+05 1.505116542371617397e+05 1.100581153135889617e+05 1.037022219199743413e+05 1.351453858264529845e+05 1.559185466345720924e+05 1.399878609425585018e+05 9.132842120129335672e+04 4.885561307619167928e+04 4.335515083857826539e+04 6.822278147149586584e+04 9.511248888840300788e+04 9.356792209937561711e+04 6.396513734501648287e+04 3.229791085560306965e+04 1.871566928265311435e+04 3.178528649645837140e+04 5.178999862987477536e+04 5.927163537548138993e+04 4.882531591475096502e+04 2.918022625398716627e+04 1.539526472774278955e+04 1.693156118909360521e+04 2.682286262348038872e+04 3.505026628811605042e+04 3.420485019361574086e+04
1.556278040193389170e+05 2.417814457009716425e+06 7.983479987154281698e+06 6.593472102768296609e+05 -8.918062658943748102e+04 -8.728007002844547969e+04 -9.108961407957578194e+04 -7.125281566111772554e+04 -3.415339615180181863e+04 -2.344953934496089460e+03 6.391230028588311143e+03 -5.638430269164709898e+03 -1.985083582807856146e+04 -1.967191580574461841e+04 -4.854844481814970095e+03 1.166525334308671881e+04 1.634773914979997426e+04 7.691196216203707081e+03 -4.372520788961334802e+03 -9.198212083378555690e+03 -3.374701823498501199e+03 6.592906946862847690e+03 1.195857321974595106e+04 9.421714925416967162e+03 2.328933999417552968e+03 -2.915133019216077628e+03 -2.356072816513659745e+03 2.257691674276368758e+03 6.497110082929873897e+03 7.019222241235196634e+03 8.616932380878253025e+04 2.689416910807440057e+06 4.584616609180781990e+06 1.737060242048694519e+06 2.301342083642439975e+05 1.543615442917117907e+05 1.013795296605857729e+05 9.390169396238849731e+04 1.103450469269811583e+05 1.253790453614943544e+05 1.157521541751650802e+05 8.363240877588430885e+04 5.261042435467166069e+04 4.421561561998460820e+04 5.787545020743336499e+04 7.452956573140811815e+04 7.456647237639375089e+04 5.592355680866978219e+04 3.334706522314430913e+04 2.271899465266411426e+04 2.867892075524739994e+04 4.114667573520354927e+04 4.664966015587180300e+04 4.018926495145173976e+04 2.706783781760445345e+04 1.721478809652932978e+04 1.663537795839337559e+04 2.252328423758632925e+04 2.785913187547447160e+04 2.740947277666781156e+04
-5.722831796347064665e+04 -1.304444665104677842e+05 6.593472102768296609e+05 2.615634926701451652e+06 2.229308245235176873e+05 -5.441171834117424442e+04 -5.494583453268581070e+04 -4.566178969611793582e+04 -2.400583607705854229e+04 -5.397887396677288962e+03 1.896135631189338937e+03 -1.895237166757692194e+03 -8.074885016821424870e+03 -8.561210646352485128e+03 -2.229740125777824687e+03 5.585568923606801036e+03 8.571309846308362467e+03 5.462953982608097249e+03 1.072302000700533000e+02 -2.564761266856346083e+03 -5.547508098773971597e+02 3.674252842812333256e+03 6.395239831919661810e+03 5.667575126579551579e+03 2.668040455904638293e+03 1.477915748995065428e+02 -1.196860821842064659e+00 1.780648161313936271e+03 3.674839436528641272e+03 4.007240593618335424e+03 6.861322826827599783e+04 2.586638583336697775e+05 1.154200162269314984e+06 1.629835240319203585e+06 6.363073398611207958e+05 1.053947111517894373e+05 7.672410166114773892e+04 6.280641548310734652e+04 6.834334463319598581e+04 7.415900182701120502e+04 7.060180091045403969e+04 5.643186656739684986e+04 4.122145360380275815e+04 3.455861020579007163e+04 3.783441012819299067e+04 4.388651659784103686e+04 4.395361222011517384e+04 3.612031081415785593e+04 2.560098303506507364e+04 1.941966957600315072e+04 2.036691155551580596e+04 2.479525019768158381e+04 2.719294263910565496e+04 2.460994346387001860e+04 1.879221765881055035e+04 1.386904847717994562e+04 1.266350059616307408e+04 1.449831644763204531e+04 1.658761614033596561e+04 1.633239829984805874e+04
-7.901917944781365804e+04 -1.152919277428975911e+05 -8.918062658943748102e+04 2.229308245235176873e+05 1.039088288857626845e+06 8.708619345431239344e+04 -3.550909650838769448e+04 -2.911419607129285578e+04 -1.763763953677589598e+04 -6.366882604742124386e+03 -9.766602512731395791e+02 -1.159097150877809327e+03 -3.208674889141803305e+03 -3.384140906584592358e+03 -8.296632767116956302e+02 2.609836270975147727e+03 4.308333814503626854e+03 3.497376110680793317e+03 1.451397695948410274e+03 1.436874469717750458e+02 6.361446687334023409e+02 2.200076458309572899e+03 3.400407516220119305e+03 3.339710238403964468e+03 2.243222762587168290e+03 1.140910460278594201e+03 8.732578189398125232e+02 1.409246622958649368e+03 2.115779741257657406e+03 2.251999416075100271e+03 7.639453608176534181e+04 2.119556054933487903e+05 1.855923275118537422e+05 4.846190290195838897e+05 6.580790923421999905e+05 2.743600451373967808e+05 5.204288994942134013e+04 4.466494291697727749e+04 4.222617479235115024e+04 4.393303767911002797e+04 4.237016726578352973e+04 3.687343830103067739e+04 3.019016866849207872e+04 2.596915572824178162e+04 2.536151584815006208e+04 2.647969664050552092e+04 2.608979713333772816e+04 2.300144659255527949e+04 1.854758357913552754e+04 1.523837585771481463e+04 1.450642317120417647e+04 1.543275722141137521e+04 1.606029471177209780e+04 1.507873812884509971e+04 1.271963152163807172e+04 1.041509909703376616e+04 9.364148247677701875e+03 9.542765292897518520e+03 1.004568352109077750e+04 9.756765640089481167e+03
-6.291757761186730204e+04 -1.173476336071815458e+05 -8.728007002844547969e+04 -5.441171834117424442e+04 8.708619345431239344e+04 5.082741304820688674e+05 3.878392956228520052e+04 -2.188136386514595870e+04 -1.356265667014100472e+04 -6.658988225067985695e+03 -2.464664040417513206e+03 -1.519069001774703565e+03 -1.755173426083660843e+03 -1.462488743720395178e+03 -1.584502361321163733e+02 1.475437440759818855e+03 2.411060715634936969e+03 2.316587357405777766e+03 1.593751511112333446e+03 1.014428092924919838e+03 1.079765374604961380e+03 1.611204518495725097e+03 2.111935895352307853e+03 2.176779330221426335e+03 1.804265179971854195e+03 1.332338178643719857e+03 1.118910077015588740e+03 1.215935669402391795e+03 1.417966175830287284e+03 1.400677737658391834e+03 5.798137094511699252e+04 1.605740789899523370e+05 1.446630319484206266e+05 9.478759069392365927e+04 2.239223913080019993e+05 3.252303274726208765e+05 1.446185573846871266e+05 3.340448215806155349e+04 3.194497973585123691e+04 3.000515214745284175e+04 2.890526020963766496e+04 2.652321735252210055e+04 2.368287013344274965e+04 2.120892934795913607e+04 1.969095232859354292e+04 1.890154525170994748e+04 1.799821812554977078e+04 1.650097271109790017e+04 1.449675650659234816e+04 1.269290537448195209e+04 1.166414604759332360e+04 1.131395577296723059e+04 1.112599456415777604e+04 1.056153739410285016e+04 9.528904181135796534e+03 8.391510633920108376e+03 7.599699561317838743e+03 7.249027271612427285e+03 7.094579992783675152e+03 6.677307570255203245e+03
-5.743185137673126883e+04 -1.129342629229874583e+05 -9.108961407957578194e+04 -5.494583453268581070e+04 -3.550909650838769448e+04 3.878392956228520052e+04 2.889555106676067226e+05 2.042896493583873962e+04 -1.060315661169688246e+04 -5.227106533056233275e+03 -2.738067281249002463e+03 -1.734678717156451057e+03 -1.244983997016195190e+03 -4.272498634793025758e+02 6.146627227382595038e+02 1.467525964754471261e+03 1.802883324853984959e+03 1.745628389241715013e+03 1.531714919480498793e+03 1.404416514747763813e+03 1.465336175297733007e+03 1.600024560300675148e+03 1.693215531695983145e+03 1.665261027561512947e+03 1.525677084478699044e+03 1.368054256863295450e+03 1.269419186748923948e+03 1.227477999481314328e+03 1.186369912107477376e+03 1.034738760653503050e+03 4.270873664360804833e+04 1.179871934858256136e+05 1.079870158373039449e+05 7.561714696614359855e+04 5.043149133277520014e+04 1.247521723507752176e+05 1.808957361104438605e+05 8.712608983853741665e+04 2.656529199159524433e+04 2.521123782984213904e+04 2.246363076662423919e+04 2.081335479604815191e+04 1.962586904412357399e+04 1.862529008361705928e+04 1.738420478096051738e+04 1.592269149836701217e+04 1.440414475781040164e+04 1.313718617976463975e+04 1.208668771125164494e+04 1.120180011500306136e+04 1.042003138823051268e+04 9.670708295274209377e+03 8.989547633748221415e+03 8.362907097559329486e+03 7.760666015272202458e+03 7.203475649724367941e+03 6.702397061092557124e+03 6.240723715148231349e+03 5.784822439558369297e+03 5.204985247757382240e+03
-4.458636632797571656e+04 -8.882601771035423735e+04 -7.125281566111772554e+04 -4.566178969611793582e+04 -2.911419607129285578e+04 -2.188136386514595870e+04 2.042896493583873962e+04 1.690172007351161446e+05 1.451881310741694870e+04 -3.116564739074989120e+03 -1.518098853511104380e+03 -1.393511822138767684e+03 -7.930795631341463832e+02 3.245573048179060152e+02 1.448070338975605864e+03 1.991794802158293578e+03 1.887023807670444512e+03 1.602138764028019068e+03 1.483963815901657199e+03 1.608250809003062386e+03 1.795142464481407387e+03 1.824332408399607857e+03 1.685174719245214874e+03 1.494324233050401745e+03 1.368734315493973099e+03 1.344832581327442085e+03 1.357345991341768240e+03 1.307848186095419351e+03 1.166984955928525778e+03 9.308797792640050375e+02 4.162011752144595084e+04 1.113205216499256494e+05 9.988919507381907897e+04 6.743721870710200164e+04 4.639991971167770680e+04 3.497250835538673709e+04 7.903119855308149999e+04 1.089813239934777375e+05 5.661237285668769618e+04 2.166392846751297839e+04 1.918205088767078269e+04 1.653519836850906722e+04 1.591794186561386232e+04 1.596046569925025688e+04 1.554154478604903852e+04 1.417149337407139319e+04 1.228172411886239570e+04 1.077932815562281394e+04 9.966697313203556405e+03 9.644134460300620049e+03 9.306939076987728185e+03 8.628373820078810240e+03 7.733861917256680499e+03 6.916112078348517571e+03 6.367908009627042702e+03 6.076669414479727493e+03 5.848118490891622059e+03 5.483889369038048244e+03 4.957006052393879145e+03 4.289266619726866338e+03
-2.008968467584105383e+04 -3.818688681877967610e+04 -3.415339615180181863e+04 -2.400583607705854229e+04 -1.763763953677589598e+04 -1.356265667014100472e+04 -1.060315661169688246e+04 1.451881310741694870e+04 1.012359870281185722e+05 1.146215105069728452e+04 -4.254627494057331205e+02 -5.963226743089795718e+02 -4.266995892601999003e+02 6.319021087673942247e+02 1.712463094894086225e+03 2.176865677785925982e+03 1.936772420279656671e+03 1.535717121725275319e+03 1.377231146869459508e+03 1.544388250441920263e+03 1.783177153562192643e+03 1.813709577088474362e+03 1.620079963124083179e+03 1.360015866092056058e+03 1.204433725833618610e+03 1.203270567965879309e+03 1.256328165634735342e+03 1.233316278579487062e+03 1.093712388470421047e+03 8.629638740091695581e+02 5.675521981821629743e+04 1.420052921975652571e+05 1.156629924895622826e+05 7.225140250389235734e+04 4.580454176752505009e+04 3.447980695682412625e+04 2.877636015985433914e+04 5.327912582622216723e+04 6.968187369124218822e+04 3.697929037995137332e+04 1.494668824352950469e+04 1.276783749732618162e+04 1.180873927854147769e+04 1.227633091060552033e+04 1.245348115602714824e+04 1.159526964769232291e+04 9.917069154845317826e+03 8.436000043398023990e+03 7.666745833236587714e+03 7.550457270232938754e+03 7.512766091030469397e+03 7.076776613526973961e+03 6.284828103616298904e+03 5.464067220087017631e+03 4.920391680351815012e+03 4.715396220640452157e+03 4.631726083239781474e+03 4.412385357769533584e+03 3.983356630966374723e+03 3.388338399080329509e+03
-2.688580241884457791e+03 1.342356634636934587e+03 -2.344953934496089460e+03 -5.397887396677288962e+03 -6.366882604742124386e+03 -6.658988225067985695e+03 -5.227106533056233275e+03 -3.116564739074989120e+03 1.146215105069728452e+04 6.207455899425711686e+04 7.909785892941430575e+03 -1.917843331048611049e+02 -1.240466232017485879e+02 5.155816395402212038e+02 1.399449864958469789e+03 1.817884847725704049e+03 1.665850345018318876e+03 1.343192518931425866e+03 1.187691015759493439e+03 1.297575880307365878e+03 1.483491065207042084e+03 1.515055262445465360e+03 1.362935021082102367e+03 1.144879944139270719e+03 1.002236901908523123e+03 9.874810784154503835e+02 1.025015939656833780e+03 1.009265120616964850e+03 9.054879831719281356e+02 7.320363058919515424e+02 6.370430670415890927e+04 1.610772836653375998e+05 1.292810146635179117e+05 7.694675768231181428e+04 4.644151954993038089e+04 3.268721019218886067e+04 2.725759788179720999e+04 2.314057975254729536e+04 3.516818766672749189e+04 4.268383564142724936e+04 2.285536836703872541e+04 9.095855444711804012e+03 8.511167174164005701e+03 8.644584733869145566e+03 8.991080915320151689e+03 8.563039579451680765e+03 7.421356847907797601e+03 6.295090244111110223e+03 5.650450655484157323e+03 5.540776963790058289e+03 5.559625430127207437e+03 5.300952548457031298e+03 4.738270298435184486e+03 4.099116151946074751e+03 3.640763098566962071e+03 3.456570614971821215e+03 3.399846260068778065e+03 3.261403337758465568e+03 2.964626482878979914e+03 2.523154043820533843e+03
1.372206286878121318e+03 9.254617441896827586e+03 6.391230028588311143e+03 1.896135631189338937e+03 -9.766602512731395791e+02 -2.464664040417513206e+03 -2.738067281249002463e+03 -1.518098853511104380e+03 -4.254627494057331205e+02 7.909785892941430575e+03 4.050617001268767490e+04 5.248884789383546376e+03 -8.416617854802095167e+01 3.373766248890850648e+02 8.813027053514547333e+02 1.257241991211597906e+03 1.237722301414492904e+03 1.072465286840734734e+03 9.733965961070886124e+02 1.026568410316606332e+03 1.127356413252714447e+03 1.138759342910973373e+03 1.041751878182514702e+03 9.027610177679950993e+02 8.054010317321885850e+02 7.821355332592445393e+02 7.878151787195861289e+02 7.612561564256482143e+02 6.849401479104594728e+02 5.699374513011932777e+02 5.611922281148760521e+04 1.431992192702175817e+05 1.179791269400673918e+05 7.209184799494681647e+04 4.377133900022273156e+04 3.050284276643582416e+04 2.411375726755682263e+04 2.020821926599239305e+04 1.556579337149408093e+04 2.173027096587007327e+04 2.803302587119324744e+04 1.450087875324403285e+04 5.987364245080221735e+03 6.115636537085068994e+03 6.175233970205510559e+03 5.999356425435407800e+03 5.347579268770288763e+03 4.653658567566134479e+03 4.194868038926326335e+03 4.052941623006153350e+03 4.010490824785792029e+03 3.824337660219984173e+03 3.460462216245144646e+03 3.035311625200564777e+03 2.702025882638569783e+03 2.532418531950243960e+03 2.451529015223398346e+03 2.334425665755433329e+03 2.128775569151453055e+03 1.825139980024022861e+03
-7.295005099682222863e+03 -1.133798615644332313e+04 -5.638430269164709898e+03 -1.895237166757692194e+03 -1.159097150877809327e+03 -1.519069001774703565e+03 -1.734678717156451057e+03 -1.393511822138767684e+03 -5.963226743089795718e+02 -1.917843331048611049e+02 5.248884789383546376e+03 2.852893338303883138e+04 3.839420009790445874e+03 2.710005763747016090e+02 6.689569186651069685e+02 8.933364189729774125e+02 9.413044677107726557e+02 8.903005511672590728e+02 8.647115414001093541e+02 9.022258047624104620e+02 9.388392079280617963e+02 9.095554978808297619e+02 8.289640494136472171e+02 7.441396054610027022e+02 6.927982396726085881e+02 6.771786013313358126e+02 6.597500764335225085e+02 6.119965389172588175e+02 5.401416712841680692e+02 4.582158989637505897e+02 3.459491123316691665e+04 9.328882158302745665e+04 8.475417571203128318e+04 5.704313188074296340e+04 3.752269927828473737e+04 2.740382803303430410e+04 2.175986258910488323e+04 1.730220267861009779e+04 1.313615136940077718e+04 9.373366637557348440e+03 1.414850846498008468e+04 1.829633531848001439e+04 1.035938424668188236e+04 4.662355960264293572e+03 4.731816393279919794e+03 4.474963384605805913e+03 4.091514471180800228e+03 3.681124642061937266e+03 3.391149236804200882e+03 3.254087597313859078e+03 3.153111991889668388e+03 2.966828316845573681e+03 2.696321486495966383e+03 2.407066795915683088e+03 2.172038460450589810e+03 2.024984302895417159e+03 1.920504019486866582e+03 1.792994363683734264e+03 1.623121439914840721e+03 1.393951949233219693e+03
-1.515416273206421465e+04 -3.183641966625722853e+04 -1.985083582807856146e+04 -8.074885016821424870e+03 -3.208674889141803305e+03 -1.755173426083660843e+03 -1.244983997016195190e+03 -7.930795631341463832e+02 -4.266995892601999003e+02 -1.240466232017485879e+02 -8.416617854802095167e+01 3.839420009790445874e+03 2.152860574275628096e+04 3.374805615131448576e+03 8.258723635331001560e+02 9.633233606464059449e+02 8.922510859242975130e+02 8.615820471973200938e+02 8.905740650473683218e+02 9.628319306995950910e+02 9.807535257055117199e+02 9.030163390370971683e+02 7.872411951458220756e+02 7.045679436984887616e+02 6.805552542066784554e+02 6.874201116309639019e+02 6.681874215336035832e+02 6.006994987668726935e+02 5.130444339393825430e+02 4.355228740994019745e+02 1.780571034935969510e+04 5.069565171671843564e+04 5.362514702433608181e+04 4.171930442285102617e+04 3.069235435952176704e+04 2.437495691373205045e+04 2.036018924040930142e+04 1.647342639769388916e+04 1.220122645914086388e+04 8.777460114770165092e+03 6.354406500470904575e+03 1.018927541235199169e+04 1.412425191774182713e+04 8.464767631846298173e+03 4.315812085596735415e+03 4.098582471278568846e+03 3.587453454477374180e+03 3.246881145126431875e+03 3.062369156153582480e+03 3.005756830449670815e+03 2.918407853232333764e+03 2.705180403752253369e+03 2.416664496715911355e+03 2.148341858824620431e+03 1.959258793855996373e+03 1.849761238339846841e+03 1.754530730519467170e+03 1.615141442782351987e+03 1.438063657569460702e+03 1.220238266390859053e+03
-1.302127887704313980e+04 -2.923922717493231175e+04 -1.967191580574461841e+04 -8.561210646352485128e+03 -3.384140906584592358e+03 -1.462488743720395178e+03 -4.272498634793025758e+02 3.245573048179060152e+02 6.319021087673942247e+02 5.155816395402212038e+02 3.373766248890850648e+02 2.710005763747016090e+02 3.374805615131448576e+03 1.675332190572571926e+04 3.253472041103754236e+03 1.184483969576891241e+03 1.018653636271693131e+03 8.840931304579526113e+02 9.284908648966334113e+02 1.046659091908436949e+03 1.088397314401053563e+03 9.879528166415593660e+02 8.278124920779545164e+02 7.153503645647665508e+02 6.933943267364367102e+02 7.220533911989705302e+02 7.184695029413785505e+02 6.478225225501739715e+02 5.460645150302581214e+02 4.599234365704354559e+02 1.733083952193790174e+04 4.565977742641531222e+04 4.567961814753327053e+04 3.539548962818553991e+04 2.668992879982779414e+04 2.202689532721121213e+04 1.942979731669519970e+04 1.656130623710723739e+04 1.269198424045805223e+04 9.044592821252186695e+03 6.552796650806572870e+03 5.181554205694526900e+03 8.575176687544120796e+03 1.151609934181602875e+04 7.395876266577517526e+03 4.038478463989761622e+03 3.472832104747005360e+03 2.972664257132390048e+03 2.828565885162744507e+03 2.878097908343745075e+03 2.876201569809287321e+03 2.668242812000708000e+03 2.331790017130137130e+03 2.021966842866320803e+03 1.836930629094206324e+03 1.769072730834219328e+03 1.714201106864500616e+03 1.586701023325018923e+03 1.398593408590419358e+03 1.168078217910660442e+03
-3.098519884583087332e+03 -6.595447340038017501e+03 -4.854844481814970095e+03 -2.229740125777824687e+03 -8.296632767116956302e+02 -1.584502361321163733e+02 6.146627227382595038e+02 1.448070338975605864e+03 1.712463094894086225e+03 1.399449864958469789e+03 8.813027053514547333e+02 6.689569186651069685e+02 8.258723635331001560e+02 3.253472041103754236e+03 1.305176769198314651e+04 2.845225288433020978e+03 1.065568421618586399e+03 8.858204262805265898e+02 8.676901587048677129e+02 1.000153358741593138e+03 1.071877770517878162e+03 9.919863671569036114e+02 8.280712164025939046e+02 6.973452860106392563e+02 6.619555005870870446e+02 6.939730598274104523e+02 7.063712106102350390e+02 6.513704656547026843e+02 5.562971606173402961e+02 4.690440039713915894e+02 2.841115706449881691e+04 7.077530221334901580e+04 5.963151711091292964e+04 3.892140079921104916e+04 2.625255959429434733e+04 2.060723913740767239e+04 1.824423956835364515e+04 1.618419965693338600e+04 1.290058646590683566e+04 9.398279354222260736e+03 6.676163463597071313e+03 5.284958677319844355e+03 4.845124744448503407e+03 7.502603929272876485e+03 9.535040371452916588e+03 6.107425594714786712e+03 3.182063047012673451e+03 2.678915111276460266e+03 2.461199405907193068e+03 2.572796980972267193e+03 2.653066557993496644e+03 2.500657550573715525e+03 2.172011841023179841e+03 1.845770601604690910e+03 1.656074522876629544e+03 1.612370777535766138e+03 1.597706651928178417e+03 1.503701134522133088e+03 1.331430562098853670e+03 1.108331182087536490e+03
7.220416565567516955e+03 1.739618605190210656e+04 1.166525334308671881e+04 5.585568923606801036e+03 2.609836270975147727e+03 1.475437440759818855e+03 1.467525964754471261e+03 1.991794802158293578e+03 2.176865677785925982e+03 1.817884847725704049e+03 1.257241991211597906e+03 8.933364189729774125e+02 9.633233606464059449e+02 1.184483969576891241e+03 2.845225288433020978e+03 9.977656052601454576e+03 2.167048238210689306e+03 7.852178712500574420e+02 7.382670308465541211e+02 8.123335413974293715e+02 8.936976088903356867e+02 8.548014323835539017e+02 7.330818643439048401e+02 6.182053708387820734e+02 5.735449468775547075e+02 5.918130066368812550e+02 6.075551010833676173e+02 5.743274485290371558e+02 5.038043063083874813e+02 4.304598574553331218e+02 3.980907043210053234e+04 9.731876300923161034e+04 7.605365164569771150e+04 4.483386266367390635e+04 2.725389472424169435e+04 1.969022099821260053e+04 1.665280738415948144e+04 1.470490869496041341e+04 1.195542716563742579e+04 8.888528319229317276e+03 6.406576556412403988e+03 4.983314141474113057e+03 4.578408059838006011e+03 4.417658742241002983e+03 6.121285925864312958e+03 7.613310344032828652e+03 4.428355134193455342e+03 2.212036976040329137e+03 2.028123406194844165e+03 2.075720346088413862e+03 2.184238241281776027e+03 2.098070275190781103e+03 1.844920142980799028e+03 1.567667160068204794e+03 1.396433339285251805e+03 1.357590781318127483e+03 1.357996318867853915e+03 1.297443002549437551e+03 1.164461960554352572e+03 9.815695189207754083e+02
8.831602928655738651e+03 2.216526230100609973e+04 1.634773914979997426e+04 8.571309846308362467e+03 4.308333814503626854e+03 2.411060715634936969e+03 1.802883324853984959e+03 1.887023807670444512e+03 1.936772420279656671e+03 1.665850345018318876e+03 1.237722301414492904e+03 9.413044677107726557e+02 8.922510859242975130e+02 1.018653636271693131e+03 1.065568421618586399e+03 2.167048238210689306e+03 7.598462941557771046e+03 1.596921242939996318e+03 5.963340367470118508e+02 6.289606416285830619e+02 6.663345028444248328e+02 6.545890288017169496e+02 5.818461862736774037e+02 5.045266151530274783e+02 4.671975906113838164e+02 4.724387320706509854e+02 4.802464030071396337e+02 4.583602391531094327e+02 4.110197942019525499e+02 3.585148284298686576e+02 3.804897493875682994e+04 9.502135491337865824e+04 7.547301087244326482e+04 4.445552792677009711e+04 2.651428776238888531e+04 1.847428038980211568e+04 1.484985623728104474e+04 1.257501378468879193e+04 1.008302983423920887e+04 7.580312809445673338e+03 5.595745246596123252e+03 4.439587706919319317e+03 3.959979862039452200e+03 3.762472876502093641e+03 3.372691168362855933e+03 4.454681066146968078e+03 5.384656978316322238e+03 3.118299518761325089e+03 1.563300459547537002e+03 1.586632760812757169e+03 1.623078961285126297e+03 1.583421708736623259e+03 1.423322938640284065e+03 1.233934035445423433e+03 1.105112204783702964e+03 1.065705492956196395e+03 1.058857045803963729e+03 1.015679148308782260e+03 9.231217503707501919e+02 7.917753573211813318e+02
2.316454388095513423e+03 7.489303639875293811e+03 7.691196216203707081e+03 5.462953982608097249e+03 3.497376110680793317e+03 2.316587357405777766e+03 1.745628389241715013e+03 1.602138764028019068e+03 1.535717121725275319e+03 1.343192518931425866e+03 1.072465286840734734e+03 8.903005511672590728e+02 8.615820471973200938e+02 8.840931304579526113e+02 8.858204262805265898e+02 7.852178712500574420e+02 1.596921242939996318e+03 6.058875020723816306e+03 1.318919628639545408e+03 5.629427658194175592e+02 5.673295063367389730e+02 5.252643443148010647e+02 4.706111798799034887e+02 4.217999352892179559e+02 4.042473015390286264e+02 4.107083513040326466e+02 4.095385030531728034e+02 3.826765831590490166e+02 3.411593849995035725e+02 3.029258502470674443e+02 2.474598166931955348e+04 6.485190012836805545e+04 5.635151907814980950e+04 3.626820432143663493e+04 2.314625303632934811e+04 1.672924656513120499e+04 1.335899339864859940e+04 1.088248007303705890e+04 8.446064157549444644e+03 6.318589047031060545e+03 4.771194964387111213e+03 3.897433453031107092e+03 3.491716628361036783e+03 3.177782697373704650e+03 2.797654327504710636e+03 2.279861207787286730e+03 3.070186450975375919e+03 4.048643568906713426e+03 2.393337487865638650e+03 1.251206391893687623e+03 1.264266469796203864e+03 1.195580070507328628e+03 1.091872787460467180e+03 9.688227209459821552e+02 8.821342148645924226e+02 8.484235800890667178e+02 8.317675862087478436e+02 7.896575113882588539e+02 7.181498871882288313e+02 6.191800148952065683e+02
-4.519769909750545594e+03 -9.782614110563099530e+03 -4.372520788961334802e+03 1.072302000700533000e+02 1.451397695948410274e+03 1.593751511112333446e+03 1.531714919480498793e+03 1.483963815901657199e+03 1.377231146869459508e+03 1.187691015759493439e+03 9.733965961070886124e+02 8.647115414001093541e+02 8.905740650473683218e+02 9.284908648966334113e+02 8.676901587048677129e+02 7.382670308465541211e+02 5.963340367470118508e+02 1.318919628639545408e+03 5.076129311280966249e+03 1.239189035801098271e+03 5.908262038740560911e+02 5.170844410946240259e+02 4.294588469792986416e+02 3.885939343697174309e+02 3.899092387305290686e+02 4.094973063549173276e+02 4.056783653840307124e+02 3.668019350555662186e+02 3.168697437828867578e+02 2.819082444072095655e+02 1.208585031593226631e+04 3.304363234638528957e+04 3.366485733453459397e+04 2.566938136790668068e+04 1.862416916557207878e+04 1.465723625954311319e+04 1.224419595008062788e+04 1.001625561469003151e+04 7.632280150951964970e+03 5.629904758350539851e+03 4.260713176549643322e+03 3.547383318263369802e+03 3.243880687756373845e+03 2.972714249115805160e+03 2.545119969980581118e+03 2.056830086633251085e+03 1.593376209944423863e+03 2.365753175905257194e+03 3.305755241687847501e+03 2.040542829843715936e+03 1.122429114492103508e+03 1.051328429682480191e+03 9.191720173248932042e+02 8.194174050774554416e+02 7.582921035711890454e+02 7.400475439450326576e+02 7.246274264479893645e+02 6.780072659857928556e+02 6.076877740633665326e+02 5.156815432454809525e+02
-7.127019366128602996e+03 -1.621077823038728820e+04 -9.198212083378555690e+03 -2.564761266856346083e+03 1.436874469717750458e+02 1.014428092924919838e+03 1.404416514747763813e+03 1.608250809003062386e+03 1.544388250441920263e+03 1.297575880307365878e+03 1.026568410316606332e+03 9.022258047624104620e+02 9.628319306995950910e+02 1.046659091908436949e+03 1.000153358741593138e+03 8.123335413974293715e+02 6.289606416285830619e+02 5.629427658194175592e+02 1.239189035801098271e+03 4.406893869900135542e+03 1.187167380614316698e+03 5.719966472523124139e+02 4.592340290098044875e+02 3.913286338504885862e+02 3.975694754072445676e+02 4.288490166074511762e+02 4.312082822930443058e+02 3.879345501795768882e+02 3.291736207820582649e+02 2.891201388891223587e+02 6.676824792265148972e+03 1.968505821627929254e+04 2.325609065869749611e+04 1.966357701575742249e+04 1.544569160385395480e+04 1.295428306782614891e+04 1.144536710767923068e+04 9.772449888006307447e+03 7.583622776595746473e+03 5.571008980345317468e+03 4.150968118793261965e+03 3.428153202255264659e+03 3.197204710968890140e+03 3.028839496576978490e+03 2.659797267841845496e+03 2.118323450987655178e+03 1.623498843462433797e+03 1.318215886779079028e+03 2.070076100566054265e+03 2.964985515997518633e+03 1.914504606266401879e+03 1.074218218554246960e+03 9.249744479912803854e+02 7.798574731163345177e+02 7.229473471250144030e+02 7.224346459541438890e+02 7.230347304301085387e+02 6.790673042863415958e+02 6.023274315394453424e+02 5.019939595046444083e+02
-2.091821301218396457e+03 -5.740938886123297380e+03 -3.374701823498501199e+03 -5.547508098773971597e+02 6.361446687334023409e+02 1.079765374604961380e+03 1.465336175297733007e+03 1.795142464481407387e+03 1.783177153562192643e+03 1.483491065207042084e+03 1.127356413252714447e+03 9.388392079280617963e+02 9.807535257055117199e+02 1.088397314401053563e+03 1.071877770517878162e+03 8.936976088903356867e+02 6.663345028444248328e+02 5.673295063367389730e+02 5.908262038740560911e+02 1.187167380614316698e+03 3.768821170550349507e+03 1.036934892819028619e+03 4.874246231862102832e+02 4.048941107164698110e+02 3.845965594927869233e+02 4.133304353507843416e+02 4.242537233338890701e+02 3.927502599138311439e+02 3.391839299415155438e+02 2.950612450730982914e+02 1.340300757110516497e+04 3.298833888490478421e+04 2.945472357190159164e+04 2.080885855278735107e+04 1.486585444094615377e+04 1.204684992471784062e+04 1.077115237858948967e+04 9.538443856477661029e+03 7.640520289704757488e+03 5.668952802164254535e+03 4.170917790516472451e+03 3.377955397292746966e+03 3.156882067856354297e+03 3.073065051152299930e+03 2.783642688445786916e+03 2.264370944868191145e+03 1.703898966760625171e+03 1.370987855380718884e+03 1.255225173187854580e+03 1.993200233420922359e+03 2.715304618330017547e+03 1.765255808332461356e+03 9.633994133375883848e+02 8.039825607639318150e+02 7.130426751898794464e+02 7.223057236795227709e+02 7.415040497097052139e+02 7.127564663232633393e+02 6.394359360270277648e+02 5.377148227413762243e+02
4.074950727751570412e+03 9.236137611989630386e+03 6.592906946862847690e+03 3.674252842812333256e+03 2.200076458309572899e+03 1.611204518495725097e+03 1.600024560300675148e+03 1.824332408399607857e+03 1.813709577088474362e+03 1.515055262445465360e+03 1.138759342910973373e+03 9.095554978808297619e+02 9.030163390370971683e+02 9.879528166415593660e+02 9.919863671569036114e+02 8.548014323835539017e+02 6.545890288017169496e+02 5.252643443148010647e+02 5.170844410946240259e+02 5.719966472523124139e+02 1.036934892819028619e+03 3.150251306276717060e+03 8.378783304337146092e+02 3.920656875650935262e+02 3.510862090521093251e+02 3.523000455268422684e+02 3.667430231763728443e+02 3.540830458488317163e+02 3.182124648615339311e+02 2.772434223708011132e+02 2.163791366934447433e+04 5.295961881744790298e+04 4.192652267549074895e+04 2.525911176512879319e+04 1.581067674961767625e+04 1.170787500085327338e+04 1.003471738583981096e+04 8.884514702211778058e+03 7.238382354198404755e+03 5.444053668899152399e+03 4.013332643332307725e+03 3.216696333892762595e+03 2.972470756122024795e+03 2.899613754962484563e+03 2.668383404341979258e+03 2.213421909918532947e+03 1.695099538036195554e+03 1.343168967882058041e+03 1.227761034365918704e+03 1.242971169310289952e+03 1.833967218384387252e+03 2.362687275372489239e+03 1.473786034152326010e+03 7.840939916173058464e+02 6.916027893278940155e+02 6.761719681519903133e+02 7.040027517584371708e+02 6.934770420698177986e+02 6.375315849435089604e+02 5.519385052660543352e+02
6.837045221065776786e+03 1.626246237843485505e+04 1.195857321974595106e+04 6.395239831919661810e+03 3.400407516220119305e+03 2.111935895352307853e+03 1.693215531695983145e+03 1.685174719245214874e+03 1.620079963124083179e+03 1.362935021082102367e+03 1.041751878182514702e+03 8.289640494136472171e+02 7.872411951458220756e+02 8.278124920779545164e+02 8.280712164025939046e+02 7.330818643439048401e+02 5.818461862736774037e+02 4.706111798799034887e+02 4.294588469792986416e+02 4.592340290098044875e+02 4.874246231862102832e+02 8.378783304337146092e+02 2.615177781742869684e+03 6.757962293662144475e+02 3.095491251497801386e+02 2.915990075955413658e+02 2.919138695269552386e+02 2.915162865571038537e+02 2.720021492690271998e+02 2.392151944061783979e+02 2.438795067808958993e+04 6.018184550345090975e+04 4.722567745019109861e+04 2.751652167475726310e+04 1.633100933842727318e+04 1.142609768401045585e+04 9.273416814276090008e+03 7.932207958777013118e+03 6.410383114645763271e+03 4.857341620843822966e+03 3.629093676460917777e+03 2.927653317294637418e+03 2.672437583012630057e+03 2.560655081792702731e+03 2.343414310603539889e+03 1.965143390021237337e+03 1.538128701340827547e+03 1.243291280066397576e+03 1.111681177204869982e+03 1.114009612917162485e+03 1.100338112080051360e+03 1.508513479504005545e+03 1.953193431218804108e+03 1.178984329539742021e+03 6.230391347760503322e+02 6.007700635323998313e+02 6.054140182108999397e+02 6.063939844589941686e+02 5.706466956782708166e+02 5.099402998885381066e+02
4.683304055010159573e+03 1.164918998786591874e+04 9.421714925416967162e+03 5.667575126579551579e+03 3.339710238403964468e+03 2.176779330221426335e+03 1.665261027561512947e+03 1.494324233050401745e+03 1.360015866092056058e+03 1.144879944139270719e+03 9.027610177679950993e+02 7.441396054610027022e+02 7.045679436984887616e+02 7.153503645647665508e+02 6.973452860106392563e+02 6.182053708387820734e+02 5.045266151530274783e+02 4.217999352892179559e+02 3.885939343697174309e+02 3.913286338504885862e+02 4.048941107164698110e+02 3.920656875650935262e+02 6.757962293662144475e+02 2.209823915529315400e+03 5.540775775142535622e+02 2.588660851364163591e+02 2.485894940127429891e+02 2.374953848675747281e+02 2.229748298862566571e+02 1.972988049949170204e+02 1.953259213449236267e+04 4.944397006279259222e+04 4.052293981712224922e+04 2.475740917264566815e+04 1.521231250708607331e+04 1.074167191606082270e+04 8.540756631755753915e+03 7.028484242098691539e+03 5.524066758290353391e+03 4.165473885180645993e+03 3.155761569591632906e+03 2.591530743965075999e+03 2.361256724958584982e+03 2.214743058069181188e+03 1.987108825542973136e+03 1.660317335298122998e+03 1.320458232744569614e+03 1.091399756980498296e+03 9.842527300451337169e+02 9.510027172904328836e+02 9.255436295328775032e+02 8.408419908599512382e+02 1.168145214312616872e+03 1.597148910425074064e+03 9.391515519534829082e+02 5.071222227121528476e+02 5.026421308775786656e+02 4.870386518899271664e+02 4.643008735579662130e+02 4.226605121705085253e+02
1.443715035675141962e+02 8.058932802775152595e+02 2.328933999417552968e+03 2.668040455904638293e+03 2.243222762587168290e+03 1.804265179971854195e+03 1.525677084478699044e+03 1.368734315493973099e+03 1.204433725833618610e+03 1.002236901908523123e+03 8.054010317321885850e+02 6.927982396726085881e+02 6.805552542066784554e+02 6.933943267364367102e+02 6.619555005870870446e+02 5.735449468775547075e+02 4.671975906113838164e+02 4.042473015390286264e+02 3.899092387305290686e+02 3.975694754072445676e+02 3.845965594927869233e+02 3.510862090521093251e+02 3.095491251497801386e+02 5.540775775142535622e+02 1.911188021337895634e+03 4.976326416718355858e+02 2.448598131840479937e+02 2.197860889822562740e+02 1.901688046845944484e+02 1.665414890582051726e+02 1.126030358782872827e+04 2.965428532087458734e+04 2.728381868665849470e+04 1.885462010565036690e+04 1.278503115397246438e+04 9.646535124175974488e+03 7.881252413228747173e+03 6.432209781592066975e+03 4.941282506470883163e+03 3.672276136278401736e+03 2.786608199728770160e+03 2.318089897362248848e+03 2.132936929718628107e+03 1.992602120221979021e+03 1.762940178204681843e+03 1.455221823396507489e+03 1.155859180270270372e+03 9.659921816385887041e+02 8.825914290521768635e+02 8.539259360044318328e+02 8.017187077685250642e+02 7.162340580253919597e+02 6.099434417555621621e+02 9.032926001675102725e+02 1.322667474667917304e+03 7.839539756430888247e+02 4.287036073742392546e+02 4.066505210909589323e+02 3.699372783529771596e+02 3.344644060209341205e+02
-2.993755545822080421e+03 -6.708273325362240939e+03 -2.915133019216077628e+03 1.477915748995065428e+02 1.140910460278594201e+03 1.332338178643719857e+03 1.368054256863295450e+03 1.344832581327442085e+03 1.203270567965879309e+03 9.874810784154503835e+02 7.821355332592445393e+02 6.771786013313358126e+02 6.874201116309639019e+02 7.220533911989705302e+02 6.939730598274104523e+02 5.918130066368812550e+02 4.724387320706509854e+02 4.107083513040326466e+02 4.094973063549173276e+02 4.288490166074511762e+02 4.133304353507843416e+02 3.523000455268422684e+02 2.915990075955413658e+02 2.588660851364163591e+02 4.976326416718355858e+02 1.706681217707110363e+03 4.690830652712849087e+02 2.274547606967637137e+02 1.847039365918078033e+02 1.500554063338786932e+02 5.553530401307532884e+03 1.591368434140831596e+04 1.748094288242311450e+04 1.397447869412110231e+04 1.051172745582017888e+04 8.530825398352993943e+03 7.341244283607615216e+03 6.156832320985107799e+03 4.749264854302346066e+03 3.495405733694106857e+03 2.617009260234181056e+03 2.164955742131003262e+03 2.013611388335683387e+03 1.913748554494510699e+03 1.707755861601971446e+03 1.403346868080818240e+03 1.100188759886702883e+03 9.117845603326150012e+02 8.403789945681764948e+02 8.281860794888689270e+02 7.857758847658446939e+02 6.805236934029976510e+02 5.661950626918535363e+02 4.771000212429600538e+02 7.696121534128069470e+02 1.152339587615638038e+03 7.182111830097443317e+02 3.836981148502468386e+02 3.405674304633006386e+02 2.863257163152879343e+02
