2.666945935848301053e+08 3.877997591764529049e+07 1.013322094585303450e+06 3.414959110523237905e+04 -1.863459286091863178e+05 -1.510466733920318948e+05 -1.464056918272625771e+05 -1.072303758942435670e+05 -2.572326488531844370e+04 3.114946609538792472e+04 3.860045184022295871e+04 -4.379848946307442361e+02 -3.388378109855481307e+04 -3.049752293032960733e+04 4.639396600743221825e+03 4.329546017183976073e+04 4.789562057673395611e+04 2.297525640351090988e+04 -5.492088244995227797e+03 -1.846176298417595535e+04 -9.640211908789581230e+02 2.163005276409451471e+04 3.366264524189017538e+04 2.592802543610714929e+04 7.885394434231887317e+03 -5.309541351578540343e+03 -3.247404028900139565e+03 7.784584262429201772e+03 1.817469973102498625e+04 1.912829692680310109e+04 2.162671090711314678e+08 6.795938018391945958e+07 1.879851497552035842e+06 9.682971096745675895e+05 3.155255822994163027e+05 2.391750931410089543e+05 1.752182807194352499e+05 1.680734471554687480e+05 2.197102818936002150e+05 2.455133324083357584e+05 2.173914127764721634e+05 1.362257403776803985e+05 7.190876156002609059e+04 6.426136834086652379e+04 1.033563424747842073e+05 1.482319782307301648e+05 1.437444191084624035e+05 9.759668263646142441e+04 4.852970097528364568e+04 2.410531182714276656e+04 4.663799968143124715e+04 7.677299018716215505e+04 9.096484530524985166e+04 7.536090192900906550e+04 4.462248038869466109e+04 2.192742405529664393e+04 2.312667295575954631e+04 3.826169250342646410e+04 5.244847940875479253e+04 5.211116841839933477e+04
3.877997591764529049e+07 1.063403318756954074e+08 1.123044695755677298e+07 8.823857389894775406e+04 -1.306429894634186057e+05 -2.460513586677839630e+05 -2.624409306141241686e+05 -1.960204418881436577e+05 -3.113323515992197645e+04 9.655367077886188054e+04 1.106669667073341843e+05 2.201242600013439369e+04 -6.277735892803345632e+04 -6.339686987754723668e+04 1.393376515223406932e+04 1.008790673180860758e+05 1.167888121772149170e+05 6.155855621660826728e+04 -7.374981121495757179e+03 -3.827301051233214093e+04 -4.135818308925283418e+03 4.963965120315922832e+04 7.838714021144749131e+04 6.296392353809581982e+04 2.144252439682938711e+04 -9.855203048824827420e+03 -7.769225253226514724e+03 1.738493679552543472e+04 4.154735206937235489e+04 4.543534184547617042e+04 3.301692240437355265e+07 6.587619423936886340e+07 1.867016154969698936e+07 1.600126324436618481e+06 1.014389451117771678e+06 6.431107346364362165e+05 4.737770343806353630e+05 4.380424071797973011e+05 5.396999324699491262e+05 6.067449539729275275e+05 5.424552158581048716e+05 3.590916507361836266e+05 1.991748814055842813e+05 1.689956476559090079e+05 2.541094068619557656e+05 3.541835425331977895e+05 3.519549793630302884e+05 2.485843173117217375e+05 1.299198046631649486e+05 7.198325862557440996e+04 1.135813626627918566e+05 1.851839449324168381e+05 2.188122343900876003e+05 1.861404923436106183e+05 1.150876889046064607e+05 6.120497764074341103e+04 5.943655155789427226e+04 9.348766941913473420e+04 1.260442307308872114e+05 1.275917256402736966e+05
1.013322094585303450e+06 1.123044695755677298e+07 2.995962114638500288e+07 3.083942416662307456e+06 -4.246676282211487705e+04 -1.331178825183843728e+05 -1.984718559530566563e+05 -1.484844714448624291e+05 -3.412342156320859795e+04 6.514027062519462925e+04 8.492120369238035346e+04 3.245340217347581711e+04 -2.657378703849338490e+04 -3.363580319965736999e+04 1.404226578640671141e+04 7.094187315534136724e+04 8.666012374409960466e+04 5.418679532943926461e+04 7.326749838670843019e+03 -1.492515164418736094e+04 2.206386770356702073e+03 3.681176115019033023e+04 5.726230217556359275e+04 4.919976193496366614e+04 2.285838964090285299e+04 1.332148962404084159e+03 1.087768697206524990e+02 1.520216132458687207e+04 3.101913862846676057e+04 3.515007111488941155e+04 1.085233717602716992e+06 1.171961682766224444e+07 1.783175196122572199e+07 5.403376297286914662e+06 8.045174868004405871e+05 6.165573612900804728e+05 4.223156097715696087e+05 3.817385794382242020e+05 4.286403192214277806e+05 4.743211473456965759e+05 4.355488403648580424e+05 3.178337517609338975e+05 2.028453325873394497e+05 1.663704884049553657e+05 2.101512370568960905e+05 2.693249213450667448e+05 2.723810951535959030e+05 2.087109035091107362e+05 1.269652490043904691e+05 8.399276242326793727e+04 1.004386675923405855e+05 1.438489358343530039e+05 1.667377913655125594e+05 1.476142395000707475e+05 1.019060032340903708e+05 6.430882153683401702e+04 5.804892274315119721e+04 7.701677479887870140e+04 9.739609008971828735e+04 1.003165944748290058e+05
3.414959110523237905e+04 8.823857389894775406e+04 3.083942416662307456e+06 9.349562365632291883e+06 1.030399169805881567e+06 -5.419780215542798396e+04 -9.727879597197152907e+04 -9.045630988728560624e+04 -2.815243289215661207e+04 2.683514294401340885e+04 4.505423121900884144e+04 2.635284851845959201e+04 -1.055566674921199954e+01 -6.373523237217927090e+03 1.214072555483685210e+04 3.728547927694083774e+04 4.658165995202721388e+04 3.474194004921017040e+04 1.416881673753376890e+04 2.428725994182118484e+03 7.381517527734268697e+03 2.118642229883847904e+04 3.084784353694410675e+04 2.855809722654501093e+04 1.764818126444022346e+04 7.592438164524746753e+03 5.557304302593988723e+03 1.094237349844108940e+04 1.775165538309138356e+04 2.026508085102536279e+04 5.877147403190112673e+05 1.191346515175005421e+06 4.058766259285566863e+06 7.023899710258111358e+06 1.882974186509726103e+06 3.843098558586121071e+05 3.054270344290432986e+05 2.497493332464593695e+05 2.600250558654510533e+05 2.745190233467434300e+05 2.590020928220666829e+05 2.078854627969300782e+05 1.525704878944220254e+05 1.259252253779150196e+05 1.345204347700488288e+05 1.546537293214969686e+05 1.558538965643953998e+05 1.298750766979746404e+05 9.287914542633589008e+04 6.935863664584069920e+04 7.037576586007792503e+04 8.495756811005904456e+04 9.441149625445922720e+04 8.706749226858049224e+04 6.752654275944337132e+04 4.952087465529477777e+04 4.359299203529674560e+04 4.898215904000811861e+04 5.686827376898120565e+04 5.867200053288982599e+04
-1.863459286091863178e+05 -1.306429894634186057e+05 -4.246676282211487705e+04 1.030399169805881567e+06 3.535595236707854085e+06 4.267431524367249222e+05 -4.918787607031679363e+04 -4.872334260033228202e+04 -2.369936067954873943e+04 7.684610959527239174e+03 2.120303715955938242e+04 1.716351437844951579e+04 7.288615141783080617e+03 3.814874118106063179e+03 1.014075822504839743e+04 2.020947808734053979e+04 2.493937352234692298e+04 2.141204063609877994e+04 1.341288188534059009e+04 7.742237922206564690e+03 8.329130154328184290e+03 1.297739672515484745e+04 1.687393140389642213e+04 1.657792990499965526e+04 1.255309296816596179e+04 8.222173216899205727e+03 6.613048831216668987e+03 8.036427492345595056e+03 1.054972581846712274e+04 1.175046851334271560e+04 3.426175260564350756e+05 9.334206195294958306e+05 7.514482314920942299e+05 1.587547049330876675e+06 2.097360396884409711e+06 7.976528062915771734e+05 1.885260360517725931e+05 1.717903226027678757e+05 1.598631005582003272e+05 1.611745979722713237e+05 1.533171793294933741e+05 1.331904467731295736e+05 1.090036980627128214e+05 9.273155083127785474e+04 8.904010008541817660e+04 9.198952202754569589e+04 9.066604011691443156e+04 8.052150903030359768e+04 6.519645604714227375e+04 5.315396534981597506e+04 4.970221373908588430e+04 5.234557058330958534e+04 5.473012859501983621e+04 5.193228752440300013e+04 4.420716680994605122e+04 3.611091255230482784e+04 3.189071828078642284e+04 3.215108820743891192e+04 3.427220480376250634e+04 3.478984362201625481e+04
-1.510466733920318948e+05 -2.460513586677839630e+05 -1.331178825183843728e+05 -5.419780215542798396e+04 4.267431524367249222e+05 1.746836676189271268e+06 2.039259251813508454e+05 -3.032686747463641586e+04 -1.543876140718156603e+04 -2.948172971232398822e+02 9.942691241820433788e+03 1.057845024295012263e+04 7.730827409748087121e+03 6.658960823282491219e+03 9.236955080125673703e+03 1.335057720856107699e+04 1.554285297311145041e+04 1.454717109842348873e+04 1.141412105783088009e+04 8.731574628568276239e+03 8.272831819567254570e+03 9.570334639188022265e+03 1.097986147748418080e+04 1.098972548033124076e+04 9.489533035754406228e+03 7.563882071378631736e+03 6.495316738499671374e+03 6.643435306230292554e+03 7.426376905971754240e+03 7.847958398395345284e+03 2.573428105953461491e+05 6.704960201791208237e+05 6.000629942835776601e+05 3.833326167271152954e+05 7.014417744607503992e+05 1.110596801100616110e+06 4.199862908502049395e+05 1.217140197492116422e+05 1.199183925411543751e+05 1.108930462397590891e+05 1.048085035802652128e+05 9.550662332709517796e+04 8.484312634047868778e+04 7.523949919188086642e+04 6.899605460832083190e+04 6.556331614385463763e+04 6.223244318923029641e+04 5.716076768770349736e+04 5.026772472485488106e+04 4.384732851232246321e+04 3.992106958584441600e+04 3.844286145154300903e+04 3.779143289606277540e+04 3.601644421033000981e+04 3.264225962294916098e+04 2.872469815711678166e+04 2.585129632057066192e+04 2.463586186305899901e+04 2.448340618975162943e+04 2.409559991719547179e+04
-1.464056918272625771e+05 -2.624409306141241686e+05 -1.984718559530566563e+05 -9.727879597197152907e+04 -4.918787607031679363e+04 2.039259251813508454e+05 9.784223380871005356e+05 1.145688664914251422e+05 -7.605798573675919215e+03 2.389510306098102774e+03 5.884563707656800034e+03 6.988827605873220818e+03 6.957356009229103620e+03 8.099551925081354057e+03 1.016351932821471928e+04 1.184114421162045255e+04 1.206239203849425394e+04 1.120056908091406694e+04 9.875870886660493852e+03 8.930037129344000277e+03 8.700451929076605666e+03 8.813992800384115981e+03 8.868211935303534119e+03 8.509498351085512695e+03 7.774282551811389567e+03 6.993790819034989909e+03 6.483455209722105792e+03 6.313314230637392029e+03 6.307434701945218876e+03 6.149871656445207009e+03 1.903560194248046027e+05 4.948909160876830574e+05 4.401316443572650896e+05 3.080438998389057233e+05 1.948889225682644465e+05 3.873581958152342704e+05 6.102748911742067430e+05 2.523198408170041512e+05 9.606154850989292026e+04 9.290563988147440250e+04 8.226052175585669465e+04 7.541049377840201487e+04 7.042171686693801894e+04 6.601901769803938805e+04 6.097071100954464055e+04 5.540006771039761952e+04 4.994457357432488061e+04 4.550752429837441014e+04 4.176500622975941224e+04 3.856621867192102945e+04 3.569902938167430693e+04 3.302719888131530024e+04 3.069524935674851440e+04 2.856302731744934135e+04 2.651615237662413710e+04 2.458253223007187626e+04 2.286751125286446040e+04 2.146233005029745254e+04 2.031902364135777316e+04 1.917248871005024557e+04
-1.072303758942435670e+05 -1.960204418881436577e+05 -1.484844714448624291e+05 -9.045630988728560624e+04 -4.872334260033228202e+04 -3.032686747463641586e+04 1.145688664914251422e+05 5.767237404604107141e+05 7.664449564784343238e+04 7.633759343373201773e+03 8.127923825685005795e+03 5.648262208491900310e+03 6.183499379436500021e+03 8.699849419641668646e+03 1.143820006127425586e+04 1.235040032140007315e+04 1.119087919096138285e+04 9.549026202231860225e+03 8.561893277540253621e+03 8.582302806446848990e+03 8.977716807652623174e+03 8.920289898239883769e+03 8.270525370106854098e+03 7.351033184906089446e+03 6.631498857889704595e+03 6.325384656683865614e+03 6.290717968628887320e+03 6.202545942405002279e+03 5.891056855185577660e+03 5.347079961232054302e+03 1.832760874317833805e+05 4.589231390513979131e+05 3.980050191181353875e+05 2.626488891023595352e+05 1.796183086426062509e+05 1.325624814492753358e+05 2.425293112013580394e+05 3.418884692468824796e+05 1.638872856829839293e+05 7.709412774297618307e+04 6.955967679259699071e+04 6.015475214754012268e+04 5.708088709106025635e+04 5.632097026549959264e+04 5.426082429487744230e+04 4.919397409853355202e+04 4.257179014935731539e+04 3.729813042056652193e+04 3.429193817392145866e+04 3.299342461296997499e+04 3.173352880642037417e+04 2.944559078758793476e+04 2.646640824010667347e+04 2.366818171690222880e+04 2.173675333232495905e+04 2.067218624360327522e+04 1.993642711727054848e+04 1.894606309233595675e+04 1.757049784314860153e+04 1.597192846558105521e+04
-2.572326488531844370e+04 -3.113323515992197645e+04 -3.412342156320859795e+04 -2.815243289215661207e+04 -2.369936067954873943e+04 -1.543876140718156603e+04 -7.605798573675919215e+03 7.664449564784343238e+04 3.356237636632896028e+05 5.338695239489299274e+04 9.508877273197711474e+03 6.228637969860625162e+03 5.059309211957068328e+03 7.658106872264299454e+03 1.059541007354447356e+04 1.154083339555364728e+04 1.011421680922843734e+04 8.152438221373316082e+03 7.070486939201276982e+03 7.319769026462352485e+03 8.027202794108981834e+03 8.127302818070977082e+03 7.399418728154207201e+03 6.289338776194386810e+03 5.480065508255867826e+03 5.267539170704088974e+03 5.416926496501049769e+03 5.466984272093680374e+03 5.160459696248140972e+03 4.547015167687975918e+03 2.337705330516433460e+05 5.590927350419035647e+05 4.434458275649468414e+05 2.709573945554168313e+05 1.702235355549250380e+05 1.290176577554499090e+05 1.060870660345098295e+05 1.615610671268988517e+05 2.051037542161531746e+05 1.048941958111654385e+05 5.231184431718250562e+04 4.594946519560340676e+04 4.227766255904012360e+04 4.305641172837174963e+04 4.318386544281605893e+04 4.002041987500739197e+04 3.423987726467564062e+04 2.907922197577521365e+04 2.621615761594348442e+04 2.562279291570025453e+04 2.541765937732267048e+04 2.403089740007185537e+04 2.146947167728358909e+04 1.869234011210819881e+04 1.677690057990999048e+04 1.598882441428198581e+04 1.574098957191591580e+04 1.523467857229754372e+04 1.413107466622223365e+04 1.262068404575592103e+04
3.114946609538792472e+04 9.655367077886188054e+04 6.514027062519462925e+04 2.683514294401340885e+04 7.684610959527239174e+03 -2.948172971232398822e+02 2.389510306098102774e+03 7.633759343373201773e+03 5.338695239489299274e+04 1.987571411805834505e+05 3.446418922136074980e+04 5.854805238070035557e+03 4.524335217132937942e+03 5.630939638748273865e+03 8.093370165536261993e+03 9.086802036469929590e+03 8.137965615216109654e+03 6.567238382954110421e+03 5.581085266261134166e+03 5.697805919006262229e+03 6.293080498168603299e+03 6.470806095275397638e+03 5.957143338379139095e+03 5.053969424613485899e+03 4.332206528442358831e+03 4.101893136986778700e+03 4.215101048881317183e+03 4.290730988941366377e+03 4.085590405405925594e+03 3.605651265647064520e+03 2.564098784566079848e+05 6.215352364639618900e+05 4.852778370156479068e+05 2.823087701176828705e+05 1.683660349194574519e+05 1.188568336917582346e+05 9.999012258304969873e+04 8.343204028785921400e+04 1.042664899212208693e+05 1.219875737695152493e+05 6.318247571062965289e+04 3.161054907104117592e+04 3.014210573306410879e+04 3.031820841048091461e+04 3.110454456082756224e+04 2.946408095594277984e+04 2.554258079811307107e+04 2.163157196688577096e+04 1.924717791709818266e+04 1.871772400655712408e+04 1.872840562050897279e+04 1.794416351012999803e+04 1.616458734847933556e+04 1.402637659179818729e+04 1.242753291480565531e+04 1.173068060664919904e+04 1.156537215780129009e+04 1.128349188435992073e+04 1.054095558494292345e+04 9.412781726952314784e+03
3.860045184022295871e+04 1.106669667073341843e+05 8.492120369238035346e+04 4.505423121900884144e+04 2.120303715955938242e+04 9.942691241820433788e+03 5.884563707656800034e+03 8.127923825685005795e+03 9.508877273197711474e+03 3.446418922136074980e+04 1.257958802725006244e+05 2.188550237052041484e+04 3.695084645167125927e+03 4.124004100231297343e+03 5.348756316987643913e+03 6.311003981887306509e+03 5.947320569922538198e+03 5.025536297200420449e+03 4.313234102847472968e+03 4.273027539081640498e+03 4.603273184647730886e+03 4.744878908285694706e+03 4.463602517870807787e+03 3.885243138196498876e+03 3.361355151490025492e+03 3.126951445257887826e+03 3.137692126378303328e+03 3.166437498633954874e+03 3.038291988429473349e+03 2.726112551471441293e+03 2.244367552962958580e+05 5.514160810231168289e+05 4.415135607530034613e+05 2.629086331427562400e+05 1.571478592363810749e+05 1.094051341563938186e+05 8.717996217050321866e+04 7.318539468514430337e+04 5.522313012392412929e+04 6.269314339481331263e+04 7.087271209914999781e+04 3.854288546988807502e+04 2.053162910166534130e+04 2.131360459532925597e+04 2.149485372537676449e+04 2.070311681581487574e+04 1.842988269342095009e+04 1.600578306383807649e+04 1.431379495328124540e+04 1.372002793554097298e+04 1.353654802873182780e+04 1.297369923575726716e+04 1.183881584247374849e+04 1.043136813332058045e+04 9.283542730414967082e+03 8.666721891066066746e+03 8.420779914482252934e+03 8.167150905298796715e+03 7.664309705254161599e+03 6.912798060869048641e+03
-4.379848946307442361e+02 2.201242600013439369e+04 3.245340217347581711e+04 2.635284851845959201e+04 1.716351437844951579e+04 1.057845024295012263e+04 6.988827605873220818e+03 5.648262208491900310e+03 6.228637969860625162e+03 5.854805238070035557e+03 2.188550237052041484e+04 8.695121739059890388e+04 1.537630030782497124e+04 3.397336575808930320e+03 4.126843024942725606e+03 4.548773929104858325e+03 4.510504256577482010e+03 4.037303583532428547e+03 3.599309361237269513e+03 3.510223845137845728e+03 3.648169205599446286e+03 3.700884194221013786e+03 3.526593843954854492e+03 3.166562242927067018e+03 2.808654501611068554e+03 2.599633606781602793e+03 2.536199162294526104e+03 2.503243895728308871e+03 2.397058515353559415e+03 2.184400585060747289e+03 1.407543466972531751e+05 3.641695066994351801e+05 3.203935438615250168e+05 2.090945393073336454e+05 1.347058964085316402e+05 9.787142598725474090e+04 7.810150303865547176e+04 6.239325931793239579e+04 4.731203091611422860e+04 3.301327371322277759e+04 3.850286907186475582e+04 4.702700251307565486e+04 2.708258248638734949e+04 1.583962506021802983e+04 1.647675270471453405e+04 1.562988861118312525e+04 1.425060364318489883e+04 1.278872914387000856e+04 1.169048011491309444e+04 1.113056687524000154e+04 1.075878091996203875e+04 1.018822437923063990e+04 9.356757489998653909e+03 8.406954769796440814e+03 7.599568949563545175e+03 7.073324033314604094e+03 6.751349962225520358e+03 6.446919232075355467e+03 6.033172502688154054e+03 5.493393531191237344e+03
-3.388378109855481307e+04 -6.277735892803345632e+04 -2.657378703849338490e+04 -1.055566674921199954e+01 7.288615141783080617e+03 7.730827409748087121e+03 6.957356009229103620e+03 6.183499379436500021e+03 5.059309211957068328e+03 4.524335217132937942e+03 3.695084645167125927e+03 1.537630030782497124e+04 6.459160786261223984e+04 1.264956223269089242e+04 4.339953191567147769e+03 4.531638299547530551e+03 4.091168604284685898e+03 3.699159137153031224e+03 3.424185416241721214e+03 3.442004244315838605e+03 3.557381227528981981e+03 3.520132680935117151e+03 3.286330584943749272e+03 2.949318186228249033e+03 2.663351656885847206e+03 2.508366305263082722e+03 2.444628872416074955e+03 2.372899888767605262e+03 2.235136381560666450e+03 2.028968511723593792e+03 7.614335433474500314e+04 2.038593507685034710e+05 2.050564036352424882e+05 1.534117467976227636e+05 1.100452703250310005e+05 8.659766239901669906e+04 7.241400850018643541e+04 5.860683054313114553e+04 4.336786970370294148e+04 3.107449780358860880e+04 2.197668823723490641e+04 2.772439149978627029e+04 3.353645958901324775e+04 2.208807914437034924e+04 1.456839764187607034e+04 1.419701200552749833e+04 1.261806921186569889e+04 1.140014346348917752e+04 1.064878367688808430e+04 1.034565868525827500e+04 1.002459912244963562e+04 9.385537348841528001e+03 8.515983010424408349e+03 7.644601055243243536e+03 6.985458975601390193e+03 6.576182585845366702e+03 6.283428139504250794e+03 5.943969521605844420e+03 5.502703590748051283e+03 4.992447595594214363e+03
-3.049752293032960733e+04 -6.339686987754723668e+04 -3.363580319965736999e+04 -6.373523237217927090e+03 3.814874118106063179e+03 6.658960823282491219e+03 8.099551925081354057e+03 8.699849419641668646e+03 7.658106872264299454e+03 5.630939638748273865e+03 4.124004100231297343e+03 3.397336575808930320e+03 1.264956223269089242e+04 4.935259218091737421e+04 1.147802427830618399e+04 5.151759940533404006e+03 4.415294303882565146e+03 3.619841620445539775e+03 3.377105707423981585e+03 3.554185070417048337e+03 3.786684673869306607e+03 3.722931835935361960e+03 3.371295614207488143e+03 2.933763653255507052e+03 2.636678956676892085e+03 2.540447097577932254e+03 2.534993685374704910e+03 2.470336126150489690e+03 2.293159773974598465e+03 2.044291443241173056e+03 6.939701863751243218e+04 1.752644162590383203e+05 1.700797490269205300e+05 1.278774122431550932e+05 9.448245118540909607e+04 7.739956690638617147e+04 6.822805768268469546e+04 5.797028372123625013e+04 4.418999788867293682e+04 3.143972030486536096e+04 2.272655348234112898e+04 1.768982608093201998e+04 2.306015004620311083e+04 2.514984709769301116e+04 1.954288160292313842e+04 1.357363731348972942e+04 1.209019469490652773e+04 1.051336011963036435e+04 9.875610233279900058e+03 9.911757335359110584e+03 9.880087680069002090e+03 9.284014350520199514e+03 8.278231960612618423e+03 7.271850251902235868e+03 6.614193059525117860e+03 6.325640870645165705e+03 6.160255276301051708e+03 5.864167689367029197e+03 5.382323097560734823e+03 4.816529320436072339e+03
4.639396600743221825e+03 1.393376515223406932e+04 1.404226578640671141e+04 1.214072555483685210e+04 1.014075822504839743e+04 9.236955080125673703e+03 1.016351932821471928e+04 1.143820006127425586e+04 1.059541007354447356e+04 8.093370165536261993e+03 5.348756316987643913e+03 4.126843024942725606e+03 4.339953191567147769e+03 1.147802427830618399e+04 3.772370368408430659e+04 9.922379128571115871e+03 4.535515361040790594e+03 3.592480718407414315e+03 3.133563588236927899e+03 3.389186800576867427e+03 3.727500179749261406e+03 3.711748919835760717e+03 3.323098424460466504e+03 2.816909084770336449e+03 2.487923010268333201e+03 2.420248504563317965e+03 2.470369296216808834e+03 2.441836852554569305e+03 2.263295054802204504e+03 1.992360681259027615e+03 1.090355172979675117e+05 2.614772645739483414e+05 2.150395461464457912e+05 1.374348173154370743e+05 9.144373513139245915e+04 7.154835783537189127e+04 6.341026504017155094e+04 5.606961975495966908e+04 4.442007910815849027e+04 3.223633800537948991e+04 2.295306728059590023e+04 1.820168503696621337e+04 1.632403644861574503e+04 2.037720863628562802e+04 2.243207435668294056e+04 1.622102040056342958e+04 1.080172992655266717e+04 9.377354815414821132e+03 8.608795260708982823e+03 8.852310503415281346e+03 9.099119687255693862e+03 8.688660045784661634e+03 7.703194868382077402e+03 6.631845637384368274e+03 5.949553942639409797e+03 5.734527939691402935e+03 5.695249466225141987e+03 5.497508371858009923e+03 5.047700039153251055e+03 4.469639376208135218e+03
4.329546017183976073e+04 1.008790673180860758e+05 7.094187315534136724e+04 3.728547927694083774e+04 2.020947808734053979e+04 1.335057720856107699e+04 1.184114421162045255e+04 1.235040032140007315e+04 1.154083339555364728e+04 9.086802036469929590e+03 6.311003981887306509e+03 4.548773929104858325e+03 4.531638299547530551e+03 5.151759940533404006e+03 9.922379128571115871e+03 2.821110541907323204e+04 7.506738754901880384e+03 3.251870170801893437e+03 2.772662049349589324e+03 2.857672051087856744e+03 3.192681960149998758e+03 3.230553713045534096e+03 2.920550825501105010e+03 2.468655648528937490e+03 2.156925900293374980e+03 2.087962058782785789e+03 2.145427742920401215e+03 2.143317729246648014e+03 2.000982929093435359e+03 1.762866019754725130e+03 1.532335349913834943e+05 3.607169258860855480e+05 2.737104745031353668e+05 1.572934084696434438e+05 9.413878807163017336e+04 6.779087644852412632e+04 5.747680682440388046e+04 5.067523775635306811e+04 4.097277845895181235e+04 3.031024248969393011e+04 2.181802888781826186e+04 1.705067489943443070e+04 1.558498084377616397e+04 1.473025428942183862e+04 1.669903281059513392e+04 1.623523775496921007e+04 1.146489147254195996e+04 7.464107751917012138e+03 6.959465334503264785e+03 7.123597715258683820e+03 7.458006005566289787e+03 7.238931029447058791e+03 6.473394088509277026e+03 5.554219964449664985e+03 4.938779826666715962e+03 4.750281765595726029e+03 4.754953203610846685e+03 4.638288171763004357e+03 4.285877471803712979e+03 3.793177159611039315e+03
4.789562057673395611e+04 1.167888121772149170e+05 8.666012374409960466e+04 4.658165995202721388e+04 2.493937352234692298e+04 1.554285297311145041e+04 1.206239203849425394e+04 1.119087919096138285e+04 1.011421680922843734e+04 8.137965615216109654e+03 5.947320569922538198e+03 4.510504256577482010e+03 4.091168604284685898e+03 4.415294303882565146e+03 4.535515361040790594e+03 7.506738754901880384e+03 2.104896599681461521e+04 5.319630510014861102e+03 2.324800513463515017e+03 2.302876831186501931e+03 2.444796445204981410e+03 2.506295837295660021e+03 2.317389665000555851e+03 2.002457939285239490e+03 1.759493813881441383e+03 1.683155309221642256e+03 1.708976428138420488e+03 1.707295892704364178e+03 1.609548184436978318e+03 1.435788157930109946e+03 1.472161654725098051e+05 3.562304970323240850e+05 2.749430867415268440e+05 1.571932377050953219e+05 9.179195441063697217e+04 6.352987411843605514e+04 5.115701378555616247e+04 4.330695894977090938e+04 3.457335178718555835e+04 2.584602210024726446e+04 1.901294228184955136e+04 1.511915531139530140e+04 1.353155310317594558e+04 1.279374400420723759e+04 1.130613789893575085e+04 1.171394939944003818e+04 1.051534818237417130e+04 7.591774571518866651e+03 5.174827919208124513e+03 5.381871940846421239e+03 5.572762843052557400e+03 5.472887011700844596e+03 4.982106694720716405e+03 4.346579298783201011e+03 3.882614128143674861e+03 3.708173486779269297e+03 3.685682006015589650e+03 3.598724073855409188e+03 3.351088267551471290e+03 2.993168950076247711e+03
2.297525640351090988e+04 6.155855621660826728e+04 5.418679532943926461e+04 3.474194004921017040e+04 2.141204063609877994e+04 1.454717109842348873e+04 1.120056908091406694e+04 9.549026202231860225e+03 8.152438221373316082e+03 6.567238382954110421e+03 5.025536297200420449e+03 4.037303583532428547e+03 3.699159137153031224e+03 3.619841620445539775e+03 3.592480718407414315e+03 3.251870170801893437e+03 5.319630510014861102e+03 1.599095390491318540e+04 4.073546335359773366e+03 1.969358467140551056e+03 2.005936112007048450e+03 1.972667721304760562e+03 1.863650473743216708e+03 1.660515894425805072e+03 1.488898186737584638e+03 1.414952659930711889e+03 1.408987588200883238e+03 1.392622348333051377e+03 1.319750705361876953e+03 1.196057511066920597e+03 9.986441881536631263e+04 2.510380468060412095e+05 2.097530659367679036e+05 1.301032767948754481e+05 8.077541588701197179e+04 5.768347723330397275e+04 4.601326616207291954e+04 3.742731037241237937e+04 2.891327238341475459e+04 2.150289094862727870e+04 1.617385438550392792e+04 1.323497207824927864e+04 1.189623894544770701e+04 1.087931867129611419e+04 9.572892971763689275e+03 7.649712829116378998e+03 7.679963135722863626e+03 7.581314986675961336e+03 5.513193188730992915e+03 4.134039279267853999e+03 4.341643182441788667e+03 4.217936022165144095e+03 3.907714760928220130e+03 3.494581625659106066e+03 3.174990176189597150e+03 3.023963744936345392e+03 2.966908314783699552e+03 2.874984715279287684e+03 2.688491659642716968e+03 2.431891400225072630e+03
-5.492088244995227797e+03 -7.374981121495757179e+03 7.326749838670843019e+03 1.416881673753376890e+04 1.341288188534059009e+04 1.141412105783088009e+04 9.875870886660493852e+03 8.561893277540253621e+03 7.070486939201276982e+03 5.581085266261134166e+03 4.313234102847472968e+03 3.599309361237269513e+03 3.424185416241721214e+03 3.377105707423981585e+03 3.133563588236927899e+03 2.772662049349589324e+03 2.324800513463515017e+03 4.073546335359773366e+03 1.301930932216376095e+04 3.563746014496050975e+03 1.916144014368835542e+03 1.843425733706616484e+03 1.675083547567308415e+03 1.512208763338074732e+03 1.381845905481944101e+03 1.326028150147774795e+03 1.312208884888382499e+03 1.282167227013094362e+03 1.208309841940219030e+03 1.100533072501327979e+03 5.041547617265806184e+04 1.318244002611663891e+05 1.275726266977339401e+05 9.279523068359614990e+04 6.519288326730577683e+04 5.054456484619771800e+04 4.204034168764689821e+04 3.422902484415417712e+04 2.589516810123639152e+04 1.897611549462746189e+04 1.432644937698755712e+04 1.196012277181108220e+04 1.096046929584055579e+04 1.006663542960746599e+04 8.682548170057842071e+03 7.027996037270290799e+03 5.376632470996009943e+03 5.740678512509873144e+03 5.373326546821116608e+03 4.751220155368679116e+03 3.770209628217033242e+03 3.727995458698174389e+03 3.418515074351496878e+03 3.092142544693511809e+03 2.855276268598256138e+03 2.747176399623676843e+03 2.690562691824458852e+03 2.589490957210480701e+03 2.413528356664908642e+03 2.193321184309448654e+03
-1.846176298417595535e+04 -3.827301051233214093e+04 -1.492515164418736094e+04 2.428725994182118484e+03 7.742237922206564690e+03 8.731574628568276239e+03 8.930037129344000277e+03 8.582302806446848990e+03 7.319769026462352485e+03 5.697805919006262229e+03 4.273027539081640498e+03 3.510223845137845728e+03 3.442004244315838605e+03 3.554185070417048337e+03 3.389186800576867427e+03 2.857672051087856744e+03 2.302876831186501931e+03 1.969358467140551056e+03 3.563746014496050975e+03 1.098429354690811670e+04 3.380846212845910941e+03 1.990464964105384297e+03 1.769605262307526573e+03 1.517062771923374839e+03 1.386790771920578436e+03 1.355047090239078898e+03 1.363948715721985536e+03 1.335341704833383574e+03 1.245935746215866857e+03 1.121543738653516357e+03 2.639653319822650155e+04 7.459698097898175183e+04 8.528347786973041366e+04 6.981397300244092185e+04 5.354900094607769279e+04 4.443164220313046826e+04 3.910387833943884471e+04 3.317011163641662279e+04 2.550813953857389424e+04 1.860399477679507254e+04 1.383660442379116648e+04 1.146188108633829324e+04 1.069528502724289501e+04 1.013102248890077135e+04 8.947392540992859722e+03 7.224826960334457908e+03 5.594941629264189942e+03 4.471071253121726841e+03 4.985950724083268142e+03 4.566504277457879653e+03 4.624863112272555554e+03 3.703965311530972940e+03 3.421617629335546553e+03 3.015868111920614865e+03 2.786422806425788167e+03 2.726867546117886377e+03 2.719192582881349153e+03 2.632070735732125286e+03 2.439608968552409351e+03 2.198143591674695926e+03
-9.640211908789581230e+02 -4.135818308925283418e+03 2.206386770356702073e+03 7.381517527734268697e+03 8.329130154328184290e+03 8.272831819567254570e+03 8.700451929076605666e+03 8.977716807652623174e+03 8.027202794108981834e+03 6.293080498168603299e+03 4.603273184647730886e+03 3.648169205599446286e+03 3.557381227528981981e+03 3.786684673869306607e+03 3.727500179749261406e+03 3.192681960149998758e+03 2.444796445204981410e+03 2.005936112007048450e+03 1.916144014368835542e+03 3.380846212845910941e+03 9.450425636204017792e+03 3.164718637167601628e+03 1.868137366340082281e+03 1.563521535577236136e+03 1.366684299559897681e+03 1.349496659964019273e+03 1.386813082016913995e+03 1.375161500924709799e+03 1.279673450370702540e+03 1.136639134575407979e+03 4.939314110856375191e+04 1.170251438121997780e+05 1.025491782537498220e+05 7.149188740080592106e+04 5.059354799117606308e+04 4.089296720627257309e+04 3.657104128105877317e+04 3.221898000730854983e+04 2.557329825616338348e+04 1.882821314583799540e+04 1.380608371081969744e+04 1.119790149058102543e+04 1.045848398375768738e+04 1.017258483379147583e+04 9.257366776654473142e+03 7.604554778933220405e+03 5.828010288642514752e+03 4.693600099143013722e+03 4.154680672210750345e+03 4.818091969038856405e+03 4.761705715283211248e+03 4.314227407639393277e+03 3.357153864586837699e+03 2.950659414253814248e+03 2.667283258256542013e+03 2.640500009494437109e+03 2.691078130068260180e+03 2.644637086427100257e+03 2.453610879382570602e+03 2.190085001052842017e+03
2.163005276409451471e+04 4.963965120315922832e+04 3.681176115019033023e+04 2.118642229883847904e+04 1.297739672515484745e+04 9.570334639188022265e+03 8.813992800384115981e+03 8.920289898239883769e+03 8.127302818070977082e+03 6.470806095275397638e+03 4.744878908285694706e+03 3.700884194221013786e+03 3.520132680935117151e+03 3.722931835935361960e+03 3.711748919835760717e+03 3.230553713045534096e+03 2.506295837295660021e+03 1.972667721304760562e+03 1.843425733706616484e+03 1.990464964105384297e+03 3.164718637167601628e+03 7.929580286596639780e+03 2.680252521378961319e+03 1.507982484692691742e+03 1.295385451813675900e+03 1.237131064062822134e+03 1.283648457469197865e+03 1.287449399452033049e+03 1.205068006106977464e+03 1.066132715834068676e+03 7.948490889203161350e+04 1.886603914094590000e+05 1.460878852661262790e+05 8.622056705944225541e+04 5.334277161047606205e+04 3.947546178061346291e+04 3.394569000882301771e+04 2.999320318446983583e+04 2.425705250393050665e+04 1.809832959250618660e+04 1.326443421579126880e+04 1.061999213001447788e+04 9.802087847311628138e+03 9.561918694810588931e+03 8.835129015123704448e+03 7.367237793650800086e+03 5.693733123826210431e+03 4.536598448372316852e+03 4.073301882723323160e+03 4.000160292942630349e+03 4.502725032452557571e+03 3.782681400563006719e+03 3.534646902789034357e+03 2.619530169194354130e+03 2.386009545842411171e+03 2.343944622010992589e+03 2.421512913272664264e+03 2.414051730820534431e+03 2.258771994953727699e+03 2.014987740369778294e+03
3.366264524189017538e+04 7.838714021144749131e+04 5.726230217556359275e+04 3.084784353694410675e+04 1.687393140389642213e+04 1.097986147748418080e+04 8.868211935303534119e+03 8.270525370106854098e+03 7.399418728154207201e+03 5.957143338379139095e+03 4.463602517870807787e+03 3.526593843954854492e+03 3.286330584943749272e+03 3.371295614207488143e+03 3.323098424460466504e+03 2.920550825501105010e+03 2.317389665000555851e+03 1.863650473743216708e+03 1.675083547567308415e+03 1.769605262307526573e+03 1.868137366340082281e+03 2.680252521378961319e+03 6.473716082939037733e+03 2.076117285018399343e+03 1.170948486286609295e+03 1.094256774286732252e+03 1.094706510097861155e+03 1.101897438943916995e+03 1.039764499536091989e+03 9.256799606035875740e+02 9.316344464680011151e+04 2.215572193154758424e+05 1.684157935031901579e+05 9.529360867907773354e+04 5.543030287186719943e+04 3.855111570084367122e+04 3.136677777191064888e+04 2.681964612041036889e+04 2.155343644091641909e+04 1.620242282846240778e+04 1.201155048355313193e+04 9.661150867665059195e+03 8.808001394993551003e+03 8.446966144521131355e+03 7.756804114445055347e+03 6.515073974111524876e+03 5.110954676621327962e+03 4.126637535300138552e+03 3.673076713650687452e+03 3.630620807275457992e+03 3.506694023054546051e+03 3.564415759644231912e+03 2.818417697885247435e+03 2.542904163168577725e+03 1.956644318054786027e+03 1.947630899785648580e+03 1.996301652495101280e+03 2.007754707194322236e+03 1.900240194728113238e+03 1.711760805211470370e+03
2.592802543610714929e+04 6.296392353809581982e+04 4.919976193496366614e+04 2.855809722654501093e+04 1.657792990499965526e+04 1.098972548033124076e+04 8.509498351085512695e+03 7.351033184906089446e+03 6.289338776194386810e+03 5.053969424613485899e+03 3.885243138196498876e+03 3.166562242927067018e+03 2.949318186228249033e+03 2.933763653255507052e+03 2.816909084770336449e+03 2.468655648528937490e+03 2.002457939285239490e+03 1.660515894425805072e+03 1.512208763338074732e+03 1.517062771923374839e+03 1.563521535577236136e+03 1.507982484692691742e+03 2.076117285018399343e+03 5.247228448482187559e+03 1.651602680753871709e+03 9.698396626772391755e+02 9.402546463326584671e+02 9.109930523440372099e+02 8.635755137986327554e+02 7.768002609919246879e+02 7.693428213928261539e+04 1.879490623487866251e+05 1.485232900253572734e+05 8.739707111696645734e+04 5.220439143369086378e+04 3.639963736944740231e+04 2.889756953050050288e+04 2.374380661081700964e+04 1.856116863678368099e+04 1.388960508727429260e+04 1.044281117268064008e+04 8.550947347541772615e+03 7.783699511997958325e+03 7.305603046734897362e+03 6.570381477936440206e+03 5.492366611110925078e+03 4.372227675278316383e+03 3.606930506877854896e+03 3.239579711116422914e+03 3.134875410785345593e+03 3.019082749479900485e+03 2.670456662798808793e+03 2.580273689163373547e+03 1.901433452191524793e+03 1.879942422991243120e+03 1.558186696861909695e+03 1.612108266552007080e+03 1.606533178125758695e+03 1.536251824933787475e+03 1.405447967311262573e+03
7.885394434231887317e+03 2.144252439682938711e+04 2.285838964090285299e+04 1.764818126444022346e+04 1.255309296816596179e+04 9.489533035754406228e+03 7.774282551811389567e+03 6.631498857889704595e+03 5.480065508255867826e+03 4.332206528442358831e+03 3.361355151490025492e+03 2.808654501611068554e+03 2.663351656885847206e+03 2.636678956676892085e+03 2.487923010268333201e+03 2.156925900293374980e+03 1.759493813881441383e+03 1.488898186737584638e+03 1.381845905481944101e+03 1.386790771920578436e+03 1.366684299559897681e+03 1.295385451813675900e+03 1.170948486286609295e+03 1.651602680753871709e+03 4.412684393503775937e+03 1.418679425793074188e+03 8.708146231869270650e+02 8.226168587175475295e+02 7.523204182171375578e+02 6.789988613708201228e+02 4.585317536025732988e+04 1.163896641565838072e+05 1.024053960844226676e+05 6.756474691593312309e+04 4.425229673372898833e+04 3.282336589829773584e+04 2.666980695845819719e+04 2.166612931192010728e+04 1.653490493436150427e+04 1.220079453268849829e+04 9.209267982378762099e+03 7.655673798712237840e+03 7.040004398325480906e+03 6.574100641811824062e+03 5.826178305472588363e+03 4.820939997870307707e+03 3.850324201577506756e+03 3.224852852499701839e+03 2.938119810516560392e+03 2.843616039637049198e+03 2.686834966786417681e+03 2.393061059372324962e+03 1.990831541653662953e+03 1.908809352105624384e+03 1.338327302177255660e+03 1.563234911237508641e+03 1.369451000754347888e+03 1.382033279592391864e+03 1.312051765195894859e+03 1.213200466593746341e+03
-5.309541351578540343e+03 -9.855203048824827420e+03 1.332148962404084159e+03 7.592438164524746753e+03 8.222173216899205727e+03 7.563882071378631736e+03 6.993790819034989909e+03 6.325384656683865614e+03 5.267539170704088974e+03 4.101893136986778700e+03 3.126951445257887826e+03 2.599633606781602793e+03 2.508366305263082722e+03 2.540447097577932254e+03 2.420248504563317965e+03 2.087962058782785789e+03 1.683155309221642256e+03 1.414952659930711889e+03 1.326028150147774795e+03 1.355047090239078898e+03 1.349496659964019273e+03 1.237131064062822134e+03 1.094256774286732252e+03 9.698396626772391755e+02 1.418679425793074188e+03 3.833685680248700010e+03 1.309297617593506857e+03 8.254953868315076306e+02 7.396090185837047102e+02 6.400587459469093119e+02 2.319751746230425852e+04 6.260412963835065602e+04 6.492710522413605941e+04 4.966536375754622713e+04 3.623514423770394933e+04 2.896328365450512865e+04 2.478645903800302040e+04 2.065520013329233552e+04 1.579957337553717662e+04 1.154653242898916142e+04 8.619923610331239615e+03 7.145302616375678554e+03 6.643151986575101546e+03 6.299718937903282495e+03 5.626414895677206005e+03 4.643944468041472646e+03 3.679252263521312670e+03 3.069156629362064450e+03 2.820195836700674590e+03 2.773206209003054937e+03 2.649865262734491807e+03 2.348017215194764503e+03 1.975522424140045132e+03 1.623588798473612314e+03 1.619481221001370614e+03 1.194682627415508705e+03 1.481107206442750339e+03 1.312863241428887022e+03 1.258213443383258209e+03 1.148498738638448231e+03
