4.632110574126578122e+07 1.957726180853564758e+06 1.221417367633773538e+05 5.699771428723013378e+04 2.791737198710552912e+04 2.292031031032944156e+04 2.028991475802320929e+04 1.860423554529402463e+04 1.650278914616009570e+04 1.379618953208051062e+04 1.118010501403257149e+04 9.303137365982993288e+03 8.414908765681266232e+03 8.072589109631762767e+03 7.694992430171239903e+03 6.969165528350033128e+03 5.920579553618428690e+03 4.982002466072115567e+03 4.404108533739668928e+03 4.184000895661830327e+03 4.150822412586340761e+03 3.974763034275652899e+03 3.614526811482385710e+03 3.148084643335301735e+03 2.755738238092535084e+03 2.540240443463394513e+03 2.480763703584752875e+03 2.439749896176596849e+03 2.330390729318053218e+03 2.130214484163788256e+03 1.279967746315885335e+07 4.094824843432600610e+05 -5.673421302631653089e+04 9.069611930307803505e+02 2.233009195698749681e+04 1.800525667853054256e+04 1.576835033018290596e+04 1.476273574324027140e+04 1.364572126673572711e+04 1.170866600516101607e+04 9.415413539247194421e+03 7.466507430249874233e+03 6.516916792509782681e+03 6.367320347671837226e+03 6.393369007758012231e+03 6.065912304890978703e+03 5.160546157226628566e+03 4.149304700100015907e+03 3.464726681204893794e+03 3.241127395103346316e+03 3.391199332130849143e+03 3.422538152019427798e+03 3.190092541142769733e+03 2.719538728189919311e+03 2.255897077125897340e+03 1.999122904844610503e+03 1.989769155204882281e+03 2.049800294063645651e+03 2.031853427251361609e+03 1.861810371898862286e+03
1.957726180853564758e+06 1.045010914315934107e+07 5.617308814405365847e+05 7.862241027974366443e+04 4.716420874620218819e+04 3.081833567038038018e+04 2.671258149502151355e+04 2.435788955638061452e+04 2.225781057465072809e+04 1.930865227532172867e+04 1.590027486347779632e+04 1.294162712624844244e+04 1.124037358064638465e+04 1.067944071534738396e+04 1.047019320660413723e+04 9.863541265777854278e+03 8.575324137227155006e+03 7.082203952636424219e+03 6.003039032872828102e+03 5.554600816318383295e+03 5.603038026722751056e+03 5.587264890318225298e+03 5.219388437681976939e+03 4.545113602831566823e+03 3.856385110502407315e+03 3.437258137106811773e+03 3.346449849896685009e+03 3.381690119567550028e+03 3.323321639832880010e+03 3.075605386168029327e+03 7.667623884344502585e+05 4.419789581868272275e+06 1.696306979407664621e+05 5.437551084794056806e+03 2.314473621777793596e+04 2.760779888514001505e+04 2.374620462078716810e+04 2.199681282545185240e+04 2.093791110819265305e+04 1.878294892080908176e+04 1.551552323741642613e+04 1.213719890574554847e+04 1.005340258123227068e+04 9.590968251083832001e+03 9.903313976577237554e+03 9.841008435921350610e+03 8.681460712413581859e+03 6.909504759502895467e+03 5.482170738296223135e+03 4.909029834251374268e+03 5.191636270280641838e+03 5.512241426771079205e+03 5.327252701686322325e+03 4.583621075545686836e+03 3.680920687997211189e+03 3.109256750638542144e+03 3.052707585101749828e+03 3.248424458185484582e+03 3.339224135813633438e+03 3.124235581903225011e+03
1.221417367633773538e+05 5.617308814405365847e+05 3.520910433224454988e+06 2.291810013556729537e+05 4.818590685469224991e+04 3.326620886435176362e+04 2.478363897253271716e+04 2.197575044225114107e+04 1.977834429140103384e+04 1.743454450457665371e+04 1.479996031996095189e+04 1.237253677856455033e+04 1.067762540698107478e+04 9.808810684168967782e+03 9.347107453740572964e+03 8.761193378443127585e+03 7.801777172659472853e+03 6.659165113420189300e+03 5.727102457210152352e+03 5.223995247455954086e+03 5.070818487838221699e+03 4.966946424453439249e+03 4.666489183184243302e+03 4.161921840389482895e+03 3.625607659890690229e+03 3.248919541441614456e+03 3.091102505122836192e+03 3.047857130966793193e+03 2.967685586311887164e+03 2.776023166827473688e+03 3.673556270261842292e+04 2.832279839012257289e+05 1.428314294239908922e+06 6.987577247817779426e+04 1.489552045600520069e+04 1.956403270326119309e+04 2.071263548639888904e+04 1.877164505873616145e+04 1.750329754993986717e+04 1.594974677388335476e+04 1.367351195973284302e+04 1.119417209024375188e+04 9.354095735671602597e+03 8.568491186715837102e+03 8.459643443581768224e+03 8.272073891390960853e+03 7.492543454349214699e+03 6.256609882951766849e+03 5.134754011103545963e+03 4.560831056006231847e+03 4.540835441366243685e+03 4.667559617932127367e+03 4.521257161019164414e+03 4.012366699263137889e+03 3.365717739279327361e+03 2.897594260636593390e+03 2.754385126166996088e+03 2.814439337762691139e+03 2.842027659805960866e+03 2.693671467989321172e+03
5.699771428723013378e+04 7.862241027974366443e+04 2.291810013556729537e+05 1.480316637653689133e+06 1.152284647684450465e+05 3.142225903189855308e+04 2.332174267444112047e+04 1.823852916170062963e+04 1.608972439006872628e+04 1.424171734779739563e+04 1.243337409793477491e+04 1.069808219392994579e+04 9.270813290707708802e+03 8.277589592049185740e+03 7.619161240848427042e+03 7.049460599605946300e+03 6.387594731577508355e+03 5.644931586565690850e+03 4.966371727675124930e+03 4.484471290540673181e+03 4.201734404054792321e+03 4.000237767842709218e+03 3.757317954049303808e+03 3.430430564719787981e+03 3.078920105229974979e+03 2.790050077184734619e+03 2.605900640551330980e+03 2.495723178826066942e+03 2.393337706099654497e+03 2.252623917400240316e+03 2.209816366115684650e+04 4.016463590866627055e+04 1.039716957011522318e+05 4.824296678679377073e+05 3.565691704657457012e+04 1.113631417308061646e+04 1.303815906208777596e+04 1.367905764765491040e+04 1.251940125774346234e+04 1.145992942884396325e+04 1.021452094746465445e+04 8.793859207954683370e+03 7.532226290099250946e+03 6.700340146599694890e+03 6.275991564541998741e+03 5.970751488479145337e+03 5.503479159385860839e+03 4.836600053233003564e+03 4.157326395343683544e+03 3.686657662854750924e+03 3.483567944426316899e+03 3.408671224816051108e+03 3.277600880965548640e+03 3.000011817424538094e+03 2.642802991182531514e+03 2.338972538172086843e+03 2.172387312731304519e+03 2.117076790174889538e+03 2.079424659947822420e+03 1.981591000556138624e+03
2.791737198710552912e+04 4.716420874620218819e+04 4.818590685469224991e+04 1.152284647684450465e+05 7.625897215144169750e+05 6.938492831345248851e+04 2.226774544333181984e+04 1.711102311273779924e+04 1.370011723373560380e+04 1.208435345449786837e+04 1.069931148523574120e+04 9.409582618620195717e+03 8.225660808213364362e+03 7.247500444211133072e+03 6.510011352487892509e+03 5.943011840589184430e+03 5.429369970047775496e+03 4.905615818203626986e+03 4.391920709173309660e+03 3.951856946327722653e+03 3.622548955132298488e+03 3.378538290569593755e+03 3.161682835002127831e+03 2.929414866216824521e+03 2.681235594876235155e+03 2.450524282986320031e+03 2.266401349458401455e+03 2.130095305875355734e+03 2.018468019035482030e+03 1.904907208001526215e+03 1.475031682079288657e+04 2.890839002300433276e+04 2.484184756445459789e+04 4.911862811645469628e+04 2.043639344761836692e+05 2.038851902339758817e+04 7.700709139413432240e+03 8.773297657138635259e+03 9.173317947255032777e+03 8.437480694397901971e+03 7.732324071478170481e+03 6.951896386769169112e+03 6.124257219431092381e+03 5.403337915497626454e+03 4.886084771218076639e+03 4.532057021927137612e+03 4.210199987654241340e+03 3.831849147850427926e+03 3.413888030776017786e+03 3.043238386217800780e+03 2.787259940520110831e+03 2.629681373536562660e+03 2.499388125951225447e+03 2.334820372139038227e+03 2.128296652703181280e+03 1.924102627595074409e+03 1.768242435366873451e+03 1.670319113382341584e+03 1.602773195855206495e+03 1.527703652156516000e+03
2.292031031032944156e+04 3.081833567038038018e+04 3.326620886435176362e+04 3.142225903189855308e+04 6.938492831345248851e+04 4.708414449744853191e+05 4.747623326823984826e+04 1.708012835416295275e+04 1.345691943464882752e+04 1.097943645477333484e+04 9.732406416672860360e+03 8.674204112677689409e+03 7.693760639135731253e+03 6.787617936729591747e+03 6.020333534257031715e+03 5.416731514655537467e+03 4.936797787785222681e+03 4.509838203343340865e+03 4.094286987896802202e+03 3.700190919222784032e+03 3.358965992021600869e+03 3.087184945128542040e+03 2.868661647220492341e+03 2.671533241678589548e+03 2.475078431317521790e+03 2.280442058343705867e+03 2.103958744326855140e+03 1.957182401064496844e+03 1.837750892928372195e+03 1.732718574716949206e+03 1.156170275090220457e+04 2.124708573811247334e+04 1.890385696259145334e+04 1.353170624816827512e+04 2.467619893174410390e+04 1.162031850985735073e+05 1.400059971647533348e+04 5.776822476194982301e+03 6.449268020638847702e+03 6.725705186110864815e+03 6.266652730217543649e+03 5.816636446737028564e+03 5.296668557023286667e+03 4.728988175139228588e+03 4.219101977428633290e+03 3.831514834788511962e+03 3.544565854935500738e+03 3.284867124918837817e+03 3.003512953797551290e+03 2.712742638113684279e+03 2.456610537648738955e+03 2.264118622897743990e+03 2.122841991192465230e+03 1.996168511139070006e+03 1.857751451507061574e+03 1.708275548102742277e+03 1.569581166469144591e+03 1.459063906805281476e+03 1.376453890965338815e+03 1.306678250601308719e+03
2.028991475802320929e+04 2.671258149502151355e+04 2.478363897253271716e+04 2.332174267444112047e+04 2.226774544333181984e+04 4.747623326823984826e+04 3.194350253136253450e+05 3.464324903171528422e+04 1.369721868140837250e+04 1.099840591353847958e+04 9.127277230386032898e+03 8.169935850945090351e+03 7.342646136307958841e+03 6.550929889093581551e+03 5.803321941660937227e+03 5.162943625503161456e+03 4.658537179547825872e+03 4.259065234816342127e+03 3.904863962646321397e+03 3.562095613084632532e+03 3.234739582046257510e+03 2.946636563415469027e+03 2.711428883319656052e+03 2.518771079616818497e+03 2.346802121956821793e+03 2.180243347683529009e+03 2.018209473844870672e+03 1.870250847456551583e+03 1.743496740600189241e+03 1.636333445708979070e+03 1.001767386601635371e+04 1.798690547596475517e+04 1.576270204692344487e+04 1.109855499039835559e+04 7.990189660198528145e+03 1.551622529351014782e+04 7.055201789799329708e+04 9.021893156001344323e+03 4.538092683086362740e+03 4.991071085015642893e+03 5.228760091379776895e+03 4.956247337895029887e+03 4.656874236392274724e+03 4.272948647207592330e+03 3.839432697666642980e+03 3.447189682795250974e+03 3.148271664101173883e+03 2.924623322976937743e+03 2.719941334722439933e+03 2.501107543726366202e+03 2.275834901096173326e+03 2.074331595551914688e+03 1.916309305281118668e+03 1.793846068757311969e+03 1.684392450234349099e+03 1.571610429965529875e+03 1.455074589986088540e+03 1.346652556203193853e+03 1.256112977959898217e+03 1.183393438394947680e+03
1.860423554529402463e+04 2.435788955638061452e+04 2.197575044225114107e+04 1.823852916170062963e+04 1.711102311273779924e+04 1.708012835416295275e+04 3.464324903171528422e+04 2.260370457263920689e+05 2.610888556627854996e+04 1.106056189268591334e+04 9.047698362236171306e+03 7.650439846398302507e+03 6.910310383283820556e+03 6.232197017225384116e+03 5.565193767589540585e+03 4.939989034464584620e+03 4.416304014091600948e+03 4.009744595314065009e+03 3.683385849903337657e+03 3.387211251369552883e+03 3.095290791215017634e+03 2.816381194529487402e+03 2.572104970689703805e+03 2.372799198748660729e+03 2.209055699899683532e+03 2.062547360994484279e+03 1.920659887031302333e+03 1.782496349831299312e+03 1.655210456753011158e+03 1.543908101505539889e+03 9.758876810626494262e+03 1.692523876852091053e+04 1.427972795787022915e+04 9.984840739294206287e+03 6.874070666193414581e+03 5.493181994428288817e+03 9.981773026412243780e+03 4.185286289239866164e+04 6.223390158870839514e+03 3.449577803939630030e+03 3.818518252778045735e+03 4.067955261693065040e+03 3.917296481153780860e+03 3.706008314249964315e+03 3.411149697991530047e+03 3.079487427412312172e+03 2.787647693438222177e+03 2.569417912958643683e+03 2.402050366731617032e+03 2.243122446521569145e+03 2.069148338415334365e+03 1.890025944525723844e+03 1.729979347441917298e+03 1.603210177203769035e+03 1.503692835951241705e+03 1.414711521767912927e+03 1.323966832445534919e+03 1.230734855239898025e+03 1.143388747451849667e+03 1.069089235859013570e+03
1.650278914616009570e+04 2.225781057465072809e+04 1.977834429140103384e+04 1.608972439006872628e+04 1.370011723373560380e+04 1.345691943464882752e+04 1.369721868140837250e+04 2.610888556627854996e+04 1.637785312916648982e+05 2.009390567746866873e+04 8.945254371160805022e+03 7.458338192321451061e+03 6.388962332853025146e+03 5.782273466006339731e+03 5.208946675984554531e+03 4.655794240382609132e+03 4.156288800379773420e+03 3.746526570615707442e+03 3.422647632893096670e+03 3.151628446955336130e+03 2.897212069696673097e+03 2.648108093791564443e+03 2.415691453477969844e+03 2.215687523714679628e+03 2.052562332882052033e+03 1.915954501031613745e+03 1.790754900048515537e+03 1.668123542522440857e+03 1.548354109450279793e+03 1.436720383936985399e+03 9.532395509041423793e+03 1.669112170904402592e+04 1.360513739943904147e+04 9.147483456251346070e+03 6.380414161850639175e+03 4.818173569122445770e+03 4.040162190355238181e+03 6.530039305184955083e+03 2.463872453423884872e+04 4.523475205252976593e+03 2.474944008911587844e+03 2.823941976397272811e+03 3.079705982586359823e+03 2.993885986142429829e+03 2.839553527300665792e+03 2.622908933838163648e+03 2.390252335438754017e+03 2.192722260627704600e+03 2.042600030835955067e+03 1.919689690002873249e+03 1.794284864557622768e+03 1.656734216854764099e+03 1.518952552299047966e+03 1.398600657835742822e+03 1.303670494250859974e+03 1.227365920487676021e+03 1.156793502402920467e+03 1.083993680728798608e+03 1.009841649329297297e+03 9.408718709028071316e+02
1.379618953208051062e+04 1.930865227532172867e+04 1.743454450457665371e+04 1.424171734779739563e+04 1.208435345449786837e+04 1.097943645477333484e+04 1.099840591353847958e+04 1.106056189268591334e+04 2.009390567746866873e+04 1.224213994969821069e+05 1.578617291945147372e+04 7.381406971696076653e+03 6.229539759054807291e+03 5.362407978915660351e+03 4.849192598254894619e+03 4.372469238850204420e+03 3.929277056917700520e+03 3.536767595916801838e+03 3.209225196457741731e+03 2.939926842754824975e+03 2.705452324762910393e+03 2.485934215004355792e+03 2.277124413248965539e+03 2.087080349703376669e+03 1.924314864327059013e+03 1.788492891573938550e+03 1.670076514542080986e+03 1.558267146403915831e+03 1.447544830701448973e+03 1.338255462981847813e+03 8.391426528247975511e+03 1.529885777754772971e+04 1.264340724421246705e+04 8.468460964052977943e+03 5.820338478982941524e+03 4.532941537586712002e+03 3.609065958160927948e+03 2.885629262917586402e+03 4.354866240648971143e+03 1.513781194696548664e+04 2.944428614032483893e+03 1.766078216642957159e+03 2.082466567437667436e+03 2.317790320099671135e+03 2.264444498240275607e+03 2.157684285330261446e+03 2.013742425655597799e+03 1.863309967720404757e+03 1.732364041725704283e+03 1.625686561969229842e+03 1.529182726811857947e+03 1.428896791591552528e+03 1.323274998287979543e+03 1.221593116794393154e+03 1.134120445135848058e+03 1.063377997743458764e+03 1.003065665631589582e+03 9.449394358767253834e+02 8.851179319993441368e+02 8.251503316936193642e+02
1.118010501403257149e+04 1.590027486347779632e+04 1.479996031996095189e+04 1.243337409793477491e+04 1.069931148523574120e+04 9.732406416672860360e+03 9.127277230386032898e+03 9.047698362236171306e+03 8.945254371160805022e+03 1.578617291945147372e+04 9.591008521459909389e+04 1.288159244412820044e+04 6.266303784415991686e+03 5.319761454786226750e+03 4.595276302132162527e+03 4.163102601738331941e+03 3.771847993632868565e+03 3.412773328159738412e+03 3.090181736501321211e+03 2.813300501118585089e+03 2.578422987430064495e+03 2.373224744833954901e+03 2.185175625731470973e+03 2.010068088483069459e+03 1.851102339633385327e+03 1.711753121092811853e+03 1.590354839944895957e+03 1.479987971151838565e+03 1.373087255199950960e+03 1.265290057817681372e+03 6.625960257388524042e+03 1.256033458925261948e+04 1.082460341469374544e+04 7.571076808961857751e+03 5.334995542139426107e+03 4.157705403346068124e+03 3.459580546354319267e+03 2.645130867127481906e+03 1.927221573312796863e+03 2.961901629216491528e+03 1.072373770824616804e+04 2.332711348630237808e+03 1.317036300650957855e+03 1.592238677364247906e+03 1.797765932758213921e+03 1.768370771259294088e+03 1.703953501282992647e+03 1.614108640522401402e+03 1.513450291272527011e+03 1.418608814757580603e+03 1.333944345289509101e+03 1.255323371836993829e+03 1.176596862983700703e+03 1.096912787236445638e+03 1.020980639394801187e+03 9.537477457873153526e+02 8.959772475635506908e+02 8.439151743152882545e+02 7.929363936200277294e+02 7.408316402222033048e+02
9.303137365982993288e+03 1.294162712624844244e+04 1.237253677856455033e+04 1.069808219392994579e+04 9.409582618620195717e+03 8.674204112677689409e+03 8.169935850945090351e+03 7.650439846398302507e+03 7.458338192321451061e+03 7.381406971696076653e+03 1.288159244412820044e+04 7.821531575784781307e+04 1.090635304212546544e+04 5.459112489736655334e+03 4.660642540255747917e+03 4.045610982041979241e+03 3.681217034787283410e+03 3.354327894587190713e+03 3.050688583904363441e+03 2.772205792346931048e+03 2.527720978213061244e+03 2.319448024651430842e+03 2.139671778586379332e+03 1.976921031337521754e+03 1.824730729211125436e+03 1.683021501602694570e+03 1.553708703610925113e+03 1.436112632730726091e+03 1.325282925909529695e+03 1.214804408010073075e+03 4.949974029952667479e+03 9.480355673906338779e+03 8.644369426451288746e+03 6.425134201211763866e+03 4.774100234605120932e+03 3.843377620253666919e+03 3.222353969551213595e+03 2.615898991769640816e+03 1.831326199348173986e+03 1.263056268574356181e+03 2.193587650235500860e+03 7.595363564091482658e+03 1.709384111579419596e+03 1.052819491813623245e+03 1.290321650523051403e+03 1.468956164104048867e+03 1.460481242797098048e+03 1.426285535590322525e+03 1.366719280195584815e+03 1.291009394523659239e+03 1.213289789135864112e+03 1.142648074648937609e+03 1.079123596060489263e+03 1.017561800247595215e+03 9.550326663900084441e+02 8.930597348279551397e+02 8.349785654751184438e+02 7.824597410696599127e+02 7.337634722704874548e+02 6.855821661472728010e+02
8.414908765681266232e+03 1.124037358064638465e+04 1.067762540698107478e+04 9.270813290707708802e+03 8.225660808213364362e+03 7.693760639135731253e+03 7.342646136307958841e+03 6.910310383283820556e+03 6.388962332853025146e+03 6.229539759054807291e+03 6.266303784415991686e+03 1.090635304212546544e+04 6.505651744179715024e+04 9.354609630334256508e+03 4.822732127289258642e+03 4.139926738238647886e+03 3.617019512868282163e+03 3.308991225366001345e+03 3.029866106035949088e+03 2.765443456172049991e+03 2.518096313825439211e+03 2.300010124516842552e+03 2.115313557097593730e+03 1.956477482070718906e+03 1.811038872170151990e+03 1.671073213531015426e+03 1.535703182462195400e+03 1.407229120453058840e+03 1.285772776028050885e+03 1.166961671428732643e+03 4.177472356356765886e+03 7.598625181729553333e+03 7.020633736838137338e+03 5.382452641186124310e+03 4.147736472718711411e+03 3.480172933983519215e+03 3.012057110211866984e+03 2.474983656209855326e+03 1.874759717970167003e+03 1.245192001911185798e+03 8.835410891691304869e+02 1.575061367264855789e+03 5.306662067152738018e+03 1.191909449070531537e+03 8.758807511599867439e+02 1.079155491920544591e+03 1.238726424831143959e+03 1.247282791796729725e+03 1.231249267009754703e+03 1.188074741829352888e+03 1.125589214793184965e+03 1.060138674834819767e+03 1.002167797496799949e+03 9.515089955234036552e+02 9.018501462426615944e+02 8.487924866035377818e+02 7.930985332508339525e+02 7.385077704824786906e+02 6.875021160251113770e+02 6.389369955083989225e+02
8.072589109631762767e+03 1.067944071534738396e+04 9.808810684168967782e+03 8.277589592049185740e+03 7.247500444211133072e+03 6.787617936729591747e+03 6.550929889093581551e+03 6.232197017225384116e+03 5.782273466006339731e+03 5.362407978915660351e+03 5.319761454786226750e+03 5.459112489736655334e+03 9.354609630334256508e+03 5.479767158689865028e+04 8.120977880649179497e+03 4.265454086353116509e+03 3.685854542434962241e+03 3.243620494288191367e+03 2.981920081659840434e+03 2.739692715248662353e+03 2.505351511862986627e+03 2.285012426955054252e+03 2.091159591201570493e+03 1.926570543993716001e+03 1.782414388804296550e+03 1.645786115860309565e+03 1.509074252982476082e+03 1.372069566161643252e+03 1.237371106650503862e+03 1.104957389654544386e+03 4.241698042362841079e+03 7.362871427062616931e+03 6.450874777834646011e+03 4.750462967174231380e+03 3.608759123019923209e+03 3.068228493087716743e+03 2.742874158534852540e+03 2.323153734710918798e+03 1.785265250031553933e+03 1.309609305138244054e+03 8.861518685915596052e+02 6.755819842903604240e+02 1.271900883784903499e+03 3.077089683558704564e+03 9.216974244292250660e+02 7.143947037862299112e+02 8.925873431258551136e+02 1.041909389859853491e+03 1.062664219211096224e+03 1.057795398152288044e+03 1.024689686318775330e+03 9.735030318306008894e+02 9.205132528338798465e+02 8.745307508719341740e+02 8.337766228418174705e+02 7.911943309021697814e+02 7.425219391133161935e+02 6.891558103401766857e+02 6.352039774842903626e+02 5.830621640156521153e+02
7.694992430171239903e+03 1.047019320660413723e+04 9.347107453740572964e+03 7.619161240848427042e+03 6.510011352487892509e+03 6.020333534257031715e+03 5.803321941660937227e+03 5.565193767589540585e+03 5.208946675984554531e+03 4.849192598254894619e+03 4.595276302132162527e+03 4.660642540255747917e+03 4.822732127289258642e+03 8.120977880649179497e+03 4.639917897688134690e+04 7.039789406050381331e+03 3.770056187453886196e+03 3.282548631724665938e+03 2.906755091858361084e+03 2.680800642889903429e+03 2.466400308690261227e+03 2.257486738378700466e+03 2.061185317979560750e+03 1.887451383279025777e+03 1.736439238448294418e+03 1.598459084672558220e+03 1.461654404859536726e+03 1.319994838496468901e+03 1.173892003240473514e+03 1.025448143240606441e+03 4.539986574782669777e+03 7.950362161279950669e+03 6.582497607334114036e+03 4.525679936738546530e+03 3.258895803134935704e+03 2.701361927506954089e+03 2.427109475139228380e+03 2.111969528183126386e+03 1.669965545908039530e+03 1.243949064398113478e+03 9.462800101128970027e+02 6.863479748326172967e+02 5.429191164770210207e+02 9.110899632550417664e+02 2.173346400275634096e+03 7.659535254679572063e+02 5.556031918480979357e+02 7.163103006110095521e+02 8.612792193428006158e+02 8.892270703771364424e+02 8.902914981086396438e+02 8.655039716530466194e+02 8.257313983000600501e+02 7.846337811687053545e+02 7.480817809483169185e+02 7.128921427712126615e+02 6.725989065321061844e+02 6.243561793429715863e+02 5.702793833241439643e+02 5.141057208756706132e+02
6.969165528350033128e+03 9.863541265777854278e+03 8.761193378443127585e+03 7.049460599605946300e+03 5.943011840589184430e+03 5.416731514655537467e+03 5.162943625503161456e+03 4.939989034464584620e+03 4.655794240382609132e+03 4.372469238850204420e+03 4.163102601738331941e+03 4.045610982041979241e+03 4.139926738238647886e+03 4.265454086353116509e+03 7.039789406050381331e+03 3.970375194776914577e+04 6.150829953150818255e+03 3.353334617667159364e+03 2.937640874613641245e+03 2.611619171653184821e+03 2.410397750405629267e+03 2.217195410425142654e+03 2.028659658977579511e+03 1.850215722700676906e+03 1.688281360155202947e+03 1.540909388206474432e+03 1.398989140505849718e+03 1.252820178434628815e+03 1.097809642173141128e+03 9.341932191405444428e+02 4.481952377444957165e+03 8.157514700641271702e+03 6.629112804573152971e+03 4.411264223096597561e+03 3.058995034539338121e+03 2.441790904487017542e+03 2.143081899781275297e+03 1.867621152092384136e+03 1.512596098803144741e+03 1.159918366404475137e+03 8.973685756816892081e+02 7.410081931935650346e+02 5.548560188002255700e+02 4.120208112700129277e+02 6.673236551629099722e+02 1.724796471724341245e+03 6.594733551494481389e+02 4.147477068566875005e+02 5.700596535594376064e+02 7.062115157882585663e+02 7.353679109183115088e+02 7.395233978415789124e+02 7.219146447305095080e+02 6.916903381384372551e+02 6.587666926131630589e+02 6.262916556300585853e+02 5.910078681620616408e+02 5.482649799364872933e+02 4.966837801681034534e+02 4.383535547032751083e+02
5.920579553618428690e+03 8.575324137227155006e+03 7.801777172659472853e+03 6.387594731577508355e+03 5.429369970047775496e+03 4.936797787785222681e+03 4.658537179547825872e+03 4.416304014091600948e+03 4.156288800379773420e+03 3.929277056917700520e+03 3.771847993632868565e+03 3.681217034787283410e+03 3.617019512868282163e+03 3.685854542434962241e+03 3.770056187453886196e+03 6.150829953150818255e+03 3.442743732238926168e+04 5.445672556284893290e+03 3.018316258177885175e+03 2.653427908729515366e+03 2.361831435069534564e+03 2.177034684800669311e+03 1.998348188705473603e+03 1.822217259610900328e+03 1.651452287052475640e+03 1.489750328521327674e+03 1.334713359160523169e+03 1.178883572974862545e+03 1.014355137521581923e+03 8.369984473982686950e+02 3.774153788771033305e+03 7.200882996703308891e+03 6.036662581849146591e+03 4.106849756562645780e+03 2.874866879299484935e+03 2.270196308829353256e+03 1.941045195028534863e+03 1.656506287205257649e+03 1.342974046230841395e+03 1.055884775783544228e+03 8.429562558074427443e+02 7.078811516077214492e+02 6.088329832038655240e+02 4.326821601972521876e+02 2.847046097109512175e+02 4.905798125724319334e+02 1.302117275893388978e+03 3.688636750937415627e+02 3.199905048292430365e+02 4.636621455477156815e+02 5.849375992131919020e+02 6.119595648211487742e+02 6.174329220486068834e+02 6.041159787901892742e+02 5.783989042606801831e+02 5.470287271570598477e+02 5.120819718587567877e+02 4.714906361927282319e+02 4.222398727530545557e+02 3.634494601523126676e+02
4.982002466072115567e+03 7.082203952636424219e+03 6.659165113420189300e+03 5.644931586565690850e+03 4.905615818203626986e+03 4.509838203343340865e+03 4.259065234816342127e+03 4.009744595314065009e+03 3.746526570615707442e+03 3.536767595916801838e+03 3.412773328159738412e+03 3.354327894587190713e+03 3.308991225366001345e+03 3.243620494288191367e+03 3.282548631724665938e+03 3.353334617667159364e+03 5.445672556284893290e+03 3.028885908080614900e+04 4.898535880728230040e+03 2.744868299148158258e+03 2.414498063480908968e+03 2.145851820166164543e+03 1.970265301300745023e+03 1.797779452343292633e+03 1.623589658744159124e+03 1.448606533925859821e+03 1.275529982380306592e+03 1.102678788980679656e+03 9.239187990526063459e+02 7.320924356386590262e+02 2.879629575479048981e+03 5.556031967055218956e+03 4.931059606847040413e+03 3.567952153755968084e+03 2.616216750538443193e+03 2.116710875744029181e+03 1.807625154597192704e+03 1.513092663922425800e+03 1.206149804336764191e+03 9.511655515534472443e+02 7.796724553379359577e+02 6.755502282452740701e+02 5.906031849827829774e+02 4.921644016056920918e+02 3.150543801398349046e+02 1.804877508423768120e+02 3.718422205959865323e+02 4.287368840129133787e+02 3.105098757158381204e+02 2.607984435744966731e+02 3.845611497263704450e+02 4.922272660468644290e+02 5.155417551371152740e+02 5.196763256398248814e+02 5.057974732169703316e+02 4.780427119799103366e+02 4.417314564366894274e+02 3.992317009222966817e+02 3.495062287126954175e+02 2.901364822462750794e+02
4.404108533739668928e+03 6.003039032872828102e+03 5.727102457210152352e+03 4.966371727675124930e+03 4.391920709173309660e+03 4.094286987896802202e+03 3.904863962646321397e+03 3.683385849903337657e+03 3.422647632893096670e+03 3.209225196457741731e+03 3.090181736501321211e+03 3.050688583904363441e+03 3.029866106035949088e+03 2.981920081659840434e+03 2.906755091858361084e+03 2.937640874613641245e+03 3.018316258177885175e+03 4.898535880728230040e+03 2.691082374109260127e+04 4.416115088960172216e+03 2.500871954260958319e+03 2.194630280442775984e+03 1.939772789632108243e+03 1.765435497969736389e+03 1.589491999865161233e+03 1.406284470431051204e+03 1.216126964836373190e+03 1.021817740038075726e+03 8.222751458387726871e+02 6.118721333248745395e+02 2.270088867137132183e+03 4.214569944504273735e+03 3.903843105951858433e+03 2.989877305420972334e+03 2.301032203251824285e+03 1.932951043841869705e+03 1.689472512876071050e+03 1.418420457244102863e+03 1.115275906324319521e+03 8.672560784364069377e+02 7.132006967388575731e+02 6.339068845611175220e+02 5.716822949155472315e+02 4.859610061102212626e+02 3.788548452434490628e+02 2.176447043780371473e+02 1.135991947333337748e+02 2.409055513505050214e+02 1.374392018311432082e+02 2.512977740159336690e+02 2.088659140810415806e+02 3.185493652180666118e+02 4.123225775059526086e+02 4.299309679170110599e+02 4.290423920003124181e+02 4.094320847629668378e+02 3.741987725032665253e+02 3.284325492666619084e+02 2.748492028977859718e+02 2.127018551813606280e+02
4.184000895661830327e+03 5.554600816318383295e+03 5.223995247455954086e+03 4.484471290540673181e+03 3.951856946327722653e+03 3.700190919222784032e+03 3.562095613084632532e+03 3.387211251369552883e+03 3.151628446955336130e+03 2.939926842754824975e+03 2.813300501118585089e+03 2.772205792346931048e+03 2.765443456172049991e+03 2.739692715248662353e+03 2.680800642889903429e+03 2.611619171653184821e+03 2.653427908729515366e+03 2.744868299148158258e+03 4.416115088960172216e+03 2.409772983719596232e+04 3.958503156619528909e+03 2.259733352871213810e+03 1.967500044488889898e+03 1.717952278741325927e+03 1.535837171338963344e+03 1.346374286483626292e+03 1.143969461111943474e+03 9.291637911002160308e+02 7.048421323163613579e+02 4.699564025555425815e+02 2.124463362356752441e+03 3.728234577441816327e+03 3.418940530099782336e+03 2.609089108877294620e+03 2.020694608886926744e+03 1.730534357544804607e+03 1.552869785232922368e+03 1.331672229656375293e+03 1.052549329629207477e+03 8.090760154587753732e+02 6.560547572477153153e+02 5.845134625487951325e+02 5.406917751946438102e+02 4.754493763987478587e+02 3.806086345435269891e+02 2.812375851498771908e+02 1.517146705989718498e+02 7.092745708081292833e+01 1.644393733492547938e+02 9.869567207085587768e+01 1.427555892125038781e+02 1.559316289141048628e+02 2.507049256116787319e+02 3.287294406321409497e+02 3.379011695714062853e+02 3.280749535992450774e+02 2.984018499475861859e+02 2.517950552292135171e+02 1.932719173065211749e+02 1.254477267273084209e+02
4.150822412586340761e+03 5.603038026722751056e+03 5.070818487838221699e+03 4.201734404054792321e+03 3.622548955132298488e+03 3.358965992021600869e+03 3.234739582046257510e+03 3.095290791215017634e+03 2.897212069696673097e+03 2.705452324762910393e+03 2.578422987430064495e+03 2.527720978213061244e+03 2.518096313825439211e+03 2.505351511862986627e+03 2.466400308690261227e+03 2.410397750405629267e+03 2.361831435069534564e+03 2.414498063480908968e+03 2.500871954260958319e+03 3.958503156619528909e+03 2.155533382336344948e+04 3.562343162080401271e+03 2.000967926387617808e+03 1.713664237304509925e+03 1.458839165894343751e+03 1.259197106321741558e+03 1.046288950879134973e+03 8.152865017755977988e+02 5.669835046769524070e+02 3.039138170500676779e+02 2.375252043570161732e+03 4.115792402961164044e+03 3.496389303948763882e+03 2.494337730228016881e+03 1.846784833194912153e+03 1.552931196083732175e+03 1.402650524405585202e+03 1.226922905477753375e+03 9.876154482396900676e+02 7.626644229611283663e+02 6.111905292960688030e+02 5.369367789037539751e+02 4.982333555173705690e+02 4.500332201825406173e+02 3.739699306284123850e+02 2.849717848041016168e+02 2.089420048924993978e+02 1.073169333135532497e+02 4.194973375207973731e+01 1.183800611673478613e+02 -4.519971647686718939e+02 1.118573206039760635e+02 9.184251320997078949e+01 1.665409177985876568e+02 2.297635392291674634e+02 2.272701622694654304e+02 2.046758305930466975e+02 1.612836313382412072e+02 1.000720016411149516e+02 2.568538395108120653e+01
3.974763034275652899e+03 5.587264890318225298e+03 4.966946424453439249e+03 4.000237767842709218e+03 3.378538290569593755e+03 3.087184945128542040e+03 2.946636563415469027e+03 2.816381194529487402e+03 2.648108093791564443e+03 2.485934215004355792e+03 2.373224744833954901e+03 2.319448024651430842e+03 2.300010124516842552e+03 2.285012426955054252e+03 2.257486738378700466e+03 2.217195410425142654e+03 2.177034684800669311e+03 2.145851820166164543e+03 2.194630280442775984e+03 2.259733352871213810e+03 3.562343162080401271e+03 1.937672530884475418e+04 3.143756425122816836e+03 1.712253267454977504e+03 1.418221367604819307e+03 1.147763524478529007e+03 9.203783218999028577e+02 6.743290508034484674e+02 4.055777695798425952e+02 1.147674960263420445e+02 2.514426554910910454e+03 4.546661016669313540e+03 3.722471676971903435e+03 2.505237726214043505e+03 1.764503384797556919e+03 1.429582169963118758e+03 1.266941925881938914e+03 1.110362074895848764e+03 9.074289038509396050e+02 7.121937924410533469e+02 5.734485089218319445e+02 4.982168088387650755e+02 4.562087648219688845e+02 4.133992391188339752e+02 3.530368601072475485e+02 2.797052350082236103e+02 2.112516312987048082e+02 1.578221289247866252e+02 7.174650109227928851e+01 7.958177404153405021e+00 5.520305060081217619e+01 -7.846029448101198795e+02 2.670645528102927102e+01 7.166830245829929780e+00 6.760785685267403267e+01 1.113105414870622809e+02 9.331720962999909830e+01 5.419808192472849839e+01 -6.266311309562327736e+00 -8.527201098994451911e+01
3.614526811482385710e+03 5.219388437681976939e+03 4.666489183184243302e+03 3.757317954049303808e+03 3.161682835002127831e+03 2.868661647220492341e+03 2.711428883319656052e+03 2.572104970689703805e+03 2.415691453477969844e+03 2.277124413248965539e+03 2.185175625731470973e+03 2.139671778586379332e+03 2.115313557097593730e+03 2.091159591201570493e+03 2.061185317979560750e+03 2.028659658977579511e+03 1.998348188705473603e+03 1.970265301300745023e+03 1.939772789632108243e+03 1.967500044488889898e+03 2.000967926387617808e+03 3.143756425122816836e+03 1.740576666448049218e+04 2.738005527554542823e+03 1.380225613194284961e+03 1.068585010094770723e+03 7.710498678271550261e+02 5.059922641095866993e+02 2.174720959618630332e+02 -9.823441530992413107e+01 2.373946414439623368e+03 4.456204673818490846e+03 3.663661647068002821e+03 2.451614093869158751e+03 1.702525460345342708e+03 1.349994661363431533e+03 1.166385746485388836e+03 1.004922623427777467e+03 8.211560955721884056e+02 6.534910590224083080e+02 5.352111961396506103e+02 4.675751932650067033e+02 4.234138334316882037e+02 3.782251459212735654e+02 3.234176062037761312e+02 2.630516615927734847e+02 2.062618696573541683e+02 1.575090951319125736e+02 1.137209573786117289e+02 2.968930855646095779e+01 -4.480510726076291661e+01 -6.556682657562282657e+01 -6.124153840021576798e+02 -8.184092505086169922e+01 -8.916125714917922096e+01 -5.146221891612115940e+01 -2.936906259781597583e+01 -6.658831673849846311e+01 -1.255319264592531709e+02 -2.062496040056839490e+02
3.148084643335301735e+03 4.545113602831566823e+03 4.161921840389482895e+03 3.430430564719787981e+03 2.929414866216824521e+03 2.671533241678589548e+03 2.518771079616818497e+03 2.372799198748660729e+03 2.215687523714679628e+03 2.087080349703376669e+03 2.010068088483069459e+03 1.976921031337521754e+03 1.956477482070718906e+03 1.926570543993716001e+03 1.887451383279025777e+03 1.850215722700676906e+03 1.822217259610900328e+03 1.797779452343292633e+03 1.765435497969736389e+03 1.717952278741325927e+03 1.713664237304509925e+03 1.712253267454977504e+03 2.738005527554542823e+03 1.565805331591251888e+04 2.266940183376346795e+03 9.895092629495177334e+02 6.484755227570115039e+02 3.131158676188914001e+02 1.043729525150152160e+00 -3.391448980672046218e+02 1.968260133256989775e+03 3.781258512342951690e+03 3.222543959098794403e+03 2.238768138312613701e+03 1.598541921776295339e+03 1.279288035547538584e+03 1.095545273327407585e+03 9.262316637094619409e+02 7.460629093710055031e+02 5.941797570398739481e+02 4.939386878794788913e+02 4.389866529354621889e+02 3.992815990867285336e+02 3.522038095837610854e+02 2.959987634596085400e+02 2.399611714978618693e+02 1.922026763461138046e+02 1.511028623213625792e+02 1.094645955079677009e+02 6.188911609104333422e+01 -3.048264360623501190e+01 -1.138860381338060677e+02 -1.201517401624060426e+02 -1.108809223302776445e+03 -1.778584744526392569e+02 -2.082973334969090615e+02 -1.944932178770760061e+02 -1.965340376591125562e+02 -2.560692545639328728e+02 -3.378281457707827826e+02
2.755738238092535084e+03 3.856385110502407315e+03 3.625607659890690229e+03 3.078920105229974979e+03 2.681235594876235155e+03 2.475078431317521790e+03 2.346802121956821793e+03 2.209055699899683532e+03 2.052562332882052033e+03 1.924314864327059013e+03 1.851102339633385327e+03 1.824730729211125436e+03 1.811038872170151990e+03 1.782414388804296550e+03 1.736439238448294418e+03 1.688281360155202947e+03 1.651452287052475640e+03 1.623589658744159124e+03 1.589491999865161233e+03 1.535837171338963344e+03 1.458839165894343751e+03 1.418221367604819307e+03 1.380225613194284961e+03 2.266940183376346795e+03 1.405611341344089305e+04 1.752508560435053823e+03 5.198460843059538092e+02 1.385037178070517143e+02 -2.444312638365620955e+02 -6.126409743394851830e+02 1.548995692247996885e+03 2.927640134535436118e+03 2.627648363743753180e+03 1.934781845700646727e+03 1.445225759325847775e+03 1.192209936895520059e+03 1.034085908269677930e+03 8.708959338865340669e+02 6.919298789737124480e+02 5.448009148256876415e+02 4.534853690172711822e+02 4.085418225285496305e+02 3.771252144243931070e+02 3.335254656726623352e+02 2.759770532102367611e+02 2.182372215320573900e+02 1.721058941432716267e+02 1.361107852344887874e+02 9.905720741323202105e+01 5.179359301018643436e+01 -7.619781783500233274e+00 -1.084644888343491118e+02 -1.963056636858966044e+02 -2.398178535124998234e+02 -1.014396456442124190e+03 -3.359655263251643191e+02 -3.561066545279151114e+02 -3.671902142585900037e+02 -3.967055040182825678e+02 -4.813672235731515343e+02
2.540240443463394513e+03 3.437258137106811773e+03 3.248919541441614456e+03 2.790050077184734619e+03 2.450524282986320031e+03 2.280442058343705867e+03 2.180243347683529009e+03 2.062547360994484279e+03 1.915954501031613745e+03 1.788492891573938550e+03 1.711753121092811853e+03 1.683021501602694570e+03 1.671073213531015426e+03 1.645786115860309565e+03 1.598459084672558220e+03 1.540909388206474432e+03 1.489750328521327674e+03 1.448606533925859821e+03 1.406284470431051204e+03 1.346374286483626292e+03 1.259197106321741558e+03 1.147763524478529007e+03 1.068585010094770723e+03 9.895092629495177334e+02 1.752508560435053823e+03 1.251991193089243825e+04 1.158585509834043023e+03 -5.026228384464520360e+01 -4.818645916044530395e+02 -9.218612907056909762e+02 1.331227859058922604e+03 2.399436127177656090e+03 2.204884328431723588e+03 1.677547430082076517e+03 1.288367606388279683e+03 1.089720332521299497e+03 9.663939636708021226e+02 8.238433838222576924e+02 6.539821355988756295e+02 5.092811233195179739e+02 4.190321248537288739e+02 3.770996758305208232e+02 3.517739741341264335e+02 3.148510306551231110e+02 2.601693587815587989e+02 2.004854724045271155e+02 1.509573364523031103e+02 1.138522273674005874e+02 7.921065383750780597e+01 3.452809491590839741e+01 -2.596942664507442089e+01 -9.757480588190080084e+01 -2.047945089927617062e+02 -3.029675785005669582e+02 -3.589889639409760775e+02 -1.186573910901886393e+03 -4.859694535208443540e+02 -5.385131557059320357e+02 -5.792642337794402465e+02 -6.380338414447130617e+02
