6.771436906009912491e+07 3.888985862937117461e+06 2.448083767837996129e+05 9.012784436565582291e+04 3.461974724250797590e+04 2.942619577876172843e+04 2.654166281279464238e+04 2.468710135080437612e+04 2.240827372350158839e+04 1.915081612748500629e+04 1.586538534234462713e+04 1.342944877208643811e+04 1.221055758132287156e+04 1.175417486928318249e+04 1.122320510606060998e+04 1.018727127296071194e+04 8.752828713699185755e+03 7.443845561455825191e+03 6.657729986295518756e+03 6.368660055957004261e+03 6.290722316527995645e+03 6.006068299071459478e+03 5.454313841219055575e+03 4.766452560253579577e+03 4.222916087955442890e+03 3.930697453187644896e+03 3.851373512173448034e+03 3.778935205270798633e+03 3.583252108577190484e+03 3.269918727237456096e+03 1.793651288414307684e+07 -7.405927278479465749e+05 -2.400579696931142535e+05 -3.388351173646774259e+04 3.738636214231052872e+04 3.104254897565762803e+04 2.758373039248735586e+04 2.567836546269751489e+04 2.368979539671366365e+04 2.041631452061463642e+04 1.672773828593244252e+04 1.368567694401435438e+04 1.211353170080946438e+04 1.178742552721231550e+04 1.164058266220675796e+04 1.086222622050895006e+04 9.319469329334871873e+03 7.646260291698671608e+03 6.568365837031815317e+03 6.243325481293786652e+03 6.398593443649400797e+03 6.335512973585171494e+03 5.837291243983168897e+03 4.993899889997850551e+03 4.252797413572456207e+03 3.860576879531559825e+03 3.849946779510890337e+03 3.914045554860561879e+03 3.798679584729918133e+03 3.458076258752430022e+03
3.888985862937117461e+06 1.462621643853644282e+07 1.090145468186464161e+06 1.271283393302483601e+05 2.860842686624507405e+04 3.649714345621527173e+04 3.227940556248741632e+04 3.011944679772372183e+04 2.844331406312756008e+04 2.540537978437438142e+04 2.130635962525974173e+04 1.750245777756093230e+04 1.522549353586630605e+04 1.459420856521396490e+04 1.451451676378410411e+04 1.379940715778817503e+04 1.208889260666282280e+04 9.993989345045571099e+03 8.481308991951807911e+03 7.934016172202896996e+03 8.075703190757762059e+03 8.098984330944250360e+03 7.563086209105543276e+03 6.548079276381504314e+03 5.555219364561580733e+03 4.989093240929089006e+03 4.918249847125498491e+03 5.014593687847111141e+03 4.912910078608685581e+03 4.511145975575982447e+03 1.475976145770459902e+06 6.747015469889072701e+06 -4.417705830074321420e+04 -3.807386813383153640e+04 2.518306657220303896e+04 4.591466670105510275e+04 4.023742637883330463e+04 3.742083882216149505e+04 3.570624952729833603e+04 3.228451860529825353e+04 2.704102978660249209e+04 2.167394263758266970e+04 1.824455391470961331e+04 1.744294859763956629e+04 1.786820819598613161e+04 1.753244379619727260e+04 1.549967711418062390e+04 1.248647382128000754e+04 1.011807579621148034e+04 9.273198301257700223e+03 9.733401525841485636e+03 1.017550380870169829e+04 9.711369354744907469e+03 8.310701631179810647e+03 6.773528752176434864e+03 5.869170852554378143e+03 5.839376659532184931e+03 6.183894042060248466e+03 6.238459382331715460e+03 5.752084835006013236e+03
2.448083767837996129e+05 1.090145468186464161e+06 5.163588540974849835e+06 4.508848142597657861e+05 7.456904110334016150e+04 4.488455788381562161e+04 3.110709453790359839e+04 2.828551904937773725e+04 2.628497395781715022e+04 2.386457031926952914e+04 2.064966210191095161e+04 1.740818322975905176e+04 1.507622432395749274e+04 1.395538222155841140e+04 1.348361109136287450e+04 1.279524348483518224e+04 1.147578780326174456e+04 9.813364818249301607e+03 8.442861010975866520e+03 7.748891425081388661e+03 7.598109036351606846e+03 7.498371488914564907e+03 7.059206607788073597e+03 6.276712801119299911e+03 5.455170058637810143e+03 4.907603409847592047e+03 4.714025933532422641e+03 4.687340612817337387e+03 4.568255616595220999e+03 4.244843042205560778e+03 6.499169297003893007e+04 4.893460117784192553e+05 2.372848249640855938e+06 4.173963505266497668e+04 7.909458637179714970e+03 2.818378016921078597e+04 3.619739950372358726e+04 3.321424016139085870e+04 3.120582336058050714e+04 2.870493049382759637e+04 2.493295385860772512e+04 2.075328426989803847e+04 1.759625319847891660e+04 1.619978296746528940e+04 1.595747356934198251e+04 1.553209183811640469e+04 1.407393920937917937e+04 1.185075346320837707e+04 9.866765413845485455e+03 8.892573105464845867e+03 8.871263156766701286e+03 9.043541036748240003e+03 8.685312942781414677e+03 7.679653847035888248e+03 6.488000110933540782e+03 5.678212016917921574e+03 5.465640635564788681e+03 5.583788048708796850e+03 5.580717801781094749e+03 5.218092717118053770e+03
9.012784436565582291e+04 1.271283393302483601e+05 4.508848142597657861e+05 2.280880480719700921e+06 2.311307100507537252e+05 4.957304522108404490e+04 3.306132970940656378e+04 2.489025044732800961e+04 2.262786985611198907e+04 2.057294281596898873e+04 1.830407699515783679e+04 1.591354036949795409e+04 1.387565533483154104e+04 1.248785222631704528e+04 1.162209925128168470e+04 1.087447206044428822e+04 9.929577129103083280e+03 8.805074769715543880e+03 7.764188724989753609e+03 7.040573638913369905e+03 6.643428580430972943e+03 6.367792267281016393e+03 6.000486560168752476e+03 5.477853681683742252e+03 4.912730880218236052e+03 4.459551167223569792e+03 4.186831433261728307e+03 4.031101404176569304e+03 3.871409291351619686e+03 3.629647323861083350e+03 3.430924553108424152e+04 6.634204798772462527e+04 1.866584888120784599e+05 9.391682654464303050e+05 3.225453360743250960e+04 1.161739756910570577e+04 2.112092997699107218e+04 2.526008603723697888e+04 2.344762391060672962e+04 2.170583156089590921e+04 1.957510097441483958e+04 1.706540768349803693e+04 1.478568513961661847e+04 1.325559784146361199e+04 1.244699133216726113e+04 1.184542614403889638e+04 1.093756460627968045e+04 9.659512002299601590e+03 8.377698339783735719e+03 7.498295390543078611e+03 7.116154625323287291e+03 6.954248012404781548e+03 6.660235093253562809e+03 6.085022079835062868e+03 5.378964564402932410e+03 4.800805208548637893e+03 4.496865304703273068e+03 4.393859499687614516e+03 4.297004715899691291e+03 4.061092539840769859e+03
3.461974724250797590e+04 2.860842686624507405e+04 7.456904110334016150e+04 2.311307100507537252e+05 1.233275217131993035e+06 1.407492114538607420e+05 3.584768815846972575e+04 2.547978079170608544e+04 2.001692162869511230e+04 1.811826676416218834e+04 1.633749104609314236e+04 1.453279124653858889e+04 1.280661366176970296e+04 1.138179403501477645e+04 1.033037568167458085e+04 9.526392671761157544e+03 8.769613216739355266e+03 7.958010063627930322e+03 7.145662810569399880e+03 6.454907227407068603e+03 5.949715290173592621e+03 5.581275641177091529e+03 5.243247813460206089e+03 4.863553941972115354e+03 4.451274966495893750e+03 4.070502619172033519e+03 3.773077923010714130e+03 3.556148205353383673e+03 3.372542118387088522e+03 3.172132251656721564e+03 2.177491734746481961e+04 2.972848385807743398e+04 4.006069791473643272e+04 8.600437764430276002e+04 4.402871574723449303e+05 1.847209738506084250e+04 9.925556060558374156e+03 1.514202662543272891e+04 1.771017208911759008e+04 1.654076782153936801e+04 1.533396250206912009e+04 1.392589923299930524e+04 1.238624444856087939e+04 1.102371341774966641e+04 1.003394321105892777e+04 9.342684772738135507e+03 8.704555471604578997e+03 7.947926276529682582e+03 7.115809252518896756e+03 6.383911843062844127e+03 5.877342408612967120e+03 5.559119061051089375e+03 5.283498271618989747e+03 4.931706710153304812e+03 4.500995957144199565e+03 4.084853971902794001e+03 3.772945105411382428e+03 3.576722220364420082e+03 3.430795883800572483e+03 3.257649247285691672e+03
2.942619577876172843e+04 3.649714345621527173e+04 4.488455788381562161e+04 4.957304522108404490e+04 1.407492114538607420e+05 7.716398839805258904e+05 9.637014485099515878e+04 2.790225338870699488e+04 2.074846013048263558e+04 1.672124314171979495e+04 1.510626358827964214e+04 1.362240370256356982e+04 1.218767584069433360e+04 1.085051307480080868e+04 9.725122971566277556e+03 8.840849829952639993e+03 8.120129930086945024e+03 7.453280126944824588e+03 6.787928736863977974e+03 6.155556446850165230e+03 5.615194587998954376e+03 5.188146886725935474e+03 4.840449418989632250e+03 4.515855542592747952e+03 4.183591726348295197e+03 3.853033227045073090e+03 3.555504241130228365e+03 3.309130545227435960e+03 3.104735376990307486e+03 2.912328858138048417e+03 1.756388673661790381e+04 3.273865115726603472e+04 2.941401673780936835e+04 2.254327310286001375e+04 4.472635788560457149e+04 2.452442515739080845e+05 1.369235448588436702e+04 8.228386842702166177e+03 1.152948670145649521e+04 1.332160066404871941e+04 1.259359195958097007e+04 1.180103643435311824e+04 1.083480760984833250e+04 9.756929524655748537e+03 8.779609979074637522e+03 8.030227860164318372e+03 7.462236277518105453e+03 6.935216492962104894e+03 6.359574614852676859e+03 5.767095534869211406e+03 5.249602741677684207e+03 4.859703342844773942e+03 4.567569625795831598e+03 4.297601745497087904e+03 4.000094150341533350e+03 3.683342818289933348e+03 3.393407808714855491e+03 3.164594018178577699e+03 2.990513023411300310e+03 2.835447570245366478e+03
2.654166281279464238e+04 3.227940556248741632e+04 3.110709453790359839e+04 3.306132970940656378e+04 3.584768815846972575e+04 9.637014485099515878e+04 5.286594064062654506e+05 7.035693993143545231e+04 2.268841414538086246e+04 1.736955198287333042e+04 1.424815474919547160e+04 1.291528869238756852e+04 1.170866915585034803e+04 1.054112079764908958e+04 9.437374300712479453e+03 8.487468192069194629e+03 7.724382052166237372e+03 7.099026533786764048e+03 6.529716175947029114e+03 5.974002102851849486e+03 5.446986359884781450e+03 4.986143903576128650e+03 4.606850044818211245e+03 4.288451499517930642e+03 3.995451685232479122e+03 3.706617277663726782e+03 3.425015215473090848e+03 3.167036880403050418e+03 2.941424190658814496e+03 2.736055810839798141e+03 1.551150739030461955e+04 2.823269315671022196e+04 2.578702288900358690e+04 1.824352187877937104e+04 1.349851756611710880e+04 2.494031739571219441e+04 1.635262437385235389e+05 9.712905281550394648e+03 6.765569927364413161e+03 9.152247759321704507e+03 1.048852921587338642e+04 1.006462608710012864e+04 9.531683498067937762e+03 8.813269153378010742e+03 7.989554248049471425e+03 7.240026567062104732e+03 6.660418189519084081e+03 6.211806312205291761e+03 5.790212232151030548e+03 5.336563363131848746e+03 4.874149384134584579e+03 4.464645279534724978e+03 4.141675101555601941e+03 3.885696511879320497e+03 3.650273220156278512e+03 3.405759469350460677e+03 3.155444808573593946e+03 2.926187843513976077e+03 2.734893420694991619e+03 2.576178645617977963e+03
2.468710135080437612e+04 3.011944679772372183e+04 2.828551904937773725e+04 2.489025044732800961e+04 2.547978079170608544e+04 2.790225338870699488e+04 7.035693993143545231e+04 3.781192466490477673e+05 5.315164533659213339e+04 1.864704707282339950e+04 1.460055066083626662e+04 1.217631474947492097e+04 1.110213923116099795e+04 1.010227608203025011e+04 9.115090165318295476e+03 8.180797712671096633e+03 7.382356898014524631e+03 6.744419826407236542e+03 6.217555621794479521e+03 5.732712302328507576e+03 5.255729893906445795e+03 4.801547700296869152e+03 4.401904543190529694e+03 4.069427263689931806e+03 3.787834626448618110e+03 3.528242917175263756e+03 3.272168416205238827e+03 3.019780800711649590e+03 2.781119445860102132e+03 2.554280006641518412e+03 1.512667680157084396e+04 2.679315920408298553e+04 2.370432190280775103e+04 1.735970352511504825e+04 1.176969577290832603e+04 9.169155998700534838e+03 1.801851063154442818e+04 1.034679041850559006e+05 6.154404433931573294e+03 5.401187219925517638e+03 7.130437513180838323e+03 8.257626483536554588e+03 8.033628311629620839e+03 7.655153266514640563e+03 7.102743495981936576e+03 6.475558358979107652e+03 5.918134663085477769e+03 5.490757306799564503e+03 5.148790702659947783e+03 4.814573156295575245e+03 4.450357648533716201e+03 4.081045454959535164e+03 3.753919379093010321e+03 3.492261867084422647e+03 3.280539476045528318e+03 3.085577500672683527e+03 2.884522462282564447e+03 2.681581813469391818e+03 2.492838839374340751e+03 2.328172746276052749e+03
2.240827372350158839e+04 2.844331406312756008e+04 2.628497395781715022e+04 2.262786985611198907e+04 2.001692162869511230e+04 2.074846013048263558e+04 2.268841414538086246e+04 5.315164533659213339e+04 2.776526951247469988e+05 4.128999012780813791e+04 1.539355945558502754e+04 1.228144059163593920e+04 1.037110613825323526e+04 9.476841655673164496e+03 8.624012470742669393e+03 7.791090361562893122e+03 7.021922274878736062e+03 6.374138343704140425e+03 5.849185969834434218e+03 5.401142168940671581e+03 4.978839397886397819e+03 4.564971905989870720e+03 4.176597895136826992e+03 3.837268443892223331e+03 3.552068449847910415e+03 3.303526526370085776e+03 3.066909677836210903e+03 2.828138474558319103e+03 2.586692846754111088e+03 2.339711322804797419e+03 1.491887673040223672e+04 2.670558362331119497e+04 2.286856643430845725e+04 1.616965896106131186e+04 1.165688406815724920e+04 8.410683454564477870e+03 6.862123353661490910e+03 1.148483444162081469e+04 6.230972208270798728e+04 5.119338672359159318e+03 3.946233101417281432e+03 5.391207320123756290e+03 6.351035150735408934e+03 6.229924833022487292e+03 5.953505042834947744e+03 5.550592755229119575e+03 5.110632888028796515e+03 4.728735900352713543e+03 4.427290875149380554e+03 4.167651426762073243e+03 3.899692183022923018e+03 3.610019843679879614e+03 3.323882212761231585e+03 3.074438851888143745e+03 2.872953671103428860e+03 2.704717777601937087e+03 2.543279150069870411e+03 2.377488648354735233e+03 2.209350480858340234e+03 2.047971945599448190e+03
1.915081612748500629e+04 2.540537978437438142e+04 2.386457031926952914e+04 2.057294281596898873e+04 1.811826676416218834e+04 1.672124314171979495e+04 1.736955198287333042e+04 1.864704707282339950e+04 4.128999012780813791e+04 2.116279984249339614e+05 3.273618021601118380e+04 1.290458612125397121e+04 1.044143174311602343e+04 8.879012342439407803e+03 8.115001445234668608e+03 7.392584646366577545e+03 6.704277975668826912e+03 6.078709699441535122e+03 5.545331791597602205e+03 5.098497737469152526e+03 4.704723526175172083e+03 4.333339415125173218e+03 3.976492295799150270e+03 3.646227607533283845e+03 3.355154016978627624e+03 3.100786589128667401e+03 2.866153547662012897e+03 2.632710986752405006e+03 2.389436567340618240e+03 2.123869195300494539e+03 1.322010612760322147e+04 2.477163218991223766e+04 2.152883895378141460e+04 1.517433335780707966e+04 1.081365911523930845e+04 8.526971387066196257e+03 6.412141680467502738e+03 4.901146458830295160e+03 6.619583233040131745e+03 4.316989286821429414e+04 2.716741349961684136e+03 2.891479692297094516e+03 4.031556442746348239e+03 4.865013667614481164e+03 4.796683289418580898e+03 4.611208748398355965e+03 4.345436359869527223e+03 4.057517009109923038e+03 3.797516806758692383e+03 3.575078370707979957e+03 3.367336477057422144e+03 3.152062245151479146e+03 2.927908727702844772e+03 2.712896070949169371e+03 2.524832499170173378e+03 2.367004196653022518e+03 2.224638013609666814e+03 2.084934583366623883e+03 1.938894056029758531e+03 1.785580213575094149e+03
1.586538534234462713e+04 2.130635962525974173e+04 2.064966210191095161e+04 1.830407699515783679e+04 1.633749104609314236e+04 1.510626358827964214e+04 1.424815474919547160e+04 1.460055066083626662e+04 1.539355945558502754e+04 3.273618021601118380e+04 1.681419262230552558e+05 2.703732149579742691e+04 1.107948012637058491e+04 9.045838447313151846e+03 7.737865114617437939e+03 7.084386615299928053e+03 6.474487426984828744e+03 5.899511807487082478e+03 5.372747710797806576e+03 4.913371772769936797e+03 4.518237817492284194e+03 4.167227791731081197e+03 3.839502531945110604e+03 3.527063310856614407e+03 3.234340223790937216e+03 2.965534647984349704e+03 2.715387718951270017e+03 2.470998214722347257e+03 2.216912750361811959e+03 1.930313947145367820e+03 1.058104108139719756e+04 2.056681763611214410e+04 1.866274467723287671e+04 1.373648997511842390e+04 1.003814462134041969e+04 7.942776094833172465e+03 6.594953091112933180e+03 4.747050241335064129e+03 3.197661693102289064e+03 4.100169786270493205e+03 3.186612740673694861e+04 2.833077082813549623e+03 2.144141845885311795e+03 3.136871345645775364e+03 3.832463204110454171e+03 3.808252053494386018e+03 3.702392493418912181e+03 3.536436908041864626e+03 3.339578964533162889e+03 3.145338554232223942e+03 2.965969499662321141e+03 2.796318533037507677e+03 2.626016390059365676e+03 2.453038253314811300e+03 2.285220595970220529e+03 2.132097649164342329e+03 1.991864692110004398e+03 1.860350638580724990e+03 1.725552113367566562e+03 1.577563360232332343e+03
1.342944877208643811e+04 1.750245777756093230e+04 1.740818322975905176e+04 1.591354036949795409e+04 1.453279124653858889e+04 1.362240370256356982e+04 1.291528869238756852e+04 1.217631474947492097e+04 1.228144059163593920e+04 1.290458612125397121e+04 2.703732149579742691e+04 1.375622122791607108e+05 2.299139870816683106e+04 9.713383990782222099e+03 8.000854192682270877e+03 6.888945284584242472e+03 6.325042795252315045e+03 5.802347306067262252e+03 5.306860151191307523e+03 4.845896201718667726e+03 4.435819929772759679e+03 4.079130926929455200e+03 3.761631342345260236e+03 3.463714653555379300e+03 3.173936039784303830e+03 2.890931777124622386e+03 2.615562355039216527e+03 2.344489840012028253e+03 2.065865698373788746e+03 1.750650614711500339e+03 8.114260202379024122e+03 1.581533826473004592e+04 1.509892507870614827e+04 1.179144375007804410e+04 9.076427651947626146e+03 7.416611520656761058e+03 6.220921949333613156e+03 5.044394915546965422e+03 3.302031287040162169e+03 2.079540667543343261e+03 3.001900022014589922e+03 2.768307941806210147e+04 1.589484629787323684e+03 1.747199718025118273e+03 2.565224140948818786e+03 3.156795597379733408e+03 3.170732658395804265e+03 3.120724880622794444e+03 3.010546956095604401e+03 2.859706244208486623e+03 2.699257400212435641e+03 2.549527756263961237e+03 2.411326869089021784e+03 2.274376618071118173e+03 2.131340673975255413e+03 1.985586231402461635e+03 1.840677278655691453e+03 1.703291534126432225e+03 1.566319988605094750e+03 1.416230583064100756e+03
1.221055758132287156e+04 1.522549353586630605e+04 1.507622432395749274e+04 1.387565533483154104e+04 1.280661366176970296e+04 1.218767584069433360e+04 1.170866915585034803e+04 1.110213923116099795e+04 1.037110613825323526e+04 1.044143174311602343e+04 1.107948012637058491e+04 2.299139870816683106e+04 1.149287377875733509e+05 1.976653944967815551e+04 8.617752619460241476e+03 7.161326352804410817e+03 6.203829470078429949e+03 5.716030584388643547e+03 5.261772294408887319e+03 4.824616045575141470e+03 4.410239272551863905e+03 4.036737837229894467e+03 3.708492967565566687e+03 3.411243617939818705e+03 3.123977922726864563e+03 2.832320335863342734e+03 2.532698803668389701e+03 2.227101508553497297e+03 1.911283264394399339e+03 1.557044713562734614e+03 6.945549141530438646e+03 1.283700919166421954e+04 1.241556507892172522e+04 9.981090620385664806e+03 7.959797328694790849e+03 6.772506148018906970e+03 5.862423346777413826e+03 4.822533227302168598e+03 3.673344858355272663e+03 2.272021267024333156e+03 1.443977040852372056e+03 2.685504332143125794e+03 1.921787517963039500e+04 1.501855887060822397e+03 1.457339642778551934e+03 2.146579777405606819e+03 2.669354041527722984e+03 2.713457532173513755e+03 2.696082263645374951e+03 2.615391208740815273e+03 2.489924548403313565e+03 2.354260882344751735e+03 2.229688449645336277e+03 2.114996231608772177e+03 1.996265573595319665e+03 1.864994203188446818e+03 1.719504354657791737e+03 1.571752283414245767e+03 1.422368269728700398e+03 1.261143660932877992e+03
1.175417486928318249e+04 1.459420856521396490e+04 1.395538222155841140e+04 1.248785222631704528e+04 1.138179403501477645e+04 1.085051307480080868e+04 1.054112079764908958e+04 1.010227608203025011e+04 9.476841655673164496e+03 8.879012342439407803e+03 9.045838447313151846e+03 9.713383990782222099e+03 1.976653944967815551e+04 9.694385493249625142e+04 1.702177217817345445e+04 7.665317390893246738e+03 6.418394411307614064e+03 5.594972886105746511e+03 5.172250499173647768e+03 4.771248957055451683e+03 4.376862368817639435e+03 3.997321290625168331e+03 3.650193057975320698e+03 3.337388807611172524e+03 3.042858538193641834e+03 2.744127649912219567e+03 2.426393805051728123e+03 2.087841936879640343e+03 1.728537427639968428e+03 1.325239427450643916e+03 7.103553083513328602e+03 1.254451241783405567e+04 1.150092169275192646e+04 8.891127699883740206e+03 6.990108626093666317e+03 6.024013291228326125e+03 5.380857756524836077e+03 4.559849381770975015e+03 3.530094537571360888e+03 2.618991745683877525e+03 1.633369948548824595e+03 1.124923945429645755e+03 1.711434121752302872e+03 1.589770501502306797e+04 1.034872552619461885e+03 1.175881158083564742e+03 1.775291793544294933e+03 2.249669568538889507e+03 2.313175228444265940e+03 2.313620588178337130e+03 2.250317009820087151e+03 2.145775843536924185e+03 2.032849131886723171e+03 1.927955956036458701e+03 1.825327724642347903e+03 1.711265782016552066e+03 1.573585490892714006e+03 1.420322569441478208e+03 1.255591690784152433e+03 1.075417464214602660e+03
1.122320510606060998e+04 1.451451676378410411e+04 1.348361109136287450e+04 1.162209925128168470e+04 1.033037568167458085e+04 9.725122971566277556e+03 9.437374300712479453e+03 9.115090165318295476e+03 8.624012470742669393e+03 8.115001445234668608e+03 7.737865114617437939e+03 8.000854192682270877e+03 8.617752619460241476e+03 1.702177217817345445e+04 8.278300579520907195e+04 1.478093224791753164e+04 6.823476987302798079e+03 5.752540271698373544e+03 5.040056689389936764e+03 4.666230574695558971e+03 4.301591783817309079e+03 3.936332462524883340e+03 3.579440067800715042e+03 3.244221170081423224e+03 2.928682748668597469e+03 2.614602015941497484e+03 2.280234463259211225e+03 1.914199630796843849e+03 1.513228181006038085e+03 1.057193147663042964e+03 7.544719005117402048e+03 1.356152860682162282e+04 1.177994320165136742e+04 8.517967683930306521e+03 6.364241254755121190e+03 5.353363670849448681e+03 4.804754170648677245e+03 4.178438845607048279e+03 3.326565740780574743e+03 2.510875764200692174e+03 1.931767887228035761e+03 1.276169039277375759e+03 8.564032198719992266e+02 1.430261390973431844e+03 1.304761845851093494e+04 8.003192594718069586e+02 9.003246431621771535e+02 1.426399386409751514e+03 1.866386196067744777e+03 1.937444347471023775e+03 1.944867369301156486e+03 1.894221033482284838e+03 1.807783720417639643e+03 1.711655174217421290e+03 1.615070565450924278e+03 1.511291010576610461e+03 1.383568240707254517e+03 1.231498621697625367e+03 1.055352388503928069e+03 8.540541248318817225e+02
1.018727127296071194e+04 1.379940715778817503e+04 1.279524348483518224e+04 1.087447206044428822e+04 9.526392671761157544e+03 8.840849829952639993e+03 8.487468192069194629e+03 8.180797712671096633e+03 7.791090361562893122e+03 7.392584646366577545e+03 7.084386615299928053e+03 6.888945284584242472e+03 7.161326352804410817e+03 7.665317390893246738e+03 1.478093224791753164e+04 7.129461722426299821e+04 1.307018671759385325e+04 6.107525528249168929e+03 5.173232155138312010e+03 4.543438239287990655e+03 4.197962878041455042e+03 3.852569728279331684e+03 3.500741948451468033e+03 3.148633739031736695e+03 2.804267257809995499e+03 2.461495219784032088e+03 2.102196543739163644e+03 1.709031463087399061e+03 1.270562284674706916e+03 7.643424497685247161e+02 7.326115303605602094e+03 1.378467187567427209e+04 1.184764787386848911e+04 8.324709845747624058e+03 6.006018965236167787e+03 4.879931865565531552e+03 4.285244871990591491e+03 3.732763913459216838e+03 3.042101669260594463e+03 2.363235504689993377e+03 1.852575319193200130e+03 1.528474220179976555e+03 1.016956857124237786e+03 6.342135999636032011e+02 9.085299874373001785e+02 1.067843440436732271e+04 6.077319911276570110e+02 6.547480255817124544e+02 1.145304490443687882e+03 1.535346254574441900e+03 1.601627360347736840e+03 1.608947219326631057e+03 1.565250502486498135e+03 1.487990852728763002e+03 1.394718576424296316e+03 1.291135669138337789e+03 1.166210968770473073e+03 1.015669961231069692e+03 8.326893263573720105e+02 6.133184939122180594e+02
8.752828713699185755e+03 1.208889260666282280e+04 1.147578780326174456e+04 9.929577129103083280e+03 8.769613216739355266e+03 8.120129930086945024e+03 7.724382052166237372e+03 7.382356898014524631e+03 7.021922274878736062e+03 6.704277975668826912e+03 6.474487426984828744e+03 6.325042795252315045e+03 6.203829470078429949e+03 6.418394411307614064e+03 6.823476987302798079e+03 1.307018671759385325e+04 6.226536000237926783e+04 1.157061253447475247e+04 5.505440686664136592e+03 4.675420795845780958e+03 4.097490210710669089e+03 3.760795186602607828e+03 3.416671187289116915e+03 3.058040452683398144e+03 2.687322032241446323e+03 2.307477349911528108e+03 1.910924079330758104e+03 1.483235707584074589e+03 1.007768772193475911e+03 4.566280200397492308e+02 6.190906413409876222e+03 1.216772696858982636e+04 1.077890244903358871e+04 7.762549074737652518e+03 5.664382704223295150e+03 4.561503802701447057e+03 3.913984159952860864e+03 3.346059150917812076e+03 2.731817833798829270e+03 2.174841607516829754e+03 1.757872691405523710e+03 1.477352731625793240e+03 1.257405614943459113e+03 7.854094968061087911e+02 4.003277455269444545e+02 5.011242563132210535e+02 9.583220943649639594e+03 4.007172880398536563e+02 5.026105423181650735e+02 9.225771337816058804e+02 1.264477015945834182e+03 1.317948102353280547e+03 1.318261436436946497e+03 1.270985669658771712e+03 1.187127235411312540e+03 1.079668956687916079e+03 9.482732157714436880e+02 7.927122151024168488e+02 6.030548650759461680e+02 3.699223829216480226e+02
7.443845561455825191e+03 9.993989345045571099e+03 9.813364818249301607e+03 8.805074769715543880e+03 7.958010063627930322e+03 7.453280126944824588e+03 7.099026533786764048e+03 6.744419826407236542e+03 6.374138343704140425e+03 6.078709699441535122e+03 5.899511807487082478e+03 5.802347306067262252e+03 5.716030584388643547e+03 5.594972886105746511e+03 5.752540271698373544e+03 6.107525528249168929e+03 1.157061253447475247e+04 5.489527486106553988e+04 1.034413486318358264e+04 4.988583917929672680e+03 4.223011757886639316e+03 3.670489705144758773e+03 3.323920345073472163e+03 2.960651530855536294e+03 2.571984498735297620e+03 2.156688191750394253e+03 1.715506254137858605e+03 1.242989925977119128e+03 7.250629115614524380e+02 1.320357590772339051e+02 4.764590350747341290e+03 9.421434223822176136e+03 8.832230966257746331e+03 6.759295037267856969e+03 5.167032913090732109e+03 4.265563024463557667e+03 3.661618021635007608e+03 3.080154404864044409e+03 2.478534687170714278e+03 1.980523118009971540e+03 1.641878577775478789e+03 1.422398056606266437e+03 1.233407803994507503e+03 1.014831598641150663e+03 5.602506531622026387e+02 2.160769969808513906e+02 4.800467668220395581e+02 6.531692896088854468e+03 3.616765158729706400e+02 3.794880391108848698e+02 7.437362713166018011e+02 1.035952694775376131e+03 1.070193133343643240e+03 1.053869584604409056e+03 9.884082658285519756e+02 8.816470055250274527e+02 7.402747651707304613e+02 5.719740455263325885e+02 3.708426181227110874e+02 1.254986270402864079e+02
6.657729986295518756e+03 8.481308991951807911e+03 8.442861010975866520e+03 7.764188724989753609e+03 7.145662810569399880e+03 6.787928736863977974e+03 6.529716175947029114e+03 6.217555621794479521e+03 5.849185969834434218e+03 5.545331791597602205e+03 5.372747710797806576e+03 5.306860151191307523e+03 5.261772294408887319e+03 5.172250499173647768e+03 5.040056689389936764e+03 5.173232155138312010e+03 5.505440686664136592e+03 1.034413486318358264e+04 4.895607704928744351e+04 9.266145042297113832e+03 4.488648290032604564e+03 3.761058289260630772e+03 3.212416989303839728e+03 2.836722098399351125e+03 2.433198671408308655e+03 1.991239015530466986e+03 1.508164337985191651e+03 9.855905545399148195e+02 4.177927653970071447e+02 -2.179734441235625013e+02 3.859272685354407258e+03 7.248273411929963913e+03 7.061211313822341253e+03 5.702695382289630288e+03 4.561976233082299586e+03 3.904962778181531576e+03 3.430707386388201485e+03 2.898304848188671713e+03 2.306684890235266721e+03 1.821443963251253081e+03 1.515667000810087529e+03 1.345633106593014645e+03 1.202998957049393994e+03 1.012177919463803619e+03 7.820425371248313695e+02 3.747556793975566052e+02 1.053487054392080893e+02 1.387937157643575290e+02 6.846870597240966163e+03 9.635880194865207216e+01 2.650916725746037628e+02 5.703856891895097760e+02 8.108649542679366959e+02 8.179710260735345173e+02 7.732312154682017535e+02 6.760679358198952968e+02 5.297053450914689847e+02 3.460414595381122354e+02 1.275223777713746074e+02 -1.324814171535966238e+02
6.368660055957004261e+03 7.934016172202896996e+03 7.748891425081388661e+03 7.040573638913369905e+03 6.454907227407068603e+03 6.155556446850165230e+03 5.974002102851849486e+03 5.732712302328507576e+03 5.401142168940671581e+03 5.098497737469152526e+03 4.913371772769936797e+03 4.845896201718667726e+03 4.824616045575141470e+03 4.771248957055451683e+03 4.666230574695558971e+03 4.543438239287990655e+03 4.675420795845780958e+03 4.988583917929672680e+03 9.266145042297113832e+03 4.374373463162112603e+04 8.295253597055496357e+03 3.956181065136579491e+03 3.241391291958161673e+03 2.673681948128481963e+03 2.250096222358543855e+03 1.786271842804681910e+03 1.271383014152875603e+03 7.033711441412790464e+02 8.351354580249011406e+01 -5.960831494467615812e+02 3.720895581022887200e+03 6.608482741297579196e+03 6.294440790888684205e+03 5.029209941249115218e+03 4.033633598614597759e+03 3.509560100129666807e+03 3.159859762543309444e+03 2.724620503787028611e+03 2.180892440777721276e+03 1.706135320610349709e+03 1.403089151579154077e+03 1.249678185555068922e+03 1.144770498930750364e+03 9.953330892770641185e+02 7.904088014071364796e+02 5.810764706237844166e+02 2.458123210516025381e+02 7.744568007587897540e+00 1.721915825058553935e+02 5.824700039636894871e+03 4.095939852829866368e+01 1.162113942549716796e+02 3.626733008431089615e+02 5.500516444485192551e+02 5.205715744975868802e+02 4.361647381208787237e+02 2.940723602649914596e+02 1.000231500596902094e+02 -1.374305006210256010e+02 -4.155361960071764997e+02
6.290722316527995645e+03 8.075703190757762059e+03 7.598109036351606846e+03 6.643428580430972943e+03 5.949715290173592621e+03 5.615194587998954376e+03 5.446986359884781450e+03 5.255729893906445795e+03 4.978839397886397819e+03 4.704723526175172083e+03 4.518237817492284194e+03 4.435819929772759679e+03 4.410239272551863905e+03 4.376862368817639435e+03 4.301591783817309079e+03 4.197962878041455042e+03 4.097490210710669089e+03 4.223011757886639316e+03 4.488648290032604564e+03 8.295253597055496357e+03 3.909960018338941154e+04 7.340183137447616900e+03 3.348792881744817350e+03 2.622296409228205448e+03 2.017679328287582621e+03 1.528960805447517032e+03 9.886489398960961807e+02 3.866274356933681133e+02 -2.781462877661042512e+02 -9.965908942659357308e+02 4.105484843894009828e+03 7.307527748272948884e+03 6.495777037768915761e+03 4.848669594865330509e+03 3.713056816822741894e+03 3.168399034220562953e+03 2.864882510968976021e+03 2.514560185746998286e+03 2.047708015674248372e+03 1.610061996238479878e+03 1.311912222838297566e+03 1.154905270407855369e+03 1.061311656578413931e+03 9.460276821800920288e+02 7.776676469186822942e+02 5.882213853811315403e+02 4.231741375371595950e+02 1.403752452470417040e+02 -5.332619351744494196e+01 9.573461169496968637e+01 4.645234548151111085e+03 -9.968827078607242242e+01 -8.675006139671032201e+01 1.011003390161050390e+02 2.268778958070988097e+02 1.505717083044156936e+02 1.634591422798942517e+01 -1.796551271642712493e+02 -4.307274006355335132e+02 -7.260383872816249777e+02
6.006068299071459478e+03 8.098984330944250360e+03 7.498371488914564907e+03 6.367792267281016393e+03 5.581275641177091529e+03 5.188146886725935474e+03 4.986143903576128650e+03 4.801547700296869152e+03 4.564971905989870720e+03 4.333339415125173218e+03 4.167227791731081197e+03 4.079130926929455200e+03 4.036737837229894467e+03 3.997321290625168331e+03 3.936332462524883340e+03 3.852569728279331684e+03 3.760795186602607828e+03 3.670489705144758773e+03 3.761058289260630772e+03 3.956181065136579491e+03 7.340183137447616900e+03 3.515766140750880004e+04 6.332795395160244880e+03 2.637596152288108897e+03 1.882539170452122107e+03 1.224115668981570252e+03 6.573344435325241193e+02 2.904928223285379829e+01 -6.675819066936827539e+02 -1.411094502943607949e+03 4.277840918335125025e+03 7.990157803120559038e+03 6.887572869623116276e+03 4.878781013025404718e+03 3.564426761621480637e+03 2.934044834988963885e+03 2.602599880075005331e+03 2.284610051410228152e+03 1.885685374553097972e+03 1.505801925193138231e+03 1.233467027575144130e+03 1.076247470786734993e+03 9.771053488129768994e+02 8.726854499121193385e+02 7.342641161506983281e+02 5.736429636175801079e+02 4.214475394542022286e+02 2.930556211469266259e+02 4.132168235394544809e+01 -1.656879174662886953e+02 -1.233653777436999235e+02 3.662842931816609962e+03 -3.988520793025852527e+02 -3.482483807336529935e+02 -2.292960456915029965e+02 -1.709210702350841586e+02 -3.008835814339281001e+02 -4.958603061419417486e+02 -7.522964584179574103e+02 -1.057516564661185839e+03
5.454313841219055575e+03 7.563086209105543276e+03 7.059206607788073597e+03 6.000486560168752476e+03 5.243247813460206089e+03 4.840449418989632250e+03 4.606850044818211245e+03 4.401904543190529694e+03 4.176597895136826992e+03 3.976492295799150270e+03 3.839502531945110604e+03 3.761631342345260236e+03 3.708492967565566687e+03 3.650193057975320698e+03 3.579440067800715042e+03 3.500741948451468033e+03 3.416671187289116915e+03 3.323920345073472163e+03 3.212416989303839728e+03 3.241391291958161673e+03 3.348792881744817350e+03 6.332795395160244880e+03 3.145576045360721400e+04 5.275450555976562100e+03 1.807940846897526171e+03 1.007833443080994698e+03 2.840241865860061807e+02 -3.695309352252311896e+02 -1.088459782523885679e+03 -1.838090383832060525e+03 3.974931650409807844e+03 7.726311515901861640e+03 6.717761287692619590e+03 4.754925113122983021e+03 3.441195717118380344e+03 2.780424588002592373e+03 2.408611868860813956e+03 2.079551315395397978e+03 1.714317630549060823e+03 1.386238141895166564e+03 1.153716059369200366e+03 1.012091595083979541e+03 9.094465485932033744e+02 8.002996601890367856e+02 6.713200956408632010e+02 5.332916335341099057e+02 4.004892909926167590e+02 2.775653408549113692e+02 1.560553522632566796e+02 -1.024099508597469566e+02 -3.369115152237667985e+02 -3.940913688641749673e+02 3.360767753605074176e+03 -6.435521006117712659e+02 -6.809702753589751865e+02 -6.332693956023325654e+02 -6.442536749080143181e+02 -8.413311977218537550e+02 -1.099546801650531052e+03 -1.404687204064498928e+03
4.766452560253579577e+03 6.548079276381504314e+03 6.276712801119299911e+03 5.477853681683742252e+03 4.863553941972115354e+03 4.515855542592747952e+03 4.288451499517930642e+03 4.069427263689931806e+03 3.837268443892223331e+03 3.646227607533283845e+03 3.527063310856614407e+03 3.463714653555379300e+03 3.411243617939818705e+03 3.337388807611172524e+03 3.244221170081423224e+03 3.148633739031736695e+03 3.058040452683398144e+03 2.960651530855536294e+03 2.836722098399351125e+03 2.673681948128481963e+03 2.622296409228205448e+03 2.637596152288108897e+03 5.275450555976562100e+03 2.808934137614215433e+04 4.112832694320814880e+03 8.468543956615386605e+02 -5.786781963472350299e+00 -8.007294668682122847e+02 -1.536819716025956950e+03 -2.274198583600606071e+03 3.269111425370151665e+03 6.471157690863143216e+03 5.858129083981008080e+03 4.321843154364954898e+03 3.224434246886527944e+03 2.636390849331375648e+03 2.269293902411608542e+03 1.926539186122039155e+03 1.566917596522378972e+03 1.266727984014787125e+03 1.067655653933046324e+03 9.506563872694111978e+02 8.565092680907494014e+02 7.433030487076088093e+02 6.096483957069398230e+02 4.764774222929636949e+02 3.569551397484802919e+02 2.441098494336227134e+02 1.220898229085947264e+02 -2.215784463790082270e+01 -3.055292092743404737e+02 -5.683901848505699945e+02 -6.529031699183526598e+02 2.921125422437871748e+03 -1.042997340548914508e+03 -1.087440609480146122e+03 -1.114041790718545144e+03 -1.205402628549053816e+03 -1.466564351300567523e+03 -1.764824257620708522e+03
4.222916087955442890e+03 5.555219364561580733e+03 5.455170058637810143e+03 4.912730880218236052e+03 4.451274966495893750e+03 4.183591726348295197e+03 3.995451685232479122e+03 3.787834626448618110e+03 3.552068449847910415e+03 3.355154016978627624e+03 3.234340223790937216e+03 3.173936039784303830e+03 3.123977922726864563e+03 3.042858538193641834e+03 2.928682748668597469e+03 2.804267257809995499e+03 2.687322032241446323e+03 2.571984498735297620e+03 2.433198671408308655e+03 2.250096222358543855e+03 2.017679328287582621e+03 1.882539170452122107e+03 1.807940846897526171e+03 4.112832694320814880e+03 2.499731972683553977e+04 2.859919196064137850e+03 -2.488761365070807585e+02 -1.157486751086310051e+03 -2.014192625220768150e+03 -2.725398464932737625e+03 2.627266597770791122e+03 5.043234642653581432e+03 4.782140268806930180e+03 3.735350394206493547e+03 2.913828209245770267e+03 2.455408090729940341e+03 2.143507259954479650e+03 1.816268812940994849e+03 1.459432974622340907e+03 1.166776663966865499e+03 9.824361787461297126e+02 8.835498433979904576e+02 8.044357980936420063e+02 6.966587684564531173e+02 5.579874852348372087e+02 4.173745206537925014e+02 2.959508188286497443e+02 1.874616826354437933e+02 6.882114032006808202e+01 -8.057778597601199522e+01 -2.627415855134062781e+02 -5.727005027626456695e+02 -8.597837955808287234e+02 -9.283981974240796262e+02 2.227262045206340190e+03 -1.350591607543196233e+03 -1.581861559077657148e+03 -1.687657450295844228e+03 -1.851793331345211755e+03 -2.140843911830708748e+03
3.930697453187644896e+03 4.989093240929089006e+03 4.907603409847592047e+03 4.459551167223569792e+03 4.070502619172033519e+03 3.853033227045073090e+03 3.706617277663726782e+03 3.528242917175263756e+03 3.303526526370085776e+03 3.100786589128667401e+03 2.965534647984349704e+03 2.890931777124622386e+03 2.832320335863342734e+03 2.744127649912219567e+03 2.614602015941497484e+03 2.461495219784032088e+03 2.307477349911528108e+03 2.156688191750394253e+03 1.991239015530466986e+03 1.786271842804681910e+03 1.528960805447517032e+03 1.224115668981570252e+03 1.007833443080994698e+03 8.468543956615386605e+02 2.859919196064137850e+03 2.195241047975443144e+04 1.510533823469832441e+03 -1.468542787878440549e+03 -2.414648275819182345e+03 -3.182341705380451458e+03 2.327310607449540839e+03 4.240951316127995597e+03 4.078059151659588224e+03 3.264760188254924287e+03 2.606204280381352874e+03 2.246152748479186812e+03 2.002573484635025579e+03 1.718382761341678361e+03 1.380882817977536433e+03 1.092335148481380429e+03 9.079447683175560542e+02 8.125434349868758090e+02 7.427150640294244113e+02 6.454902739454012135e+02 5.089584622924817268e+02 3.600850533095842820e+02 2.265831198217134101e+02 1.096817335386150774e+02 -1.034782330427211861e+01 -1.611704175990287808e+02 -3.518310966346891178e+02 -5.726562400212430930e+02 -9.089617710616860222e+02 -1.221594039649096885e+03 -1.342700626749348430e+03 1.804633494618501572e+03 -1.981963243508770120e+03 -2.171495529487062868e+03 -2.348895412429515090e+03 -2.531666580472946407e+03
