1.615521500520552993e+08 2.675032602729269117e+07 1.154214940985130146e+06 -8.606230811744433595e+03 -1.890185941896300064e+05 -1.493250279434313125e+05 -1.345732056333458750e+05 -9.983940432447117928e+04 -3.184966228963880712e+04 1.408572411851513243e+04 2.060549867339726188e+04 -5.420908431560559620e+03 -2.902114810255880366e+04 -2.283144730569620151e+04 6.617820680546046788e+03 3.362593090392589511e+04 3.626423512134925113e+04 1.588427634913616566e+04 -5.378371723975419627e+03 -1.180998017096784497e+04 2.893460419405811081e+03 2.032116592930131810e+04 2.790824133587055258e+04 1.952498717373883846e+04 5.583824503183406705e+03 -3.378362132723689683e+03 -1.262679355813351521e+02 9.550587784277864557e+03 1.648826570376195014e+04 1.585328836846237391e+04 1.048720248784620911e+08 4.920269939756050706e+07 4.480093326531877741e+06 9.909038324730651220e+05 2.466849610162246390e+05 1.954029021927080757e+05 1.519510217937494745e+05 1.455973677697570529e+05 1.903749855185175256e+05 2.103839665255876898e+05 1.850116129257193534e+05 1.215148211072128615e+05 6.907902400332890102e+04 6.638051643268999760e+04 1.010959412810646463e+05 1.326815120154999313e+05 1.266629280486443313e+05 8.541427423107918003e+04 4.477000980699468346e+04 2.955974868361230619e+04 4.977469481292160344e+04 7.455052124348244979e+04 8.329507254751832807e+04 6.590066356268225354e+04 3.983507388959030504e+04 2.255562196600349853e+04 2.607509271720933975e+04 4.051814614337617240e+04 5.042920497769115173e+04 4.770794334826344857e+04
2.675032602729269117e+07 6.404685320526100695e+07 8.370860542526327074e+06 6.388515048793690221e+04 -2.170874876081391121e+05 -2.915517288096420234e+05 -2.807753477011552313e+05 -2.132754389077054802e+05 -6.764607672802542220e+04 4.425115867977331800e+04 5.950345645416017214e+04 -4.986004775866433192e+03 -6.884572302323677286e+04 -6.179413608378047502e+04 7.769097623462808770e+03 7.643534562960526091e+04 8.755406035740222433e+04 3.988236901850665163e+04 -1.575079622026037032e+04 -3.389492220207080391e+04 -1.344097710845344864e+03 4.398378298867568083e+04 6.466130599930078461e+04 4.688569074261713831e+04 1.171195890454560868e+04 -1.142240215689885918e+04 -5.404966139974607358e+03 1.854782318745946395e+04 3.708976299198732158e+04 3.682802118638707907e+04 1.820209253753442317e+07 4.678030164527149498e+07 1.580687783192998357e+07 2.158859409092694987e+06 9.498166986837317236e+05 5.416433163130651228e+05 4.150493454380029580e+05 3.906233980710210744e+05 4.847140313477775198e+05 5.455034339340939187e+05 4.863985145781861502e+05 3.303088956532656448e+05 1.920341514031183324e+05 1.726276722176207113e+05 2.540279447701652534e+05 3.350974626014130772e+05 3.268122270044241450e+05 2.283676163120323326e+05 1.220649314140632341e+05 8.053007364065584261e+04 1.234993883714447147e+05 1.877478881492700602e+05 2.114491461225643870e+05 1.725252488773326040e+05 1.062441056752312579e+05 6.157404702402024122e+04 6.643195419195335126e+04 1.016069951244668046e+05 1.277737126217961049e+05 1.226152005546608998e+05
1.154214940985130146e+06 8.370860542526327074e+06 1.967125004669934884e+07 2.380440132709853817e+06 -9.873673180512175895e+04 -1.950703300716180820e+05 -2.319993406957545085e+05 -1.748796109946985380e+05 -6.518447818042243307e+04 2.815993547479335757e+04 4.995090097654635611e+04 9.140583196046427474e+03 -3.737203849722065206e+04 -3.794636345072012045e+04 8.081402964559275460e+03 5.802233772229457827e+04 7.006225988508474256e+04 4.003000978057140310e+04 -2.017730705226471173e+02 -1.564027240683590571e+04 3.240170403030088892e+03 3.477760921011905884e+04 5.085841312605176063e+04 4.060142495206549938e+04 1.621135307639604616e+04 -1.135628847033160127e+03 8.347248272358403938e+02 1.631807953681112303e+04 2.975597819165666078e+04 3.043510852573243028e+04 1.240900198229892412e+06 8.736904762146361172e+06 1.450604866212313063e+07 4.823678035662696697e+06 9.759280418687404599e+05 5.880831872690171003e+05 3.884912463363721035e+05 3.608673284726265119e+05 4.106041623868000461e+05 4.562320921877213987e+05 4.206954869689833140e+05 3.119305290456421208e+05 2.066574147509636241e+05 1.767467799215593259e+05 2.213965693515343009e+05 2.749363517336529912e+05 2.725186010648948140e+05 2.073719240322981204e+05 1.291869631364226079e+05 9.319737177655726555e+04 1.137530312965071062e+05 1.557604028883129940e+05 1.733677198756959115e+05 1.489148879426319618e+05 1.022981725208738062e+05 6.820195400452538161e+04 6.657947537680715322e+04 8.773499628079507966e+04 1.058709252420064295e+05 1.031349479225708928e+05
-8.606230811744433595e+03 6.388515048793690221e+04 2.380440132709853817e+06 6.578981218984099105e+06 8.147470483291642740e+05 -8.926093015704501886e+04 -1.294066843279542518e+05 -1.127556033675322251e+05 -4.750427729380311212e+04 8.533977759585937747e+03 2.899604381212921362e+04 1.469850983600382824e+04 -7.154166292496343885e+03 -1.011041391178918821e+04 9.376198064525509835e+03 3.348245448324503377e+04 4.179820241189026274e+04 3.001628325086446421e+04 1.115433395967935940e+04 1.781026117257626993e+03 8.134132437925595696e+03 2.183958291713976359e+04 3.020204214509045414e+04 2.670466578740886325e+04 1.577805483006778195e+04 6.832821335487447868e+03 6.207723939639270611e+03 1.226914682342454034e+04 1.842831971423414507e+04 1.911342829923606769e+04 4.400743322573307669e+05 1.202831404628792778e+06 3.246835079125636257e+06 4.979740217211712152e+06 1.701118764602808747e+06 4.542283626979722176e+05 3.071750351191747468e+05 2.481749432089271140e+05 2.643129777806574712e+05 2.821409067016626359e+05 2.688610925657703192e+05 2.192614731202821713e+05 1.648904481694030983e+05 1.398840722153939423e+05 1.496261079166109557e+05 1.693578805116085568e+05 1.687244588120470871e+05 1.401393235112575931e+05 1.021482254451619228e+05 7.972249153643869795e+04 8.255721840742162021e+04 9.790527284193978994e+04 1.058290641559924115e+05 9.567556374314331333e+04 7.413780272848403547e+04 5.607503674827048235e+04 5.167489528533224075e+04 5.843568418249733077e+04 6.578391317636857275e+04 6.455128947364972555e+04
-1.890185941896300064e+05 -2.170874876081391121e+05 -9.873673180512175895e+04 8.147470483291642740e+05 2.679550245147737209e+06 3.421708628063055221e+05 -6.715238113037834410e+04 -6.603566026345404680e+04 -3.595297301666008570e+04 -1.538110758720243666e+03 1.435788060114970358e+04 1.252524841814364845e+04 4.315621466925877940e+03 2.332633683123204719e+03 9.664189913548001641e+03 2.005761905592254334e+04 2.489567274465495575e+04 2.127230166912711138e+04 1.349303710610691996e+04 8.441879828028835618e+03 9.605313250038154365e+03 1.454524703636562117e+04 1.823626851591219383e+04 1.744601188859577451e+04 1.314396185793502082e+04 8.922457213985791896e+03 7.721650334558244140e+03 9.459653926096363648e+03 1.173154179337508685e+04 1.196556248480647264e+04 2.687327064178036526e+05 7.933863478082728107e+05 7.749429669420470018e+05 1.371821247549304739e+06 1.928233462492066436e+06 7.568020324946390465e+05 2.312374424774391809e+05 1.830743578625860973e+05 1.692086762120519707e+05 1.742612433412887913e+05 1.685960550582357100e+05 1.490106156598137459e+05 1.239853452278911718e+05 1.071757019036183483e+05 1.035091868757888296e+05 1.065190185137106746e+05 1.048022145167297276e+05 9.321278286707008374e+04 7.639838088930907543e+04 6.366963217331202031e+04 6.029032913120406738e+04 6.326310261958459159e+04 6.530988227537734929e+04 6.130802489770176908e+04 5.224963317297538742e+04 4.335519401567651948e+04 3.916496984423182585e+04 3.975004832102621731e+04 4.151651385393770761e+04 4.036608806314169487e+04
-1.493250279434313125e+05 -2.915517288096420234e+05 -1.950703300716180820e+05 -8.926093015704501886e+04 3.421708628063055221e+05 1.370019080347670941e+06 1.679880283952434547e+05 -4.062340442722584703e+04 -2.466892278754327344e+04 -6.105881712562259963e+03 6.459773503442017500e+03 8.740407024970434577e+03 6.906555000610263960e+03 6.693698650937892126e+03 9.930434206170099060e+03 1.446758591047796290e+04 1.694493323434454942e+04 1.598515280495757543e+04 1.287389347130180249e+04 1.029559320287607625e+04 9.989861744976082264e+03 1.142110495676710707e+04 1.281104132482846762e+04 1.265165296232913897e+04 1.096970811110809882e+04 8.954294662494676231e+03 7.913398135007022574e+03 8.065387056708212185e+03 8.606349463094124076e+03 8.370747418086190009e+03 2.096556354260711523e+05 5.671009510170714930e+05 5.543377465177674312e+05 4.083851744569877628e+05 6.544048675034393091e+05 9.935976964064675849e+05 4.061942607441525906e+05 1.482967027702231426e+05 1.316726819202140905e+05 1.226698967276384938e+05 1.188879176838632120e+05 1.103914926242852234e+05 9.931522475537292485e+04 8.900755623379396275e+04 8.217385919527476653e+04 7.846968735121630016e+04 7.489813329037922085e+04 6.912240586242635618e+04 6.127378324633841112e+04 5.394401290778609109e+04 4.945602573115855921e+04 4.774211641823132231e+04 4.682510076216833841e+04 4.451398196403557085e+04 4.040234916369555867e+04 3.579306033997236227e+04 3.249835885512058303e+04 3.100460696755057143e+04 3.032796777911955724e+04 2.874456238941622360e+04
-1.345732056333458750e+05 -2.807753477011552313e+05 -2.319993406957545085e+05 -1.294066843279542518e+05 -6.715238113037834410e+04 1.679880283952434547e+05 7.916388140346391592e+05 9.677248769239685498e+04 -1.351450109922302545e+04 -2.363371700068733389e+03 3.501314909156941667e+03 6.202407427083577204e+03 7.060569311294466388e+03 8.872179129064068547e+03 1.137351482131302691e+04 1.334552525141135811e+04 1.385361568399725729e+04 1.311029900212037683e+04 1.186110260013154766e+04 1.091973445055151751e+04 1.063516680507592901e+04 1.071824927656255022e+04 1.072326139550179687e+04 1.030516430177107395e+04 9.509903455250956540e+03 8.636756107944314863e+03 8.014592000356342396e+03 7.666146592312589746e+03 7.345564794245253324e+03 6.649000178622973181e+03 1.635271971510496223e+05 4.342518771923203021e+05 4.060209873747263919e+05 3.043841477030910901e+05 2.230285399034355069e+05 3.818616941414957982e+05 5.587382172618564218e+05 2.561970951223706070e+05 1.139771456101156946e+05 1.033189072558680928e+05 9.325210264339679270e+04 8.770845617279113503e+04 8.290981318346958142e+04 7.824909861714990984e+04 7.261502350140747149e+04 6.655254893907689257e+04 6.080603171357615793e+04 5.595113383619199158e+04 5.172048980497430603e+04 4.785578974212195317e+04 4.429231890700988879e+04 4.110469166285902611e+04 3.837175192634167615e+04 3.589372411045966146e+04 3.347434412452364631e+04 3.107562978906678472e+04 2.887541014033913962e+04 2.693313950650863990e+04 2.510214052706334769e+04 2.292949236000821838e+04
-9.983940432447117928e+04 -2.132754389077054802e+05 -1.748796109946985380e+05 -1.127556033675322251e+05 -6.603566026345404680e+04 -4.062340442722584703e+04 9.677248769239685498e+04 4.795083537559373071e+05 6.828105463806900661e+04 4.451323367894583498e+03 6.203306173193676841e+03 5.377625815560913907e+03 6.785109041958200578e+03 9.814845934951823438e+03 1.281179226719689177e+04 1.392196098927303137e+04 1.304690123333193333e+04 1.159766231663652070e+04 1.074479791955594555e+04 1.074150834455559743e+04 1.097702128658347283e+04 1.076779054166875721e+04 1.002101495407334187e+04 9.080027221638923947e+03 8.372013104007390211e+03 8.005163955765554419e+03 7.808297112568973716e+03 7.455545465418828826e+03 6.798459315060888002e+03 5.802045095298984961e+03 1.570546105612013489e+05 4.088483651076194365e+05 3.759403042228416889e+05 2.607925116685192916e+05 1.886715104103579069e+05 1.527329189805492351e+05 2.449529430630902061e+05 3.437799547882853658e+05 1.734517685249755159e+05 8.905541803882576642e+04 7.845292317162433756e+04 6.949081171284802258e+04 6.706308880479994696e+04 6.638155020541723934e+04 6.393668615213687008e+04 5.844391542619730171e+04 5.157079799076571362e+04 4.604015042525716126e+04 4.280588864917879982e+04 4.107082989193643880e+04 3.919165472266868164e+04 3.631577547082037199e+04 3.287034909666804015e+04 2.977613329963630895e+04 2.764117535712756217e+04 2.629144227768573546e+04 2.513501026769209420e+04 2.356516172292290139e+04 2.148320288558558241e+04 1.900707356744071149e+04
-3.184966228963880712e+04 -6.764607672802542220e+04 -6.518447818042243307e+04 -4.750427729380311212e+04 -3.595297301666008570e+04 -2.466892278754327344e+04 -1.351450109922302545e+04 6.828105463806900661e+04 2.989791173235586029e+05 5.243638976723859378e+04 9.174820400301076006e+03 6.599833422858912854e+03 6.147881184425927131e+03 9.157237813626028583e+03 1.224782391037423076e+04 1.333503565947529569e+04 1.214122769943234380e+04 1.033737755287358232e+04 9.377800799941333025e+03 9.577398525982367573e+03 1.009798953677112331e+04 1.000534951607782023e+04 9.135552328743557155e+03 7.985448555078461141e+03 7.185357295159426940e+03 6.920169957427697227e+03 6.912803379938817670e+03 6.698017915344427820e+03 6.075501748498218149e+03 5.097771619010585709e+03 2.008370939331371337e+05 5.011192849242846714e+05 4.236550432693604962e+05 2.743229200302628451e+05 1.791473325210608891e+05 1.396341450751310331e+05 1.204021537897474773e+05 1.676514010645922390e+05 2.271588201350576710e+05 1.143483837001776847e+05 6.178386344003990234e+04 5.345061438200253178e+04 4.986808508185000392e+04 5.096144378853897797e+04 5.093191278550806601e+04 4.755650604400009615e+04 4.162451117066341976e+04 3.624889622364149545e+04 3.324361446241966041e+04 3.233504461300812181e+04 3.165832666868378874e+04 2.977916584396849794e+04 2.677083700330269130e+04 2.370619817773332034e+04 2.161733625574552570e+04 2.062328574705828942e+04 2.006132376921148170e+04 1.907425298452125571e+04 1.738458850200749293e+04 1.518911691269453513e+04
1.408572411851513243e+04 4.425115867977331800e+04 2.815993547479335757e+04 8.533977759585937747e+03 -1.538110758720243666e+03 -6.105881712562259963e+03 -2.363371700068733389e+03 4.451323367894583498e+03 5.243638976723859378e+04 1.941357272012824833e+05 3.770808930433322530e+04 7.312938464016624494e+03 5.997656820053214688e+03 7.363494646420766003e+03 9.969847973547024594e+03 1.110132009238546379e+04 1.034237129384520085e+04 8.861565367899209377e+03 7.922556963715903294e+03 7.955913034513234379e+03 8.372333988624259291e+03 8.377025131982791208e+03 7.722701965515341726e+03 6.749620002560623107e+03 5.998524478253406414e+03 5.696199086100534259e+03 5.665943994959736301e+03 5.520650655084833488e+03 5.061872226275017965e+03 4.298063495500928184e+03 2.180950119818843086e+05 5.573651485547611956e+05 4.652127576833994826e+05 2.886370448174053454e+05 1.805813222615945269e+05 1.301123727931127360e+05 1.096736621651497262e+05 9.377433272243852844e+04 1.134893416808394977e+05 1.433982267558909953e+05 7.428660426816280233e+04 3.916851358742047159e+04 3.625958868149975024e+04 3.630717528510990087e+04 3.715372109761094907e+04 3.552590041655399546e+04 3.161231507257684279e+04 2.754588496384349128e+04 2.500749927323323936e+04 2.419707576409239118e+04 2.384203469222672720e+04 2.270580729186933604e+04 2.058560502537558932e+04 1.818902184051739823e+04 1.640476573359220492e+04 1.550763970116562632e+04 1.509162463589327308e+04 1.445566179567509971e+04 1.328937732678531574e+04 1.166461354722935721e+04
2.060549867339726188e+04 5.950345645416017214e+04 4.995090097654635611e+04 2.899604381212921362e+04 1.435788060114970358e+04 6.459773503442017500e+03 3.501314909156941667e+03 6.203306173193676841e+03 9.174820400301076006e+03 3.770808930433322530e+04 1.338846272170262819e+05 2.674046730922055212e+04 5.857398149346992795e+03 6.143140155020424572e+03 7.470481165650692674e+03 8.570416941899238736e+03 8.335010084708383147e+03 7.441846754226677149e+03 6.710561174560794825e+03 6.565782369877059864e+03 6.736700446632839885e+03 6.725020700001299701e+03 6.308878541604050042e+03 5.634978412062200732e+03 5.039886882848544701e+03 4.710952802276016882e+03 4.583922545156324304e+03 4.426410616451805254e+03 4.092365955126713288e+03 3.544110799251768185e+03 1.895584506903987494e+05 4.930310269796360517e+05 4.249717206467718352e+05 2.715293498223054921e+05 1.714722009813988698e+05 1.227859685407428187e+05 9.774225127232278464e+04 8.166793373192005674e+04 6.397786831071432971e+04 7.320962244640673453e+04 9.643991917637476581e+04 4.857149675793804636e+04 2.680365856493762840e+04 2.645034731408733205e+04 2.649125890290988900e+04 2.585679079565596840e+04 2.366744635596815351e+04 2.114923766656543739e+04 1.929993667264598480e+04 1.844629571888514329e+04 1.796756579136598157e+04 1.713894846406695433e+04 1.574683440715954202e+04 1.411174143013100911e+04 1.276115991840305469e+04 1.193379823527960434e+04 1.146158633015846499e+04 1.093408296615961808e+04 1.012301070613734373e+04 8.998652758946604081e+03
-5.420908431560559620e+03 -4.986004775866433192e+03 9.140583196046427474e+03 1.469850983600382824e+04 1.252524841814364845e+04 8.740407024970434577e+03 6.202407427083577204e+03 5.377625815560913907e+03 6.599833422858912854e+03 7.312938464016624494e+03 2.674046730922055212e+04 9.856811746030978975e+04 2.027075432141251076e+04 5.852199839867065748e+03 6.441474709525713479e+03 6.916506834811629233e+03 6.957689271714818460e+03 6.492625882683314558e+03 6.032688027156842509e+03 5.848898745144608256e+03 5.830819131122594627e+03 5.718685900367330760e+03 5.395344688611156016e+03 4.927050181781760330e+03 4.486614718901741071e+03 4.175521697741269236e+03 3.968731698015531947e+03 3.749179114764319820e+03 3.445606230092371788e+03 3.007530459738503851e+03 1.240503898794706911e+05 3.335903165881703608e+05 3.131349649780717446e+05 2.193885541927069426e+05 1.496121624521593330e+05 1.120131943450003746e+05 8.985345947365250322e+04 7.145483662342064781e+04 5.469755481363927538e+04 4.038515173666020564e+04 4.915234243311009050e+04 6.587834445378193050e+04 3.615050361844959843e+04 2.111134271092626295e+04 2.094410087241044675e+04 2.007406132643127785e+04 1.882382701147869375e+04 1.734450880722304282e+04 1.616217900138700134e+04 1.540521217247827371e+04 1.477935825237048994e+04 1.396875592686889649e+04 1.291175438947517068e+04 1.176558089082060542e+04 1.077351399481595035e+04 1.004606314539702180e+04 9.507036277782000980e+03 8.955550009938011499e+03 8.285818629841716756e+03 7.436920884507635492e+03
-2.902114810255880366e+04 -6.884572302323677286e+04 -3.737203849722065206e+04 -7.154166292496343885e+03 4.315621466925877940e+03 6.906555000610263960e+03 7.060569311294466388e+03 6.785109041958200578e+03 6.147881184425927131e+03 5.997656820053214688e+03 5.857398149346992795e+03 2.027075432141251076e+04 7.628277528364233149e+04 1.742092701364359527e+04 6.838929954567716777e+03 6.857760265824646922e+03 6.425116143059776732e+03 6.069332450982207774e+03 5.817268745470692920e+03 5.771558335557730970e+03 5.721350842021181961e+03 5.484323432909577605e+03 5.076185449172380686e+03 4.631435714603536326e+03 4.281996183688956989e+03 4.037337677042225096e+03 3.819376361081454888e+03 3.535830394277581945e+03 3.181150664089291240e+03 2.738271009570328715e+03 7.146546837570157368e+04 1.950526123535612132e+05 2.075971613305355131e+05 1.646918129332255921e+05 1.241145140200252790e+05 1.002803153180609515e+05 8.425831750705145532e+04 6.816550200914018205e+04 5.072486635628883960e+04 3.709522905507140968e+04 2.816892465889883897e+04 3.608813847239766619e+04 5.276836664707708405e+04 2.943208266865311816e+04 1.898961225529077637e+04 1.805469751834168346e+04 1.646987487795828929e+04 1.533797848799802523e+04 1.462531693806815019e+04 1.422773082957856786e+04 1.369126049196623535e+04 1.280741166042245459e+04 1.171365813837260794e+04 1.067629785519420329e+04 9.884215902970472598e+03 9.315803134610869165e+03 8.819893839636246412e+03 8.233559821881915923e+03 7.549376052985334354e+03 6.759907671739532816e+03
-2.283144730569620151e+04 -6.179413608378047502e+04 -3.794636345072012045e+04 -1.011041391178918821e+04 2.332633683123204719e+03 6.693698650937892126e+03 8.872179129064068547e+03 9.814845934951823438e+03 9.157237813626028583e+03 7.363494646420766003e+03 6.143140155020424572e+03 5.852199839867065748e+03 1.742092701364359527e+04 6.057322564388920728e+04 1.585623957016417262e+04 7.455251004961997751e+03 6.598836297733763786e+03 5.821067523875231927e+03 5.649802198033995410e+03 5.790888649406499098e+03 5.858107724922983834e+03 5.575588713203500447e+03 5.033799405061993639e+03 4.495476465208419540e+03 4.158026382361484139e+03 3.991703916654901150e+03 3.832631912605966136e+03 3.539770930732981469e+03 3.131518861870632463e+03 2.641624392633532807e+03 6.965727577013056725e+04 1.771608936869065219e+05 1.791392559896266903e+05 1.407816161897519487e+05 1.080041346283753519e+05 9.034456461292612948e+04 7.974448952152123093e+04 6.749808699833246646e+04 5.172297582634331775e+04 3.723915403296939621e+04 2.782593981616990641e+04 2.290055205367478629e+04 3.105762183985177762e+04 4.194513804028752202e+04 2.608893182755757152e+04 1.715116048829915235e+04 1.530291887224609673e+04 1.373829778421533410e+04 1.325815890430056606e+04 1.330215493418194092e+04 1.311905474712451905e+04 1.229741935633417961e+04 1.107026313839015347e+04 9.923958154155283410e+03 9.185954493923403788e+03 8.795061515652654634e+03 8.462683296909835917e+03 7.930285741862629948e+03 7.215811702792248070e+03 6.396136681152980600e+03
6.617820680546046788e+03 7.769097623462808770e+03 8.081402964559275460e+03 9.376198064525509835e+03 9.664189913548001641e+03 9.930434206170099060e+03 1.137351482131302691e+04 1.281179226719689177e+04 1.224782391037423076e+04 9.969847973547024594e+03 7.470481165650692674e+03 6.441474709525713479e+03 6.838929954567716777e+03 1.585623957016417262e+04 4.884234259897710581e+04 1.393863101802147867e+04 6.654524312284380358e+03 5.633831404551323430e+03 5.209921767376005846e+03 5.435787294411702533e+03 5.623737281441185587e+03 5.416188504807900244e+03 4.860346984852040805e+03 4.268330933530716720e+03 3.907463886222901237e+03 3.777094588772971292e+03 3.687889017238237557e+03 3.450316075185737645e+03 3.060395132178487074e+03 2.577312522031371373e+03 1.048511239853085717e+05 2.594527517308294482e+05 2.247816499568118597e+05 1.513570158850569860e+05 1.048972561673638120e+05 8.381331971966949641e+04 7.423592646256662556e+04 6.508482662730020093e+04 5.165388373737417714e+04 3.793737154789135093e+04 2.773370141989775584e+04 2.255212772483902882e+04 2.071769032872637763e+04 2.667485966004175134e+04 3.593834115683531127e+04 2.152255506800165313e+04 1.359416201717217336e+04 1.195248011753658284e+04 1.128428906940251909e+04 1.160002494837508857e+04 1.176132078199246462e+04 1.119286557423055638e+04 1.003530797963895020e+04 8.862085288540372858e+03 8.136708323925993682e+03 7.858042093122581718e+03 7.694164300256588831e+03 7.298695401645502898e+03 6.649189221788881696e+03 5.864322996452925508e+03
3.362593090392589511e+04 7.643534562960526091e+04 5.802233772229457827e+04 3.348245448324503377e+04 2.005761905592254334e+04 1.446758591047796290e+04 1.334552525141135811e+04 1.392196098927303137e+04 1.333503565947529569e+04 1.110132009238546379e+04 8.570416941899238736e+03 6.916506834811629233e+03 6.857760265824646922e+03 7.455251004961997751e+03 1.393863101802147867e+04 3.900471337953414331e+04 1.127007894054910503e+04 5.291372140881785526e+03 4.723087400516564230e+03 4.721132687654846450e+03 4.938657190014786465e+03 4.842389786723189900e+03 4.413419298114964477e+03 3.887657626626668389e+03 3.528704792019649176e+03 3.387328046286906101e+03 3.325333858136303206e+03 3.160423715452755459e+03 2.852848690926308336e+03 2.452194118307307690e+03 1.358878496210338781e+05 3.397175338134126505e+05 2.777909660613666056e+05 1.707755227007010835e+05 1.076181425903341442e+05 7.974852147331055312e+04 6.776442294821758696e+04 5.919618453257616056e+04 4.790924919414980832e+04 3.591941870731732342e+04 2.663648123676734758e+04 2.126822855268404237e+04 1.933950976121598433e+04 1.823635013249545591e+04 2.225973119998246693e+04 2.805023934290680336e+04 1.613717658182487867e+04 9.805203134519229934e+03 9.145812897224772314e+03 9.297617190380231477e+03 9.610452575452643941e+03 9.316060454799255240e+03 8.452101901949172316e+03 7.468027735026746086e+03 6.819208633214453585e+03 6.578314438522904311e+03 6.490299606755462264e+03 6.227706165315300495e+03 5.722388310715254192e+03 5.078151576979003039e+03
3.626423512134925113e+04 8.755406035740222433e+04 7.006225988508474256e+04 4.179820241189026274e+04 2.489567274465495575e+04 1.694493323434454942e+04 1.385361568399725729e+04 1.304690123333193333e+04 1.214122769943234380e+04 1.034237129384520085e+04 8.335010084708383147e+03 6.957689271714818460e+03 6.425116143059776732e+03 6.598836297733763786e+03 6.654524312284380358e+03 1.127007894054910503e+04 3.118541695751263978e+04 8.910076882723742528e+03 4.296990800485149521e+03 4.099405015791293408e+03 4.113310446450210293e+03 4.088550380100658458e+03 3.816718607910890569e+03 3.431415053132844150e+03 3.118585046141208295e+03 2.952792179260702596e+03 2.869402898708009161e+03 2.739652018963654882e+03 2.511412992482924892e+03 2.207490432730787688e+03 1.286381789380421687e+05 3.294675660826117964e+05 2.737313546591312042e+05 1.689425022281453712e+05 1.049404640122420096e+05 7.529197569777633180e+04 6.118506824477092596e+04 5.158469705727706605e+04 4.134279528579230100e+04 3.142269067060568341e+04 2.385544918192589466e+04 1.939011172383325902e+04 1.717957317236289964e+04 1.588422301897455327e+04 1.406277706165512063e+04 1.630613750854957652e+04 2.085325912549908389e+04 1.195063409146770937e+04 7.222862143723536974e+03 7.221729968247242141e+03 7.356732134308816967e+03 7.250395114815613852e+03 6.722990815371598728e+03 6.053252801280243148e+03 5.555587555970112589e+03 5.326669819491293310e+03 5.228983390871123447e+03 5.036682922870852963e+03 4.676565902503076359e+03 4.208602012578139693e+03
1.588427634913616566e+04 3.988236901850665163e+04 4.003000978057140310e+04 3.001628325086446421e+04 2.127230166912711138e+04 1.598515280495757543e+04 1.311029900212037683e+04 1.159766231663652070e+04 1.033737755287358232e+04 8.861565367899209377e+03 7.441846754226677149e+03 6.492625882683314558e+03 6.069332450982207774e+03 5.821067523875231927e+03 5.633831404551323430e+03 5.291372140881785526e+03 8.910076882723742528e+03 2.573754558735981482e+04 7.485102538762557742e+03 3.828151848733134102e+03 3.681202707397405902e+03 3.528847474709364178e+03 3.338412503437952637e+03 3.060588507073757683e+03 2.811363046517644761e+03 2.638832008658284394e+03 2.513930206356715189e+03 2.361688979292565818e+03 2.149991143575412934e+03 1.882231968468959167e+03 8.643818736560971593e+04 2.294834772503764834e+05 2.072622793786090624e+05 1.393709847533282591e+05 9.256500336896470981e+04 6.880833258188571199e+04 5.567636567379035114e+04 4.548079998737557617e+04 3.547954420123543241e+04 2.691389190121036154e+04 2.089299273438863747e+04 1.744311495740466489e+04 1.556973392594018151e+04 1.391514226464567946e+04 1.203005903206592666e+04 9.913452952118215762e+03 1.169213575796336954e+04 1.709626834143398446e+04 9.393076006806208170e+03 5.905447628644545148e+03 5.923107923230462802e+03 5.760609301082708043e+03 5.449597268759860526e+03 5.027148637640839297e+03 4.687474976438235899e+03 4.488934963269898617e+03 4.363036714829015182e+03 4.180442137361573259e+03 3.900369535436650040e+03 3.546859545281096416e+03
-5.378371723975419627e+03 -1.575079622026037032e+04 -2.017730705226471173e+02 1.115433395967935940e+04 1.349303710610691996e+04 1.287389347130180249e+04 1.186110260013154766e+04 1.074479791955594555e+04 9.377800799941333025e+03 7.922556963715903294e+03 6.710561174560794825e+03 6.032688027156842509e+03 5.817268745470692920e+03 5.649802198033995410e+03 5.209921767376005846e+03 4.723087400516564230e+03 4.296990800485149521e+03 7.485102538762557742e+03 2.190112036711203837e+04 6.657168922081914388e+03 3.669040687408092708e+03 3.398320203698007845e+03 3.087474709088856798e+03 2.838995132851089693e+03 2.635251013815137412e+03 2.484099035742272008e+03 2.333956972370901894e+03 2.131517974804209189e+03 1.878561391392300266e+03 1.580453725314873964e+03 4.560162013175123866e+04 1.228866309482932556e+05 1.288591686028239492e+05 1.012346598555901437e+05 7.562564153074457136e+04 6.082480359843536280e+04 5.130957580705329019e+04 4.212886070570111042e+04 3.237236453884278308e+04 2.426446415654884186e+04 1.889984067247585335e+04 1.607883011231801902e+04 1.465071074714978386e+04 1.322336996632842056e+04 1.119548302543075624e+04 9.099503318410395877e+03 7.342464713232097893e+03 9.610954188732743205e+03 1.433868199210912280e+04 8.026833511239943618e+03 5.364849224234876601e+03 5.154145049130229381e+03 4.785398602251344528e+03 4.462710336520192868e+03 4.228844404410923744e+03 4.098337891360608410e+03 3.983376732858720970e+03 3.789183617584069907e+03 3.517255950024038611e+03 3.188621166647100836e+03
-1.180998017096784497e+04 -3.389492220207080391e+04 -1.564027240683590571e+04 1.781026117257626993e+03 8.441879828028835618e+03 1.029559320287607625e+04 1.091973445055151751e+04 1.074150834455559743e+04 9.577398525982367573e+03 7.955913034513234379e+03 6.565782369877059864e+03 5.848898745144608256e+03 5.771558335557730970e+03 5.790888649406499098e+03 5.435787294411702533e+03 4.721132687654846450e+03 4.099405015791293408e+03 3.828151848733134102e+03 6.657168922081914388e+03 1.903655116205093145e+04 6.243949916678178852e+03 3.533223088627423294e+03 3.105136845940984131e+03 2.731047631053000259e+03 2.535462979679996351e+03 2.413581662326761034e+03 2.275318110007920495e+03 2.045072742120545627e+03 1.741985242170198035e+03 1.391261004263634732e+03 3.082625516729900482e+04 8.210347903992893407e+04 9.361450886660561082e+04 7.941960250123232254e+04 6.336671459537377814e+04 5.386699719188339077e+04 4.776265294730093592e+04 4.067866981826811389e+04 3.170584182691008755e+04 2.363575188891553989e+04 1.816255873347374290e+04 1.538328871261923632e+04 1.427737108018054641e+04 1.326965250086327796e+04 1.149316152555618464e+04 9.241082012139024300e+03 7.323640128066386751e+03 6.211966967211001247e+03 8.397360026881895465e+03 1.256026068532609497e+04 7.668134820322280575e+03 5.075458647564933926e+03 4.616719614824705786e+03 4.176569916693208143e+03 3.979893202146381554e+03 3.928984074735404647e+03 3.882204868261260344e+03 3.702341437748486896e+03 3.408058815962213885e+03 3.049626450577722608e+03
2.893460419405811081e+03 -1.344097710845344864e+03 3.240170403030088892e+03 8.134132437925595696e+03 9.605313250038154365e+03 9.989861744976082264e+03 1.063516680507592901e+04 1.097702128658347283e+04 1.009798953677112331e+04 8.372333988624259291e+03 6.736700446632839885e+03 5.830819131122594627e+03 5.721350842021181961e+03 5.858107724922983834e+03 5.623737281441185587e+03 4.938657190014786465e+03 4.113310446450210293e+03 3.681202707397405902e+03 3.669040687408092708e+03 6.243949916678178852e+03 1.670885087203073999e+04 5.645638269845821924e+03 3.171116242288880130e+03 2.711154097016554260e+03 2.416583064359333093e+03 2.303705161991748355e+03 2.196734316463755022e+03 1.992752194513359427e+03 1.688802006700218044e+03 1.328707207640999968e+03 5.146829342432174599e+04 1.258267067273779830e+05 1.149430344742322632e+05 8.290370347427175147e+04 6.049237714779880480e+04 4.978139825991311227e+04 4.454823722749244189e+04 3.912115976055742067e+04 3.131286101795541617e+04 2.350535275930322678e+04 1.784457184090748342e+04 1.486678612077318030e+04 1.381953134503418551e+04 1.314611365922202822e+04 1.169529852531274446e+04 9.567733829905952007e+03 7.461456955322249996e+03 6.189785799686353130e+03 5.724528116028319346e+03 7.974076042681233957e+03 1.141768631265988188e+04 6.960112653085260717e+03 4.454343082692712414e+03 3.935653458307100664e+03 3.661864669607798533e+03 3.663797152355745311e+03 3.696174449159857886e+03 3.574680972221592583e+03 3.289097064962034892e+03 2.923955687269297414e+03
2.032116592930131810e+04 4.398378298867568083e+04 3.477760921011905884e+04 2.183958291713976359e+04 1.454524703636562117e+04 1.142110495676710707e+04 1.071824927656255022e+04 1.076779054166875721e+04 1.000534951607782023e+04 8.377025131982791208e+03 6.725020700001299701e+03 5.718685900367330760e+03 5.484323432909577605e+03 5.575588713203500447e+03 5.416188504807900244e+03 4.842389786723189900e+03 4.088550380100658458e+03 3.528847474709364178e+03 3.398320203698007845e+03 3.533223088627423294e+03 5.645638269845821924e+03 1.451243807209369515e+04 4.878341590335254295e+03 2.664155243811197579e+03 2.298268198536989985e+03 2.098171746435583373e+03 2.010531500023844956e+03 1.859834373386915559e+03 1.607022859995124691e+03 1.295483748314951299e+03 7.621782974141520390e+04 1.900814195948488195e+05 1.570505829768418334e+05 9.838491104409171385e+04 6.357001433682240895e+04 4.813401561552858038e+04 4.141608883274214168e+04 3.631687282752915053e+04 2.951617470342817251e+04 2.243495090397790409e+04 1.704866643148837466e+04 1.405820050994257326e+04 1.292565517570413977e+04 1.231255383603900555e+04 1.111237602188661549e+04 9.245118425443779415e+03 7.304805805913894801e+03 5.967490923125239533e+03 5.447769336729697898e+03 5.374473927712064324e+03 7.074509669960170868e+03 9.993290174533427489e+03 5.755887331381507465e+03 3.546371965684059433e+03 3.241416023840786693e+03 3.190453902007430770e+03 3.265437706178914596e+03 3.210812744041835685e+03 2.981902437392919637e+03 2.672440689247748196e+03
2.790824133587055258e+04 6.466130599930078461e+04 5.085841312605176063e+04 3.020204214509045414e+04 1.823626851591219383e+04 1.281104132482846762e+04 1.072326139550179687e+04 1.002101495407334187e+04 9.135552328743557155e+03 7.722701965515341726e+03 6.308878541604050042e+03 5.395344688611156016e+03 5.076185449172380686e+03 5.033799405061993639e+03 4.860346984852040805e+03 4.413419298114964477e+03 3.816718607910890569e+03 3.338412503437952637e+03 3.087474709088856798e+03 3.105136845940984131e+03 3.171116242288880130e+03 4.878341590335254295e+03 1.247810155916980148e+04 4.055023554062383027e+03 2.156790503820622689e+03 1.880280053718405497e+03 1.724245375118609445e+03 1.608101117208706910e+03 1.408877398961841209e+03 1.161215314543680051e+03 8.452838288408340304e+04 2.131034767247514101e+05 1.741177049222282367e+05 1.059357594722642680e+05 6.532680635689499468e+04 4.695390489001118112e+04 3.844867828858918074e+04 3.268906647326709572e+04 2.637834925117614330e+04 2.020956834136589168e+04 1.554977456931545748e+04 1.288446279805384802e+04 1.171789317240452147e+04 1.098402953288922799e+04 9.865772336230380461e+03 8.291956122731462528e+03 6.677623509435512460e+03 5.544536890423240038e+03 4.971971592526757377e+03 4.809730691307349844e+03 4.612264743856914720e+03 5.913300113445529860e+03 8.344887898503053293e+03 4.560229866496241812e+03 2.762202706081856832e+03 2.665319138952962930e+03 2.679639314082998681e+03 2.667444101111257623e+03 2.507838018221401398e+03 2.289993936217390910e+03
1.952498717373883846e+04 4.688569074261713831e+04 4.060142495206549938e+04 2.670466578740886325e+04 1.744601188859577451e+04 1.265165296232913897e+04 1.030516430177107395e+04 9.080027221638923947e+03 7.985448555078461141e+03 6.749620002560623107e+03 5.634978412062200732e+03 4.927050181781760330e+03 4.631435714603536326e+03 4.495476465208419540e+03 4.268330933530716720e+03 3.887657626626668389e+03 3.431415053132844150e+03 3.060588507073757683e+03 2.838995132851089693e+03 2.731047631053000259e+03 2.711154097016554260e+03 2.664155243811197579e+03 4.055023554062383027e+03 1.072496115720980742e+04 3.327474397321056131e+03 1.684201518698008613e+03 1.457203275975352881e+03 1.280644408843547808e+03 1.095284322311068081e+03 8.746903630465938022e+02 6.664200757110011182e+04 1.733908542820786533e+05 1.490000679940243717e+05 9.529813939027409651e+04 6.094798111205922032e+04 4.431137955253901600e+04 3.567620140303990047e+04 2.935429317924823408e+04 2.312986387766272310e+04 1.766315197450760752e+04 1.377428380255133743e+04 1.159660589427337436e+04 1.054474884537731305e+04 9.716737305709979410e+03 8.586202779269369785e+03 7.205836195967423009e+03 5.899817357387417360e+03 5.005564524651650572e+03 4.528637514392783487e+03 4.258618598536444551e+03 3.990098729929139154e+03 3.597517137237042334e+03 4.642042695271104094e+03 6.646663386259011531e+03 3.650981223543856231e+03 2.231140272062911208e+03 2.181824448462861255e+03 2.129955702499562904e+03 2.017781397842360775e+03 1.872566443237842122e+03
5.583824503183406705e+03 1.171195890454560868e+04 1.621135307639604616e+04 1.577805483006778195e+04 1.314396185793502082e+04 1.096970811110809882e+04 9.509903455250956540e+03 8.372013104007390211e+03 7.185357295159426940e+03 5.998524478253406414e+03 5.039886882848544701e+03 4.486614718901741071e+03 4.281996183688956989e+03 4.158026382361484139e+03 3.907463886222901237e+03 3.528704792019649176e+03 3.118585046141208295e+03 2.811363046517644761e+03 2.635251013815137412e+03 2.535462979679996351e+03 2.416583064359333093e+03 2.298268198536989985e+03 2.156790503820622689e+03 3.327474397321056131e+03 9.233922551370018482e+03 2.707143611762788169e+03 1.251139564036926913e+03 9.971003512193003644e+02 7.326540216635791012e+02 4.863878524252127136e+02 4.035778955065215996e+04 1.067659140650290065e+05 1.021077665774186898e+05 7.356959198286529863e+04 5.174237256947444985e+04 4.006680132294185751e+04 3.313829637055349303e+04 2.712660527120529878e+04 2.097394523624431895e+04 1.582331833935791656e+04 1.236557286761845353e+04 1.053978722408203612e+04 9.686972358458737290e+03 8.919567396724818536e+03 7.807832568808426913e+03 6.503850959285349745e+03 5.341022323651319311e+03 4.594436360387711829e+03 4.215905695040386490e+03 3.980608384555970588e+03 3.641519425805091487e+03 3.212576334986091751e+03 2.772974138667038915e+03 3.667518294873173090e+03 5.750402299480421789e+03 3.198758995110578326e+03 1.889768203331328550e+03 1.790829165907186962e+03 1.647582727559122304e+03 1.526331927788621215e+03
-3.378362132723689683e+03 -1.142240215689885918e+04 -1.135628847033160127e+03 6.832821335487447868e+03 8.922457213985791896e+03 8.954294662494676231e+03 8.636756107944314863e+03 8.005163955765554419e+03 6.920169957427697227e+03 5.696199086100534259e+03 4.710952802276016882e+03 4.175521697741269236e+03 4.037337677042225096e+03 3.991703916654901150e+03 3.777094588772971292e+03 3.387328046286906101e+03 2.952792179260702596e+03 2.638832008658284394e+03 2.484099035742272008e+03 2.413581662326761034e+03 2.303705161991748355e+03 2.098171746435583373e+03 1.880280053718405497e+03 1.684201518698008613e+03 2.707143611762788169e+03 7.974842531427341783e+03 2.152715281529148342e+03 7.959154285848226209e+02 4.542066852627176559e+02 1.209852787621189378e+02 2.317675227468946832e+04 6.227743756199414202e+04 6.821255912657361478e+04 5.568548445052606985e+04 4.299057257264743384e+04 3.557191952787333139e+04 3.084110637732173200e+04 2.587489393082923925e+04 2.007006483947454399e+04 1.499964906386692019e+04 1.159156582972867545e+04 9.849772354977212672e+03 9.147848841164595797e+03 8.555865634309884626e+03 7.554011684863740811e+03 6.281759258495490940e+03 5.119977105536285308e+03 4.391064622173178577e+03 4.069757045428033052e+03 3.907767845679675247e+03 3.618643453676364516e+03 3.138170756720500322e+03 2.642184565282437688e+03 2.262679193938318804e+03 3.204309368677641032e+03 5.316362007822115629e+03 2.838674616824067016e+03 1.649857507162128059e+03 1.464151616522482755e+03 1.293649380106852959e+03
