7.295723146021808684e+07 4.245187882615480572e+06 2.863518979019080289e+05 1.110650454898918397e+05 4.673798767668647633e+04 3.851511420020498917e+04 3.415762804510674323e+04 3.120954148698866993e+04 2.750363026234937570e+04 2.290552633865903044e+04 1.860149656489848712e+04 1.560510721622475103e+04 1.418602241046629206e+04 1.356162726741482402e+04 1.281903641500897356e+04 1.152634650616512590e+04 9.797740144107097876e+03 8.310415356362089369e+03 7.409705168788503215e+03 7.049350110153160131e+03 6.934448623280986794e+03 6.585910087152181404e+03 5.968023431294315742e+03 5.219449633036832893e+03 4.608539018851006404e+03 4.271174384770863981e+03 4.157165413721926598e+03 4.058848301827537398e+03 3.854991075631075546e+03 3.524003069838143347e+03 1.766706742712770402e+07 -9.495666273606772302e+05 -2.641370295995616470e+05 -3.862563740769933793e+04 3.665815725922562706e+04 2.968755739409899252e+04 2.608184893367186305e+04 2.431858598781602632e+04 2.226630575638776281e+04 1.898167680919713530e+04 1.527502085914777126e+04 1.224579617790762495e+04 1.079124183329702100e+04 1.050996722049557866e+04 1.042678444553283407e+04 9.779430175767596666e+03 8.307097603302787320e+03 6.745669343409066641e+03 5.713983871742157135e+03 5.374445181852410315e+03 5.553664202075826324e+03 5.533348193239275133e+03 5.123065064328067820e+03 4.385323085738624286e+03 3.684692038982919257e+03 3.300680008061437547e+03 3.272659639099589185e+03 3.333686492537531194e+03 3.273610716322429653e+03 2.995828025194043221e+03
4.245187882615480572e+06 1.592705050610814989e+07 1.202228417920712847e+06 1.587661671831370913e+05 4.672702626066998346e+04 5.073653338130131306e+04 4.410377391444161185e+04 4.009811478271118540e+04 3.634986914998228167e+04 3.134371859157461950e+04 2.582657933847972163e+04 2.120520818635058822e+04 1.857217475977484719e+04 1.761035922735764325e+04 1.708908042361392290e+04 1.593890628792865027e+04 1.383320096826932422e+04 1.152003173568494094e+04 9.884179133086923684e+03 9.187080061420059792e+03 9.180924052692411351e+03 9.049002122361340298e+03 8.403373411326829228e+03 7.342281658533860536e+03 6.297552055664411455e+03 5.663665384056439507e+03 5.500695630939295370e+03 5.505358692609943319e+03 5.366111536946464184e+03 4.958857982833626011e+03 1.475159504392284900e+06 6.517329694093957543e+06 -9.583278287169602118e+04 -4.328018841708753462e+04 2.300053642653967836e+04 4.425427890578556980e+04 3.824434178190863167e+04 3.534621622119389940e+04 3.332542221155622974e+04 2.965624467908815132e+04 2.447656895654872642e+04 1.933687168875700445e+04 1.621891854457804948e+04 1.546636247045395794e+04 1.576636650049909622e+04 1.546243871682034296e+04 1.359014618483637059e+04 1.090989950868471351e+04 8.801059851826794329e+03 7.952151528949166277e+03 8.310445575826390268e+03 8.688086041922339064e+03 8.326829676374431074e+03 7.183227044773337184e+03 5.845725037046950092e+03 5.006614096846737993e+03 4.906333083532732417e+03 5.154066374950944919e+03 5.240009092222615436e+03 4.889175931885911268e+03
2.863518979019080289e+05 1.202228417920712847e+06 5.459035362398903817e+06 4.883090048458162928e+05 9.202830367878876859e+04 5.753721906623305404e+04 4.105790035484711552e+04 3.635004855965584284e+04 3.253280873633412557e+04 2.852746524982526535e+04 2.420641372199678881e+04 2.034612576345470734e+04 1.767004208262910834e+04 1.623004743006090939e+04 1.535811360557610533e+04 1.428438704710513048e+04 1.269146546561721698e+04 1.088995791961908253e+04 9.448527793507189926e+03 8.652278051999248419e+03 8.353671088530634734e+03 8.110347930412248388e+03 7.580611481451494910e+03 6.773245808087433034e+03 5.944769628000254670e+03 5.363229705776226183e+03 5.099508931041402320e+03 4.994662801728905833e+03 4.831944376333514811e+03 4.511420082059337801e+03 6.944625349167923559e+04 4.733833715523658320e+05 2.198892697935848497e+06 2.386002710749572725e+04 5.135034071463036526e+03 2.531864471248364862e+04 3.340548132564220577e+04 3.025251896923348977e+04 2.802113420655888694e+04 2.535994917911023367e+04 2.171525924190115620e+04 1.789560514618954039e+04 1.509435225097202056e+04 1.384429211407306138e+04 1.354627770269933171e+04 1.310818857102816401e+04 1.182848893124226015e+04 9.935157138635131560e+03 8.253764284768021753e+03 7.382988337782265262e+03 7.301418128925408382e+03 7.414739182148459804e+03 7.129952824777132264e+03 6.336693246221074332e+03 5.366549296447237793e+03 4.667761667245900753e+03 4.437642245031395760e+03 4.493191286037426835e+03 4.496719815334630766e+03 4.248878497742962281e+03
1.110650454898918397e+05 1.587661671831370913e+05 4.883090048458162928e+05 2.331584150702039711e+06 2.445125772387010511e+05 5.903588432433598791e+04 4.033516604622476734e+04 3.048252600996312685e+04 2.681393990196794039e+04 2.365250735674115276e+04 2.062382308429083059e+04 1.778485874473991862e+04 1.546585035200916900e+04 1.382119277357011015e+04 1.268080843761557117e+04 1.167799168957006623e+04 1.055926746753865154e+04 9.351710774490633412e+03 8.266151382361060314e+03 7.485347770976664833e+03 6.999219538414778071e+03 6.631162543321141129e+03 6.205889086946615862e+03 5.667819003048187369e+03 5.106390817687461094e+03 4.645625777509450927e+03 4.340933900279435875e+03 4.143835907939844219e+03 3.958069295989141210e+03 3.719121877468966431e+03 3.712857965069201600e+04 6.913208026998178684e+04 1.731802691803507332e+05 8.335728085076515563e+05 2.288230677981210465e+04 9.025511902906382602e+03 1.821604090190042916e+04 2.225182236069269857e+04 2.029769409723876743e+04 1.849958937585851891e+04 1.646731148633980774e+04 1.422637800655941646e+04 1.225246741381718311e+04 1.091982280909031033e+04 1.018302265836023798e+04 9.623139117508468189e+03 8.842731278064406069e+03 7.793690543089000130e+03 6.745983622445868605e+03 6.010977233951227390e+03 5.664675720115863442e+03 5.503293492586475622e+03 5.263183788752554392e+03 4.818515023732194095e+03 4.267818405026799155e+03 3.800642387844468431e+03 3.533816932054277913e+03 3.427404103220051184e+03 3.346354485230737282e+03 3.180153907636376061e+03
4.673798767668647633e+04 4.672702626066998346e+04 9.202830367878876859e+04 2.445125772387010511e+05 1.232601388879401609e+06 1.467819435023833648e+05 4.140326311436398828e+04 2.968205514156825666e+04 2.306915590600837459e+04 2.030913009916816372e+04 1.795579262614057370e+04 1.579504418599498422e+04 1.382881703752587055e+04 1.219739339016583835e+04 1.094714377259853427e+04 9.970804307268619596e+03 9.093267630154252402e+03 8.218116437661450618e+03 7.371994093069110022e+03 6.645712672454625135e+03 6.090835942087885996e+03 5.668616446853588059e+03 5.292964374910818151e+03 4.901268963693235492e+03 4.492330438269370461e+03 4.114169421784816222e+03 3.808110249124501024e+03 3.575076877174631591e+03 3.380864777314583080e+03 3.186656238505566762e+03 2.323385612794344343e+04 3.229860330551047809e+04 3.940546858608632465e+04 7.655091332572288229e+04 3.775999708865062566e+05 1.258096147040594951e+04 7.696420171478769589e+03 1.260400726453374227e+04 1.502335590157696788e+04 1.379420260691164367e+04 1.263013235941176208e+04 1.137065444990447213e+04 1.004501910136659717e+04 8.878449143918234768e+03 8.019124312761061447e+03 7.413969837105392799e+03 6.872457229603676751e+03 6.259490317249026702e+03 5.594571305155426671e+03 5.001737234672249542e+03 4.579645337377980468e+03 4.306778927397666848e+03 4.080003095573984865e+03 3.808746104032939002e+03 3.479810577787876355e+03 3.156149417775523489e+03 2.904212779924474489e+03 2.738469034510629172e+03 2.619250687259287588e+03 2.491556069724103509e+03
3.851511420020498917e+04 5.073653338130131306e+04 5.753721906623305404e+04 5.903588432433598791e+04 1.467819435023833648e+05 7.647851445753211156e+05 1.000763116119235638e+05 3.153005706030743022e+04 2.336668759292229515e+04 1.857231162699978086e+04 1.644373169629763288e+04 1.464831678181807001e+04 1.299769033564148958e+04 1.147532473452180238e+04 1.017932518966435237e+04 9.150766600417893642e+03 8.330268251883939229e+03 7.606153498354431576e+03 6.909189865927981373e+03 6.250585915981737344e+03 5.676678458763803064e+03 5.214085073822469894e+03 4.839165700554156501e+03 4.503133827453573758e+03 4.172872266956150270e+03 3.848219037602721983e+03 3.552943908458609258e+03 3.304705906798146771e+03 3.100477839617099562e+03 2.920902918252036216e+03 1.826992210367404186e+04 3.304181917091923242e+04 2.838148385019312991e+04 2.091021897085128148e+04 3.852090955896148080e+04 2.068333961411385098e+05 9.668782717922964366e+03 6.370744572925588727e+03 9.396616549226189818e+03 1.105624902458102588e+04 1.030435220297195337e+04 9.572182850368568324e+03 8.728571291157542873e+03 7.803684048823113699e+03 6.964803845142028877e+03 6.319602961531657456e+03 5.840237400028725460e+03 5.411593938149112546e+03 4.953600527820880416e+03 4.480713129637242673e+03 4.059916804201017385e+03 3.738537916879448858e+03 3.499857330417986759e+03 3.288341481286245653e+03 3.061978555135908209e+03 2.819526825571228073e+03 2.593160677671130543e+03 2.409921407803887632e+03 2.270552243552722757e+03 2.152986862304829629e+03
3.415762804510674323e+04 4.410377391444161185e+04 4.105790035484711552e+04 4.033516604622476734e+04 4.140326311436398828e+04 1.000763116119235638e+05 5.237511581113020657e+05 7.294597695457100053e+04 2.512860825913026565e+04 1.908622648950751318e+04 1.548354667073274322e+04 1.385310215635740678e+04 1.244855274221206491e+04 1.110764670861477862e+04 9.841134050207596374e+03 8.753456468960954226e+03 7.894716830927865885e+03 7.214858851210316061e+03 6.614678771025344759e+03 6.035957391668989658e+03 5.482863327654762543e+03 4.994349541424608105e+03 4.593741987342269567e+03 4.265293917678756770e+03 3.973409421845986799e+03 3.692183073455329577e+03 3.419001600515888640e+03 3.168887217295153278e+03 2.953603044030781803e+03 2.770970090155815342e+03 1.589108547120395815e+04 2.809942114612818114e+04 2.464029613628346851e+04 1.661933935483264941e+04 1.193262648627118870e+04 2.086194842314553534e+04 1.391216582835415029e+05 6.892726545852689014e+03 5.221764562573508556e+03 7.381320373937512159e+03 8.611564716519187641e+03 8.177861106663443024e+03 7.692879480921661525e+03 7.063890563545577606e+03 6.350827858173981440e+03 5.704484906215317096e+03 5.211731027742223887e+03 4.842594985175663169e+03 4.505104690098874926e+03 4.144230229947132102e+03 3.772119986105893986e+03 3.438570333299155209e+03 3.176108130749524207e+03 2.972522970339166932e+03 2.791180299114523223e+03 2.604970214460602620e+03 2.412629398320815199e+03 2.233220140725684359e+03 2.082781029866479003e+03 1.961680446083508286e+03
3.120954148698866993e+04 4.009811478271118540e+04 3.635004855965584284e+04 3.048252600996312685e+04 2.968205514156825666e+04 3.153005706030743022e+04 7.294597695457100053e+04 3.742531531809023581e+05 5.471486259786743904e+04 2.020877277106572728e+04 1.572331977648938482e+04 1.302905699609633666e+04 1.176618371029878108e+04 1.060775804459307619e+04 9.469501907417034090e+03 8.404912022923232144e+03 7.514658591187910133e+03 6.823407798123676912e+03 6.267718817337823566e+03 5.762903633133630137e+03 5.265528675099143584e+03 4.790935286239338893e+03 4.375555030068017004e+03 4.036535302663389302e+03 3.757754611596085397e+03 3.508232571178803482e+03 3.266740643188075865e+03 3.031838042042180405e+03 2.815386190264854122e+03 2.625722852748676814e+03 1.545460803603978820e+04 2.642140170729613601e+04 2.231333755061323609e+04 1.567903139791905414e+04 1.021050499321539610e+04 7.843904698091514547e+03 1.516264551891393239e+04 8.749067407840231317e+04 4.057270726563798235e+03 4.124305104382397985e+03 5.679636387132537493e+03 6.724486199379647587e+03 6.488989568330214752e+03 6.142116767520896246e+03 5.654451460180664071e+03 5.109001460901896280e+03 4.632073250121386081e+03 4.275158245331233957e+03 3.998721090608316445e+03 3.733135099977514528e+03 3.442300767399603501e+03 3.144788772590287863e+03 2.880415752593812613e+03 2.671311486396993132e+03 2.506278008000822410e+03 2.357539548910531721e+03 2.205564178060968516e+03 2.050095561935210753e+03 1.905076190593639922e+03 1.781893199262942289e+03
2.750363026234937570e+04 3.634986914998228167e+04 3.253280873633412557e+04 2.681393990196794039e+04 2.306915590600837459e+04 2.336668759292229515e+04 2.512860825913026565e+04 5.471486259786743904e+04 2.730930225155904191e+05 4.197435178656979406e+04 1.635293071144570240e+04 1.301268877049227740e+04 1.093779100354790717e+04 9.894784104767328245e+03 8.908608903201235080e+03 7.960548012853567343e+03 7.108238697231534388e+03 6.410132219128530778e+03 5.857053456984593140e+03 5.392050282167690966e+03 4.954784581847565278e+03 4.527813497424576781e+03 4.130911333717897833e+03 3.790072444386472853e+03 3.511752791588459331e+03 3.277824731080495894e+03 3.062887466674270399e+03 2.852501528607645014e+03 2.647377749251189925e+03 2.456116284411954894e+03 1.498219216084736763e+04 2.585607297891621056e+04 2.113677878790110117e+04 1.430702581795598962e+04 1.003804511143878335e+04 7.056817909060591774e+03 5.756004902951640361e+03 9.401947826238756534e+03 5.086671603887091624e+04 3.438701998929024285e+03 2.922895406757464116e+03 4.232960271941761675e+03 5.120569036336597492e+03 4.983896045106422207e+03 4.728081066758085399e+03 4.371545825108611098e+03 3.992544638431576914e+03 3.670965088063295752e+03 3.423737360289015669e+03 3.216878225677082355e+03 3.004427743584618838e+03 2.773796548758571589e+03 2.545342337169257917e+03 2.346861956698096037e+03 2.189505564113475884e+03 2.061214888196097945e+03 1.941451145474380610e+03 1.818411904574358687e+03 1.694159208613850069e+03 1.579075616520084168e+03
2.290552633865903044e+04 3.134371859157461950e+04 2.852746524982526535e+04 2.365250735674115276e+04 2.030913009916816372e+04 1.857231162699978086e+04 1.908622648950751318e+04 2.020877277106572728e+04 4.197435178656979406e+04 2.062241152684302360e+05 3.291070933157480613e+04 1.351042850665804508e+04 1.091376784510543439e+04 9.224753253871082052e+03 8.337885114344080648e+03 7.515688142502503069e+03 6.754597602667337924e+03 6.082337657771772683e+03 5.520861141706000126e+03 5.057302061856487853e+03 4.652301307217590875e+03 4.273549687062110024e+03 3.914651396063894026e+03 3.589066746650090863e+03 3.310277781093209342e+03 3.076876627498830658e+03 2.872507813360514774e+03 2.679217797002299449e+03 2.487944334060787696e+03 2.299176119497841228e+03 1.310658336343564406e+04 2.352688884564781256e+04 1.951964631579603883e+04 1.318543105841832948e+04 9.126025382297793840e+03 7.134043583126556769e+03 5.278517003649363687e+03 3.991870622540036493e+03 5.030444444138882318e+03 3.403404114125444903e+04 1.407037435325680690e+03 2.075027866836472185e+03 3.106071273943646702e+03 3.873896344540279188e+03 3.789576033678588374e+03 3.616187279515256705e+03 3.383199998787111781e+03 3.138774907185454140e+03 2.923382759300365251e+03 2.744101989041307206e+03 2.579817890174055719e+03 2.410251095433523005e+03 2.233812241303035080e+03 2.065125297658978525e+03 1.919570466880010827e+03 1.800349573425083236e+03 1.697355072658438985e+03 1.597950795880915848e+03 1.496324075526330262e+03 1.394887669225697664e+03
1.860149656489848712e+04 2.582657933847972163e+04 2.420641372199678881e+04 2.062382308429083059e+04 1.795579262614057370e+04 1.644373169629763288e+04 1.548354667073274322e+04 1.572331977648938482e+04 1.635293071144570240e+04 3.291070933157480613e+04 1.626537431672018138e+05 2.698590451472307905e+04 1.148159849536827096e+04 9.344866359625902987e+03 7.932714521051329939e+03 7.184844943961024910e+03 6.509235960918920682e+03 5.890673158697376493e+03 5.335390885946346316e+03 4.857905661163444165e+03 4.451731640373251139e+03 4.096548499105927476e+03 3.771655199600394553e+03 3.469991329507315641e+03 3.196469983710049746e+03 2.956312425128279756e+03 2.746305804024634654e+03 2.554728155026847162e+03 2.368876184263920550e+03 2.181318706955034941e+03 1.033143550255167793e+04 1.927277171047588490e+04 1.667941777580920461e+04 1.176972845721964768e+04 8.353969223926800623e+03 6.533814169368688454e+03 5.441119650509810526e+03 3.826959964841279543e+03 2.483979980894463097e+03 2.832153383728661538e+03 2.420049247189079324e+04 1.692676588455536603e+03 1.477417898534115011e+03 2.377735045901448302e+03 3.015984060300675083e+03 2.974538024993568797e+03 2.874257352454611009e+03 2.730065156528088210e+03 2.565137433295572009e+03 2.406675879592210549e+03 2.263406184999561447e+03 2.130350519131111014e+03 1.998104489073536797e+03 1.865002542897989997e+03 1.737918060074955974e+03 1.624378400753835876e+03 1.525699683879114218e+03 1.436189958304216816e+03 1.348550238975610227e+03 1.259055204446910466e+03
1.560510721622475103e+04 2.120520818635058822e+04 2.034612576345470734e+04 1.778485874473991862e+04 1.579504418599498422e+04 1.464831678181807001e+04 1.385310215635740678e+04 1.302905699609633666e+04 1.301268877049227740e+04 1.351042850665804508e+04 2.698590451472307905e+04 1.326361228579189919e+05 2.287622129829724145e+04 9.993574518371266095e+03 8.192179289357765811e+03 6.997676958419467155e+03 6.366746726064890936e+03 5.801344636332484697e+03 5.276858297791307450e+03 4.795905665811527797e+03 4.373203072654670905e+03 4.012662336785946536e+03 3.701382848975221350e+03 3.419939533339404534e+03 3.157079245743453157e+03 2.912220782271877397e+03 2.688250200560415578e+03 2.483851690069007418e+03 2.290570687399989765e+03 2.097437878823793653e+03 7.783175168881098216e+03 1.465516351355109691e+04 1.338721433630663159e+04 1.001738593987899367e+04 7.487302032868579772e+03 6.046017586936823136e+03 5.073280926095250834e+03 4.117705130396492677e+03 2.590823626912222608e+03 1.525878159425769127e+03 1.944089221539591335e+03 2.104548541025217492e+04 6.586175995998082726e+02 1.188114743276628360e+03 1.929083003467276285e+03 2.468728268878569452e+03 2.464036295571982919e+03 2.413810688376579947e+03 2.318421670841588821e+03 2.193303497110722219e+03 2.063162462223097464e+03 1.944492612025393555e+03 1.837932528358234549e+03 1.734826467255667012e+03 1.629772527090573476e+03 1.524907949679114608e+03 1.425798441801994159e+03 1.335498218154918959e+03 1.251281158295529622e+03 1.167570972251452076e+03
1.418602241046629206e+04 1.857217475977484719e+04 1.767004208262910834e+04 1.546585035200916900e+04 1.382881703752587055e+04 1.299769033564148958e+04 1.244855274221206491e+04 1.176618371029878108e+04 1.093779100354790717e+04 1.091376784510543439e+04 1.148159849536827096e+04 2.287622129829724145e+04 1.107899042566739372e+05 1.962995077922638302e+04 8.810271975456504151e+03 7.280816230873417226e+03 6.264101365566733875e+03 5.730341282414539819e+03 5.246831766577332019e+03 4.789125158923903655e+03 4.361204037233443159e+03 3.983868900504945486e+03 3.664104100572036259e+03 3.388967191142193769e+03 3.136998113329702392e+03 2.894418367409369239e+03 2.659493527422440820e+03 2.435979225871877588e+03 2.223936512668168689e+03 2.015761641356585642e+03 6.642769432972118011e+03 1.189438662255244708e+04 1.097085761345758146e+04 8.435582849398851977e+03 6.523820764940721347e+03 5.485867994126330814e+03 4.751242466200123090e+03 3.903459659308286973e+03 2.955052902332569829e+03 1.722838528644520011e+03 9.978721672834529954e+02 1.769220824366368561e+03 1.374287121461877905e+04 6.847592782365163657e+02 9.846430151158111812e+02 1.607400437594895948e+03 2.082660748862396304e+03 2.106522508147876579e+03 2.085724749681359754e+03 2.016445454889480516e+03 1.913131677424035843e+03 1.804364753586526604e+03 1.707993456993392329e+03 1.623566350384875477e+03 1.540110347991314939e+03 1.450066494630637862e+03 1.354850772606704822e+03 1.260978040045360103e+03 1.172660717580672781e+03 1.087831505410129921e+03
1.356162726741482402e+04 1.761035922735764325e+04 1.623004743006090939e+04 1.382119277357011015e+04 1.219739339016583835e+04 1.147532473452180238e+04 1.110764670861477862e+04 1.060775804459307619e+04 9.894784104767328245e+03 9.224753253871082052e+03 9.344866359625902987e+03 9.993574518371266095e+03 1.962995077922638302e+04 9.336555533048942743e+04 1.684965973992401996e+04 7.785005678285005160e+03 6.487887310725393036e+03 5.626058716969014313e+03 5.171813356509172991e+03 4.751212442574031229e+03 4.344752947954644696e+03 3.963114799658508218e+03 3.627466209172839626e+03 3.342206570303165336e+03 3.091882803249349308e+03 2.854228749595487898e+03 2.616159922723319141e+03 2.377266023308195145e+03 2.141836099521273354e+03 1.909592964299482446e+03 6.742653147591121524e+03 1.154466503868323707e+04 1.010577199176726390e+04 7.461153187640702527e+03 5.684567472512155291e+03 4.842265560854091746e+03 4.330870869744176161e+03 3.666649709842685297e+03 2.815329768279538712e+03 2.061596062357314622e+03 1.192904282992657045e+03 7.534771478389434378e+02 9.534099432355935733e+02 1.108838249928017103e+04 3.404222268373143265e+02 7.819612186322452771e+02 1.323569029870025588e+03 1.753730055083222624e+03 1.796865474283604271e+03 1.793201924291904106e+03 1.740162791117296592e+03 1.656312765556826662e+03 1.569258681290498771e+03 1.493384342757197373e+03 1.425137292338945372e+03 1.352542661717624469e+03 1.268791933383695323e+03 1.176646148074558369e+03 1.083074039488193421e+03 9.918421172531975571e+02
1.281903641500897356e+04 1.708908042361392290e+04 1.535811360557610533e+04 1.268080843761557117e+04 1.094714377259853427e+04 1.017932518966435237e+04 9.841134050207596374e+03 9.469501907417034090e+03 8.908608903201235080e+03 8.337885114344080648e+03 7.932714521051329939e+03 8.192179289357765811e+03 8.810271975456504151e+03 1.684965973992401996e+04 7.945319349472137401e+04 1.455617388026324625e+04 6.886585562424146701e+03 5.787797579592811417e+03 5.052414784593831428e+03 4.659004642547979529e+03 4.285813222491835404e+03 3.922866273030942466e+03 3.582326009457150121e+03 3.280829477022455649e+03 3.018142336471534691e+03 2.777382973705658060e+03 2.538213607633494576e+03 2.290350807849718876e+03 2.034411932767397047e+03 1.773752853176813460e+03 7.143785548599611502e+03 1.233164025660250991e+04 1.023431889776043681e+04 7.079775900725258907e+03 5.124450953855784974e+03 4.259918990515245241e+03 3.829985359940897979e+03 3.330926739782676123e+03 2.631847173828556151e+03 1.957535460140555415e+03 1.485736652202033383e+03 9.127750965041509517e+02 5.476401440539032137e+02 7.655735034697437413e+02 8.665235654434101889e+03 1.897918110202671187e+02 5.781736407872283507e+02 1.053832250729958560e+03 1.453359889621844104e+03 1.506509056885868176e+03 1.511977212150018204e+03 1.473263539901240165e+03 1.409067922629946679e+03 1.341909287124365392e+03 1.280980511467158067e+03 1.220751157825066912e+03 1.150761479553632626e+03 1.066764224298732415e+03 9.724717074779462109e+02 8.739154960982406237e+02
1.152634650616512590e+04 1.593890628792865027e+04 1.428438704710513048e+04 1.167799168957006623e+04 9.970804307268619596e+03 9.150766600417893642e+03 8.753456468960954226e+03 8.404912022923232144e+03 7.960548012853567343e+03 7.515688142502503069e+03 7.184844943961024910e+03 6.997676958419467155e+03 7.280816230873417226e+03 7.785005678285005160e+03 1.455617388026324625e+04 6.807538534968985186e+04 1.279839827637825874e+04 6.133075234548488879e+03 5.188270586678536347e+03 4.549428683384297074e+03 4.198249011904430517e+03 3.861431700295081100e+03 3.533258883894263818e+03 3.222767567959152984e+03 2.940519913477060527e+03 2.682853268163335088e+03 2.434039521244381831e+03 2.177451110998052172e+03 1.905148013069664330e+03 1.617340403821972359e+03 6.973858276574021147e+03 1.250149697845392075e+04 1.020875419491426874e+04 6.857353668844720232e+03 4.792705377311795019e+03 3.842341995566895093e+03 3.376703254532526444e+03 2.942041970797031354e+03 2.382337997222320610e+03 1.825947361668349231e+03 1.410363421636970770e+03 1.160561321704924012e+03 7.147087646062527710e+02 3.834852063935570641e+02 3.365610779461459288e+02 6.622774327454443664e+03 5.780759951174860589e+01 3.912495353222777794e+02 8.382777529884832575e+02 1.194919347586279400e+03 1.249189118434598186e+03 1.260133703594442977e+03 1.233715981921903222e+03 1.185062202614369198e+03 1.130321922882340914e+03 1.074651198029761417e+03 1.012926272946393169e+03 9.378006745421896539e+02 8.471188058667613632e+02 7.442093129062330945e+02
9.797740144107097876e+03 1.383320096826932422e+04 1.269146546561721698e+04 1.055926746753865154e+04 9.093267630154252402e+03 8.330268251883939229e+03 7.894716830927865885e+03 7.514658591187910133e+03 7.108238697231534388e+03 6.754597602667337924e+03 6.509235960918920682e+03 6.366746726064890936e+03 6.264101365566733875e+03 6.487887310725393036e+03 6.886585562424146701e+03 1.279839827637825874e+04 5.915761558256826538e+04 1.128871451790323772e+04 5.518180438117306039e+03 4.692692295083540557e+03 4.121401558845662294e+03 3.798493731779391965e+03 3.486458185911598321e+03 3.179012501613185123e+03 2.880687458863554639e+03 2.597575277662746885e+03 2.325420523083189437e+03 2.051344170393328568e+03 1.761662197267172360e+03 1.449109151523425453e+03 5.850057391173028009e+03 1.098369866741282203e+04 9.256942855924675314e+03 6.363934402635923107e+03 4.494776082600816153e+03 3.567338760447709319e+03 3.055903863595179700e+03 2.608896462338073434e+03 2.116114966233395535e+03 1.664690461754012176e+03 1.328328787659540922e+03 1.111999772010472952e+03 9.501304182406395284e+02 5.412925519048775413e+02 2.044511814351922681e+02 -2.582812294304456913e+00 5.735311654709913455e+03 -9.187580466243463206e+01 2.858649825899362895e+02 6.732490071218123830e+02 9.917106307916367314e+02 1.042397219867141303e+03 1.055509468260202993e+03 1.035585737613560013e+03 9.930595744561278480e+02 9.392688189804309786e+02 8.780426132498446350e+02 8.062751884054306402e+02 7.189968666417897794e+02 6.145710796720767348e+02
8.310415356362089369e+03 1.152003173568494094e+04 1.088995791961908253e+04 9.351710774490633412e+03 8.218116437661450618e+03 7.606153498354431576e+03 7.214858851210316061e+03 6.823407798123676912e+03 6.410132219128530778e+03 6.082337657771772683e+03 5.890673158697376493e+03 5.801344636332484697e+03 5.730341282414539819e+03 5.626058716969014313e+03 5.787797579592811417e+03 6.133075234548488879e+03 1.128871451790323772e+04 5.200429701360558101e+04 1.008632898198687872e+04 5.017453736823963482e+03 4.273103234737198363e+03 3.748242977834150224e+03 3.440999476892236999e+03 3.139112685114921987e+03 2.834096538731791497e+03 2.527327012158542857e+03 2.223327447527072763e+03 1.919110829172198237e+03 1.603988875952754597e+03 1.265469061145420937e+03 4.494094694344925301e+03 8.525177688086861963e+03 7.592339672350844012e+03 5.541149132490317243e+03 4.094360917903600694e+03 3.327660366068674193e+03 2.847496151172809277e+03 2.385538364462700883e+03 1.903233404153890433e+03 1.502373935547619567e+03 1.232024470208554249e+03 1.065400341641924342e+03 9.262380186924029886e+02 7.646059395507905947e+02 3.700326046727329867e+02 6.287879216871174748e+01 1.960422687792428675e+01 3.034412167380511164e+03 -8.665333341977829207e+01 2.083918507159100955e+02 5.529132358554138591e+02 8.346968127108407316e+02 8.787501306170870521e+02 8.887756361785717445e+02 8.665166756629043903e+02 8.189506724654581831e+02 7.553718429668898580e+02 6.801351751549509572e+02 5.916002437348952299e+02 4.855508029081506720e+02
7.409705168788503215e+03 9.884179133086923684e+03 9.448527793507189926e+03 8.266151382361060314e+03 7.371994093069110022e+03 6.909189865927981373e+03 6.614678771025344759e+03 6.267718817337823566e+03 5.857053456984593140e+03 5.520861141706000126e+03 5.335390885946346316e+03 5.276858297791307450e+03 5.246831766577332019e+03 5.171813356509172991e+03 5.052414784593831428e+03 5.188270586678536347e+03 5.518180438117306039e+03 1.008632898198687872e+04 4.628355994270555675e+04 9.064032146806239325e+03 4.568090142723314784e+03 3.883781338846440576e+03 3.389577882644035071e+03 3.083936539916870970e+03 2.775209025707699766e+03 2.453488871655113144e+03 2.119223167853168889e+03 1.777152270228706584e+03 1.425277997655190120e+03 1.053720844075437981e+03 3.595116806901598466e+03 6.567335549475055814e+03 6.078368367745779324e+03 4.673589030740805356e+03 3.613062101370815526e+03 3.044339441181718030e+03 2.665070900892667851e+03 2.239583999386294636e+03 1.762566887176503997e+03 1.371764070567007821e+03 1.128890279722254945e+03 1.002658654303807793e+03 9.007591164624345765e+02 7.598373288109144141e+02 5.849684912413310940e+02 2.278480542338493819e+02 -1.496583283901709294e+01 -2.628116616233853620e+02 3.439903160687238142e+03 -2.787203031404895910e+02 1.496218438903426602e+02 4.510499383337341897e+02 6.972349707902712908e+02 7.307042474614484036e+02 7.308584407514058512e+02 6.972948082666589471e+02 6.355196814407638612e+02 5.545079696678390064e+02 4.590153249663644601e+02 3.476912804997770081e+02
7.049350110153160131e+03 9.187080061420059792e+03 8.652278051999248419e+03 7.485347770976664833e+03 6.645712672454625135e+03 6.250585915981737344e+03 6.035957391668989658e+03 5.762903633133630137e+03 5.392050282167690966e+03 5.057302061856487853e+03 4.857905661163444165e+03 4.795905665811527797e+03 4.789125158923903655e+03 4.751212442574031229e+03 4.659004642547979529e+03 4.549428683384297074e+03 4.692692295083540557e+03 5.017453736823963482e+03 9.064032146806239325e+03 4.132243544574196130e+04 8.177708580756733681e+03 4.128228122960990731e+03 3.484259767660003035e+03 3.002022545112099124e+03 2.681985741768540720e+03 2.348676758556017376e+03 1.992382679733779241e+03 1.613995614325012411e+03 1.218380209270363594e+03 8.035430236897391296e+02 3.394702351918265776e+03 5.872890693946879765e+03 5.366448655702455653e+03 4.099495731228396835e+03 3.182255040906061367e+03 2.730168835758866408e+03 2.452096695267526229e+03 2.104017366683457112e+03 1.664295553707234831e+03 1.280128400639792744e+03 1.038693274141253823e+03 9.254073749495407810e+02 8.540175774997831013e+02 7.467097154196399060e+02 5.916923898442132668e+02 4.299915463334465358e+02 1.360695199224492171e+02 -7.884295063556427863e+01 -1.905470129606817409e+02 2.618831345323519599e+03 -2.725833274031640485e+02 7.783976350070322781e+01 3.390868559660053734e+02 5.518005545438347781e+02 5.694811210900749074e+02 5.527287699838063872e+02 5.003643716585979746e+02 4.176905925383794624e+02 3.134129209113386310e+02 1.919223566079229499e+02
6.934448623280986794e+03 9.180924052692411351e+03 8.353671088530634734e+03 6.999219538414778071e+03 6.090835942087885996e+03 5.676678458763803064e+03 5.482863327654762543e+03 5.265528675099143584e+03 4.954784581847565278e+03 4.652301307217590875e+03 4.451731640373251139e+03 4.373203072654670905e+03 4.361204037233443159e+03 4.344752947954644696e+03 4.285813222491835404e+03 4.198249011904430517e+03 4.121401558845662294e+03 4.273103234737198363e+03 4.568090142723314784e+03 8.177708580756733681e+03 3.692208775929241529e+04 7.345390657014386306e+03 3.660619870700436877e+03 3.035526824236682842e+03 2.548450488114337077e+03 2.196733599211062938e+03 1.821354531020472677e+03 1.413958328836248711e+03 9.758376459135140522e+02 5.112033994652512661e+02 3.753507180191739280e+03 6.417594393148492600e+03 5.458295436867450917e+03 3.910882979226372299e+03 2.906990248410041204e+03 2.450080381041261717e+03 2.214665848696459307e+03 1.937622116956877562e+03 1.560733969977485685e+03 1.206173006733873081e+03 9.672944110340944235e+02 8.498309227930412817e+02 7.871715963557549003e+02 7.080407675334108717e+02 5.838841978457878668e+02 4.390972824474725940e+02 3.151915689670527172e+02 7.043840358055562945e+01 -9.738510095772238628e+01 -2.095575968264897426e+02 1.653204983350727161e+03 -3.224882413500539542e+02 -2.027928464395059649e+01 2.042634287449923249e+02 3.786194798548540916e+02 3.745030135965970430e+02 3.341387532623316474e+02 2.567089589359142110e+02 1.474625891148410233e+02 1.426785052169165269e+01
6.585910087152181404e+03 9.049002122361340298e+03 8.110347930412248388e+03 6.631162543321141129e+03 5.668616446853588059e+03 5.214085073822469894e+03 4.994349541424608105e+03 4.790935286239338893e+03 4.527813497424576781e+03 4.273549687062110024e+03 4.096548499105927476e+03 4.012662336785946536e+03 3.983868900504945486e+03 3.963114799658508218e+03 3.922866273030942466e+03 3.861431700295081100e+03 3.798493731779391965e+03 3.748242977834150224e+03 3.883781338846440576e+03 4.128228122960990731e+03 7.345390657014386306e+03 3.321383593630752875e+04 6.508649806333480228e+03 3.138353231736393354e+03 2.514132216784528282e+03 2.002463049023659551e+03 1.601118160494100948e+03 1.166667382554081541e+03 6.920534114205831884e+02 1.782517147145046579e+02 3.924635881665734814e+03 6.989696568005883819e+03 5.747150411350668946e+03 3.901602936436775508e+03 2.767967787837761534e+03 2.251818578531030653e+03 1.998487553920280789e+03 1.751979944965320556e+03 1.432914155595747616e+03 1.126031073884229045e+03 9.076909189319068219e+02 7.885775151372508844e+02 7.206404568844218375e+02 6.505808306896938120e+02 5.524029240673099821e+02 4.334231930974815441e+02 3.217517037281935472e+02 2.331515133099144919e+02 2.418514788623349787e+01 -1.449550578189838177e+02 -3.396374652042889011e+02 8.718853191888166521e+02 -4.994354926208770848e+02 -1.449039402105063914e+02 3.548145224054118074e+01 1.697952002779173029e+02 1.372458349109629125e+02 6.690588489831581853e+01 -4.144582902321104712e+01 -1.830755886862853004e+02
5.968023431294315742e+03 8.403373411326829228e+03 7.580611481451494910e+03 6.205889086946615862e+03 5.292964374910818151e+03 4.839165700554156501e+03 4.593741987342269567e+03 4.375555030068017004e+03 4.130911333717897833e+03 3.914651396063894026e+03 3.771655199600394553e+03 3.701382848975221350e+03 3.664104100572036259e+03 3.627466209172839626e+03 3.582326009457150121e+03 3.533258883894263818e+03 3.486458185911598321e+03 3.440999476892236999e+03 3.389577882644035071e+03 3.484259767660003035e+03 3.660619870700436877e+03 6.508649806333480228e+03 2.977971739911447003e+04 5.667016635553127344e+03 2.542018563395040474e+03 1.896137811752782227e+03 1.339268640718031747e+03 8.709102934069380808e+02 3.609655758664652581e+02 -1.971456247689555710e+02 3.676891963314614259e+03 6.794009355031937957e+03 5.615989585071711190e+03 3.798115886128127386e+03 2.662098747103233109e+03 2.122502132271304617e+03 1.838073965764715467e+03 1.584832840256287909e+03 1.296430866529279456e+03 1.033538462337924557e+03 8.479550884761838461e+02 7.409265481028005524e+02 6.694052055578433738e+02 5.955308276205837501e+02 5.065260767750709192e+02 4.088372555569848146e+02 3.161785121704254493e+02 2.348517285998212287e+02 1.600543305458263603e+02 -4.260621868872328832e+01 -2.240366043602129196e+02 -4.858753172679960244e+02 7.339676961281911645e+02 -5.939335704017032640e+02 -3.062135235718475883e+02 -1.684486991454119789e+02 -8.011247525158037774e+01 -1.473887306963591186e+02 -2.534963819930765681e+02 -3.985854869778744956e+02
5.219449633036832893e+03 7.342281658533860536e+03 6.773245808087433034e+03 5.667819003048187369e+03 4.901268963693235492e+03 4.503133827453573758e+03 4.265293917678756770e+03 4.036535302663389302e+03 3.790072444386472853e+03 3.589066746650090863e+03 3.469991329507315641e+03 3.419939533339404534e+03 3.388967191142193769e+03 3.342206570303165336e+03 3.280829477022455649e+03 3.222767567959152984e+03 3.179012501613185123e+03 3.139112685114921987e+03 3.083936539916870970e+03 3.002022545112099124e+03 3.035526824236682842e+03 3.138353231736393354e+03 5.667016635553127344e+03 2.672180335282069791e+04 4.759701646877238090e+03 1.841520314829532936e+03 1.151962898472068446e+03 5.310691933586492723e+02 -2.076536835663492297e+01 -6.224732692664043725e+02 3.053399061618620181e+03 5.770168128814531883e+03 4.941432947545066781e+03 3.467592700620012693e+03 2.498107750125147504e+03 2.010263591607365925e+03 1.726178822858452804e+03 1.461298053690806228e+03 1.178711387490035804e+03 9.406165365470022834e+02 7.836136784524667291e+02 6.968686600515736700e+02 6.324989453638215764e+02 5.554479657384135862e+02 4.639351137979591613e+02 3.730335412132711781e+02 2.949669285050583767e+02 2.259816045769718755e+02 1.542751351158257762e+02 7.160095766540283080e+01 -1.399869494072756311e+02 -3.335042436756842790e+02 -6.039265377566541702e+02 4.957179092369304954e+02 -8.001440813910232919e+02 -5.036693073052998102e+02 -4.203203518814003701e+02 -3.789067690097656396e+02 -4.863861102229403173e+02 -6.337581379317550727e+02
4.608539018851006404e+03 6.297552055664411455e+03 5.944769628000254670e+03 5.106390817687461094e+03 4.492330438269370461e+03 4.172872266956150270e+03 3.973409421845986799e+03 3.757754611596085397e+03 3.511752791588459331e+03 3.310277781093209342e+03 3.196469983710049746e+03 3.157079245743453157e+03 3.136998113329702392e+03 3.091882803249349308e+03 3.018142336471534691e+03 2.940519913477060527e+03 2.880687458863554639e+03 2.834096538731791497e+03 2.775209025707699766e+03 2.681985741768540720e+03 2.548450488114337077e+03 2.514132216784528282e+03 2.542018563395040474e+03 4.759701646877238090e+03 2.396581448447125877e+04 3.774935517639319187e+03 1.001901692902785499e+03 2.483540137802177128e+02 -4.545036915744043426e+02 -1.105961161511958380e+03 2.431065403063758822e+03 4.518580198559859127e+03 4.062382844087473131e+03 3.011200287421760549e+03 2.263832306377024906e+03 1.875402974219161933e+03 1.630468725336384523e+03 1.375203263713427987e+03 1.094370463037275840e+03 8.633389296651160976e+02 7.201766085272515738e+02 6.494027208203081045e+02 5.984354659130485743e+02 5.268820287282444497e+02 4.327581254584218868e+02 3.384876761259469049e+02 2.626176738910426138e+02 2.018023432840262217e+02 1.374027907027565902e+02 5.473065089894001289e+01 -4.869373085766747522e+01 -2.703633861318090794e+02 -4.714440144756230211e+02 -7.085243784441063326e+02 5.176037731557212140e+01 -8.995240322132801793e+02 -7.642101674661545303e+02 -7.263502543641209286e+02 -7.382462150430874317e+02 -8.910888837798654549e+02
4.271174384770863981e+03 5.663665384056439507e+03 5.363229705776226183e+03 4.645625777509450927e+03 4.114169421784816222e+03 3.848219037602721983e+03 3.692183073455329577e+03 3.508232571178803482e+03 3.277824731080495894e+03 3.076876627498830658e+03 2.956312425128279756e+03 2.912220782271877397e+03 2.894418367409369239e+03 2.854228749595487898e+03 2.777382973705658060e+03 2.682853268163335088e+03 2.597575277662746885e+03 2.527327012158542857e+03 2.453488871655113144e+03 2.348676758556017376e+03 2.196733599211062938e+03 2.002463049023659551e+03 1.896137811752782227e+03 1.841520314829532936e+03 3.774935517639319187e+03 2.124700234679168352e+04 2.663589684256109649e+03 -1.513725106723519787e+01 -8.508382607435496539e+02 -1.652869848773602371e+03 2.116398808281390302e+03 3.756389974612652622e+03 3.444159852203847549e+03 2.627131745081524514e+03 2.024815422183025021e+03 1.717078723142230501e+03 1.525063636983311426e+03 1.301683064776510037e+03 1.034966180807461569e+03 8.074295146190454489e+02 6.655886142576232487e+02 5.994705141962751895e+02 5.582752942991546661e+02 4.973722071280757291e+02 4.074957946969889804e+02 3.094146766874657715e+02 2.273312431608986799e+02 1.642485893678026514e+02 1.035522544247685772e+02 2.474450753133736924e+01 -8.118439356687122199e+01 -2.062347911957174631e+02 -4.374520720145304722e+02 -6.471854560176284394e+02 -9.109580193006704576e+02 -1.450913370759734278e+02 -1.275305154537846647e+03 -1.083714869918120485e+03 -1.104141938434518579e+03 -1.172361248243703130e+03
