3.994629674825700521e+08 4.746361349981930852e+07 1.791090065544629470e+06 -8.153136126424400136e+05 -9.779657477162352297e+05 -7.785681944993438665e+05 -6.968693089156986680e+05 -5.570880409964350984e+05 -2.951604019918559352e+05 -1.020161110182926059e+05 -4.826315574820806796e+04 -1.184693834861686337e+05 -1.927086740913084941e+05 -1.692509425310118240e+05 -6.232201540582326561e+04 4.158023634519551706e+04 6.356127055172561086e+04 2.787176649124290179e+03 -6.636935366805137892e+04 -8.797133240679162554e+04 -3.644363691550922522e+04 2.707924074709740307e+04 5.859319872217345983e+04 3.481544463092613296e+04 -1.015552497057345317e+04 -3.998109357222959807e+04 -2.844288755215520359e+04 6.005930628828781664e+03 3.206854748065489184e+04 3.244523349794519163e+04 3.202849366330368519e+08 4.498874010924153030e+07 7.611493197318678722e+06 1.751511271107461303e+06 5.788908088790797628e+05 4.577075509543275693e+05 3.378140463421695167e+05 3.221567431846861728e+05 4.727566865321433870e+05 5.568761145213146228e+05 5.010202813287022291e+05 3.179098801194484695e+05 1.577501000269355718e+05 1.472699143045276287e+05 2.566620177515630494e+05 3.624405399489804404e+05 3.541270432608879637e+05 2.332080749216468539e+05 1.090251871884623833e+05 6.050141263353105751e+04 1.228603102581277781e+05 2.022945323018771305e+05 2.339491752109815716e+05 1.839692700760354055e+05 1.049355219423907402e+05 5.127688802180899074e+04 6.184711507404808071e+04 1.074004494983109616e+05 1.399849340532559727e+05 1.336247390826386109e+05
4.746361349981930852e+07 1.792121074075043797e+08 1.419734922815001756e+07 -1.019744945971124340e+06 -1.496519082742821425e+06 -1.524775011897537857e+06 -1.423815746031267103e+06 -1.143590583946272032e+06 -5.848656735264402814e+05 -1.355999822915441764e+05 -2.738723489348400835e+04 -2.138443755810612929e+05 -4.177795271342367632e+05 -3.857650339486142620e+05 -1.345206575033314293e+05 1.213376148102064326e+05 1.817220214664196246e+05 3.463546307776597678e+04 -1.482948981692164089e+05 -2.078974606956929201e+05 -9.307596190247079358e+04 6.931379826856349246e+04 1.497669156813823502e+05 9.756116644020909735e+04 -1.756115845438338511e+04 -9.448872269181333832e+04 -7.241419980624786695e+04 1.227487073990268982e+04 7.992022990107029909e+04 8.355430969901382923e+04 3.354322204533579573e+07 1.712852999796351194e+08 1.816977102324650437e+07 5.038978401675058529e+06 2.161185598645424470e+06 1.424904405073008966e+06 1.056978536539990921e+06 9.891940739972468000e+05 1.300004374299054034e+06 1.524198587109600194e+06 1.378765993637694512e+06 9.182352914674675558e+05 4.944475689028892666e+05 4.314704196839771466e+05 6.869476576533499174e+05 9.515483516270745313e+05 9.431956020496289711e+05 6.500255815180814825e+05 3.238001538961062906e+05 1.931817312722021597e+05 3.261772450440287357e+05 5.300194724155343138e+05 6.113150681488299742e+05 4.974403715781642823e+05 2.950811926787116099e+05 1.566154171609095647e+05 1.713212596328400250e+05 2.818607118243606528e+05 3.662861960332430317e+05 3.539156075984847848e+05
1.791090065544629470e+06 1.419734922815001756e+07 5.388970762445487827e+07 3.130284120356648229e+06 -1.096690895347871352e+06 -1.185596445119364187e+06 -1.206584393809505273e+06 -9.601673577080001123e+05 -5.292118207229120890e+05 -1.555200179573195637e+05 -3.586474802728800569e+04 -1.459226633005491458e+05 -2.894807352650823304e+05 -2.819567537785970489e+05 -1.130167420019319688e+05 7.384016649341562879e+04 1.324275390198522364e+05 4.342941568757673667e+04 -8.631626238723919960e+04 -1.353569024238809361e+05 -6.728199252553633414e+04 4.623792372359770525e+04 1.087292023041554494e+05 8.084950239160752972e+04 2.506477527215479313e+03 -5.401756537762441440e+04 -4.546818738032071269e+04 9.791370687778833599e+03 5.904889883625897346e+04 6.514944134715727705e+04 2.777242505137122236e+06 1.540493266326675192e+07 4.361382325763224065e+07 5.648661057250175625e+06 2.077840045102372067e+06 1.412288233767067781e+06 9.795422534114699811e+05 9.033605717151160352e+05 1.074929765966363018e+06 1.246433200934293214e+06 1.169317951168730855e+06 8.548611506742663914e+05 5.360077882646233775e+05 4.427859205383569933e+05 5.839934617506915238e+05 7.608021838164483197e+05 7.686167623319041450e+05 5.787488817325100536e+05 3.414194903150011669e+05 2.297527984640387003e+05 2.935974711177469580e+05 4.275859680541752023e+05 4.889652413182786549e+05 4.198556942486751941e+05 2.792766227263755281e+05 1.746699756146834698e+05 1.697662474236710987e+05 2.365966526966510282e+05 2.956306420565583394e+05 2.905988046507402905e+05
-8.153136126424400136e+05 -1.019744945971124340e+06 3.130284120356648229e+06 1.738369166864487529e+07 7.738122766509813955e+05 -7.029423288961141370e+05 -7.504359525713201147e+05 -6.281172168722839560e+05 -3.638453308483154979e+05 -1.388931752057041740e+05 -4.228689528409736522e+04 -7.122906865779012151e+04 -1.328322562581287930e+05 -1.350851576821142808e+05 -6.228715602697293798e+04 2.763059207108994087e+04 6.551278451356636651e+04 3.465555185086264100e+04 -2.274076073884312063e+04 -5.073714707741825259e+04 -2.671827403639959812e+04 2.270336049578995880e+04 5.516955281330770231e+04 4.797646380523368134e+04 1.494410199529263627e+04 -1.267373145444039983e+04 -1.317429815454904929e+04 8.790304758758080425e+03 3.156183420176872824e+04 3.637591357188861002e+04 1.074855932706918567e+06 3.554200458241384476e+06 4.944768710645295680e+06 1.869240652572754771e+07 2.215209878737547901e+06 1.076117180489106104e+06 7.015701874178978615e+05 5.941063114808830433e+05 6.572626380473783938e+05 7.329867623829995282e+05 7.143462470609737793e+05 5.779749857183056884e+05 4.173325479582274565e+05 3.412580023086493602e+05 3.734046255740713095e+05 4.412324602324661100e+05 4.499802685936499620e+05 3.715115558292968199e+05 2.597704797316705226e+05 1.920894683956053341e+05 2.014872896434747381e+05 2.513721282917309436e+05 2.806078994802026427e+05 2.547078383791503147e+05 1.922620040778796538e+05 1.384870475044677441e+05 1.255949784063504339e+05 1.474034414124554314e+05 1.720310263348057342e+05 1.709672825322276331e+05
-9.779657477162352297e+05 -1.496519082742821425e+06 -1.096690895347871352e+06 7.738122766509813955e+05 6.445800112620463595e+06 1.709070744679315540e+05 -4.607638855919738999e+05 -3.874755162569303066e+05 -2.425900888896598481e+05 -1.069998851874523971e+05 -3.911489312841748324e+04 -3.281477395571592206e+04 -5.050491814813091332e+04 -5.191160479534957267e+04 -2.558685775896963241e+04 1.082436080575982487e+04 3.101216835991338303e+04 2.498668595517895301e+04 4.746719172560232437e+03 -8.632307541054724425e+03 -3.617113707082933161e+03 1.335507430928482245e+04 2.719701504982661936e+04 2.755324072380852158e+04 1.666485126072194180e+04 5.252654575509135611e+03 2.527811039062210511e+03 8.813122468570181809e+03 1.709593305090495051e+04 1.945322363192248304e+04 6.872870176091475878e+05 2.121192822082558181e+06 1.912266821523692459e+06 2.235634522526277229e+06 5.447771196256633848e+06 9.173621800955715589e+05 4.707843122762951534e+05 3.971773896702311467e+05 3.975780148088798160e+05 4.259983106846819865e+05 4.221045781103576883e+05 3.729065698658709880e+05 3.019938679520480218e+05 2.520580602121074917e+05 2.418564864685693174e+05 2.546551144578381209e+05 2.561460942731644609e+05 2.283101960318728234e+05 1.824514325992373051e+05 1.461453654187003267e+05 1.367426589992378140e+05 1.472225692779083038e+05 1.565435571588141029e+05 1.486468152756538475e+05 1.249913813869389123e+05 1.004268652711029572e+05 8.870822024638688890e+04 9.111323100202591741e+04 9.768113629923187546e+04 9.625841533618501853e+04
-7.785681944993438665e+05 -1.524775011897537857e+06 -1.185596445119364187e+06 -7.029423288961141370e+05 1.709070744679315540e+05 3.114269963909410872e+06 2.326604401710858656e+04 -2.429557798341434682e+05 -1.498197398137410637e+05 -7.285901908813533373e+04 -2.532213541616442672e+04 -9.417467442617429697e+03 -7.330440786986813691e+03 -5.796197239221999553e+03 1.110405685202913446e+03 1.149093450901153301e+04 1.934763479225214542e+04 2.086735917658388644e+04 1.655411302748516027e+04 1.138956143150372191e+04 9.826435698175764628e+03 1.240753898058673076e+04 1.632207157775515225e+04 1.793478669497933151e+04 1.608242272290311666e+04 1.247732356132796849e+04 9.996596961302597265e+03 9.942411282122651755e+03 1.129741125295246457e+04 1.153875446398207168e+04 5.345815104540435132e+05 1.544333944361424539e+06 1.419308683345208643e+06 1.072072427221587393e+06 9.460106386067002313e+05 3.337412411049324088e+06 5.126970752267919015e+05 3.069659736244826345e+05 2.848500942031317391e+05 2.818865471841417020e+05 2.777945492077202653e+05 2.588802617086817336e+05 2.296965038994951174e+05 1.994815324677710305e+05 1.780735351514464710e+05 1.675094797439980030e+05 1.607867145235480857e+05 1.501467772658646572e+05 1.327127332418957958e+05 1.142271228064715397e+05 1.015951148226602090e+05 9.669705108052797732e+04 9.577288131702321698e+04 9.279641857395731495e+04 8.504412013302328705e+04 7.467501519517501583e+04 6.619699336980388034e+04 6.191331991211792047e+04 6.035800116527586943e+04 5.734735203811332758e+04
-6.968693089156986680e+05 -1.423815746031267103e+06 -1.206584393809505273e+06 -7.504359525713201147e+05 -4.607638855919738999e+05 2.326604401710858656e+04 1.719353183164441027e+06 3.938913551490769896e+04 -7.461601685143457144e+04 -2.817272741214336929e+04 -5.083088070358749974e+03 9.853796340945889824e+03 1.976993332705494686e+04 2.497459126540639409e+04 2.424535508532946187e+04 2.094269283878617716e+04 1.923799306338805764e+04 2.094765283683253438e+04 2.325098327960680399e+04 2.328651448947207973e+04 2.019926255400526497e+04 1.613673630048781706e+04 1.388443317864116580e+04 1.425410353826322171e+04 1.574857103462739724e+04 1.628486290024255504e+04 1.487630327642716111e+04 1.228293935730332305e+04 9.921448141609460436e+03 8.349825258993569150e+03 4.026757499058413086e+05 1.152633967107283883e+06 1.061537789898684481e+06 7.454773581103151664e+05 5.030277332319474663e+05 5.613848918409706093e+05 1.665100735323383473e+06 3.234761914361526142e+05 2.279150731966443127e+05 2.182108265946730680e+05 2.017246968907539849e+05 1.900622246802982118e+05 1.791680397441052191e+05 1.650464636014631251e+05 1.454397806869332562e+05 1.257228365149589954e+05 1.112876029370979086e+05 1.038099292154035938e+05 9.840848225815145997e+04 9.123967742424071184e+04 8.126456155545776710e+04 7.111920521735146758e+04 6.414152530302124796e+04 6.093302535085561976e+04 5.921299325082862197e+04 5.644410548112982360e+04 5.158796338033920620e+04 4.564383402802926139e+04 4.017316504166781669e+04 3.538585264340000867e+04
-5.570880409964350984e+05 -1.143590583946272032e+06 -9.601673577080001123e+05 -6.281172168722839560e+05 -3.874755162569303066e+05 -2.429557798341434682e+05 3.938913551490769896e+04 1.061718797121625394e+06 9.393567325795507350e+04 1.862844032861723463e+04 2.534399292740630335e+04 2.958290820143249221e+04 4.038481196159229148e+04 4.690362033309404796e+04 4.344367840826384781e+04 3.326559525283393305e+04 2.486727291543162573e+04 2.401211786964497151e+04 2.792470942071199534e+04 3.066926316303587737e+04 2.789565249416985171e+04 2.118496284369999557e+04 1.535383075134326828e+04 1.380353603553266112e+04 1.588918216994559589e+04 1.826559669040067820e+04 1.790998571525180159e+04 1.459337192480793601e+04 1.050185625225870899e+04 7.796642138726911071e+03 3.840813094043912133e+05 1.079326649642374367e+06 9.768120408357374836e+05 6.501192071725089336e+05 4.402509104960344266e+05 3.489458537605887977e+05 3.693931057592497673e+05 1.089550724298376124e+06 2.283931375286667026e+05 1.736971625708024367e+05 1.524681456977429916e+05 1.352459535510476562e+05 1.309504493639036955e+05 1.275236591908764385e+05 1.156582271689588961e+05 9.618665989732199523e+04 7.797758481941415812e+04 6.914498758861541864e+04 6.759100540038722102e+04 6.717576952553665615e+04 6.190710874038319162e+04 5.210693911084612046e+04 4.277891717022054218e+04 3.814141502212429623e+04 3.801701874185976340e+04 3.898060985119009274e+04 3.735250246869575494e+04 3.225435498763430951e+04 2.577974608640425140e+04 2.021261672288221598e+04
-2.951604019918559352e+05 -5.848656735264402814e+05 -5.292118207229120890e+05 -3.638453308483154979e+05 -2.425900888896598481e+05 -1.498197398137410637e+05 -7.461601685143457144e+04 9.393567325795507350e+04 6.438592111700512469e+05 1.022899611249617446e+05 4.193915011552148644e+04 4.043592538374311698e+04 4.591365166906865488e+04 5.145213048158831953e+04 4.755189059267110861e+04 3.678464310446507443e+04 2.699324729105380902e+04 2.459693746690229455e+04 2.770140200314875256e+04 3.065679966055805198e+04 2.850697683108213823e+04 2.202884406854883127e+04 1.569799076837168832e+04 1.329428026077421418e+04 1.481185779685299349e+04 1.723123296798981028e+04 1.728775493924770126e+04 1.431859939065063554e+04 1.028363779566988342e+04 7.575359613429244746e+03 5.280367850740188733e+05 1.380662815320898779e+06 1.139978894534492632e+06 7.049210492381567601e+05 4.426064701646888861e+05 3.258220461706873029e+05 2.703426339718750096e+05 2.642991980152211618e+05 5.951364456582943676e+05 1.518197870580911404e+05 1.073808910766278859e+05 9.097064431637444068e+04 8.591984643658765708e+04 8.713253284009851632e+04 8.187976093383744592e+04 6.831909296409509261e+04 5.268346638922604325e+04 4.405220579853589879e+04 4.283769742551345553e+04 4.450615321970760124e+04 4.254181262850952771e+04 3.557495026755316940e+04 2.746653194214638279e+04 2.277320181561706704e+04 2.255422985543764662e+04 2.431516906822312376e+04 2.426292905622408944e+04 2.080043863351172695e+04 1.543936263715860332e+04 1.065670591972463808e+04
-1.020161110182926059e+05 -1.355999822915441764e+05 -1.555200179573195637e+05 -1.388931752057041740e+05 -1.069998851874523971e+05 -7.285901908813533373e+04 -2.817272741214336929e+04 1.862844032861723463e+04 1.022899611249617446e+05 4.091043914883842226e+05 7.435867181269760476e+04 3.542646014588795515e+04 3.799309911875076068e+04 4.029500548642410286e+04 3.753233275431967922e+04 2.968227259337719806e+04 2.250494171793369605e+04 2.060281325235780605e+04 2.268450515088211250e+04 2.472578719311175882e+04 2.303040973421870149e+04 1.812434113913200781e+04 1.325461952291415400e+04 1.125108308583937105e+04 1.218464828019463675e+04 1.386821414751190605e+04 1.384598081008033841e+04 1.156626735951984483e+04 8.488608899945134908e+03 6.441804883979099031e+03 5.993807620802050224e+05 1.585817117953186855e+06 1.296045609894623049e+06 7.702456788428784348e+05 4.625894202973688371e+05 3.207810317982519045e+05 2.593680569143429166e+05 2.114238529987998772e+05 1.810583547250737902e+05 3.765866847153739072e+05 9.018141987146579777e+04 5.954925444343908021e+04 5.547078675166799803e+04 5.590780299362032383e+04 5.399757346635101567e+04 4.614856271225302771e+04 3.610529989221150754e+04 3.001483949991819463e+04 2.875717240171095909e+04 2.986382965441835404e+04 2.880710415846532123e+04 2.431048001186251713e+04 1.873259377827554272e+04 1.524568795510649579e+04 1.481870836578090530e+04 1.594750747713187593e+04 1.598021764340099617e+04 1.363773496028145018e+04 9.891130348602604499e+03 6.493749619180893205e+03
-4.826315574820806796e+04 -2.738723489348400835e+04 -3.586474802728800569e+04 -4.228689528409736522e+04 -3.911489312841748324e+04 -2.532213541616442672e+04 -5.083088070358749974e+03 2.534399292740630335e+04 4.193915011552148644e+04 7.435867181269760476e+04 2.639474909923337982e+05 5.435242959770715242e+04 3.105560988922867546e+04 3.131659048798626827e+04 2.751601117674154011e+04 2.165979990870486654e+04 1.694921277013971849e+04 1.638744062826747177e+04 1.830310989709575369e+04 1.958158493891722537e+04 1.778742671912625519e+04 1.379027716995698393e+04 1.020299182739287426e+04 8.968049539167663170e+03 9.833112650086275607e+03 1.100954005117212910e+04 1.072436815140964427e+04 8.775812583886239736e+03 6.408816955715597942e+03 5.007372082200508885e+03 5.300493383380323648e+05 1.419511754890132695e+06 1.201303771309197415e+06 7.394877286936216988e+05 4.498669621518150670e+05 3.105473782354748109e+05 2.407611588786321809e+05 1.900623430579693813e+05 1.391676859056298854e+05 1.095891215030966559e+05 2.471106337974662893e+05 5.364544773845279997e+04 3.633339168325571518e+04 3.579692150595369458e+04 3.356721596251703158e+04 2.890646467990999008e+04 2.325982211135347461e+04 2.037551545525392066e+04 1.998441194225678555e+04 2.045886967637991620e+04 1.914803403760406582e+04 1.574809375632409319e+04 1.208250334971378106e+04 1.008645120969970230e+04 1.003300481518895685e+04 1.071939145697290041e+04 1.040262292808099664e+04 8.461832037833610229e+03 5.763322703241818090e+03 3.532538092273786333e+03
-1.184693834861686337e+05 -2.138443755810612929e+05 -1.459226633005491458e+05 -7.122906865779012151e+04 -3.281477395571592206e+04 -9.417467442617429697e+03 9.853796340945889824e+03 2.958290820143249221e+04 4.043592538374311698e+04 3.542646014588795515e+04 5.435242959770715242e+04 1.943487516318516282e+05 4.890743980084387294e+04 3.023107805936644945e+04 2.493205891926494223e+04 1.802505312336736824e+04 1.410106912411127632e+04 1.452725037874736699e+04 1.695905617503927351e+04 1.802782903756325686e+04 1.579094236074214678e+04 1.166356586094298109e+04 8.403871278141086805e+03 7.671306103397315383e+03 8.818938766168670554e+03 9.928396234580624878e+03 9.411474154070925579e+03 7.363946184033161444e+03 5.159710099487014304e+03 4.100721438552795917e+03 3.384768719512181706e+05 9.455032348125858698e+05 8.748663393050767481e+05 5.938750132181046065e+05 3.931231969457045197e+05 2.851185463430681266e+05 2.232068671165549313e+05 1.692696084235833550e+05 1.198545268739309686e+05 7.758343338159710402e+04 6.367572880490348325e+04 1.681554929474448436e+05 3.549423536409175722e+04 2.408771131374317338e+04 2.131586522011677880e+04 1.669097672453019550e+04 1.315085379661118168e+04 1.257723531361386995e+04 1.367851885757031960e+04 1.435299356036683093e+04 1.270597986156288607e+04 9.353463713799239486e+03 6.439633116175696159e+03 5.502644321528556247e+03 6.176179108740365336e+03 6.995831736730310695e+03 6.477766947401529251e+03 4.487157802090625410e+03 2.143614186382862499e+03 5.826963672128658800e+02
-1.927086740913084941e+05 -4.177795271342367632e+05 -2.894807352650823304e+05 -1.328322562581287930e+05 -5.050491814813091332e+04 -7.330440786986813691e+03 1.976993332705494686e+04 4.038481196159229148e+04 4.591365166906865488e+04 3.799309911875076068e+04 3.105560988922867546e+04 4.890743980084387294e+04 1.531190549453240528e+05 4.606945302221519523e+04 2.711710952323146194e+04 1.892268376163255743e+04 1.381278664470156582e+04 1.439716906622290480e+04 1.732261945232429935e+04 1.870104478989155177e+04 1.628938387909790436e+04 1.172599571524975909e+04 8.154254357149030511e+03 7.435438083161896429e+03 8.804600404313841864e+03 1.008190685174494683e+04 9.528774896956379962e+03 7.307928148793342189e+03 4.976611044689645496e+03 3.970811513438087331e+03 1.770079147609930369e+05 5.197637896558421780e+05 5.541185849518566392e+05 4.311527401470389450e+05 3.196327160579110496e+05 2.526357338828416832e+05 2.085471231817475054e+05 1.610692411537247244e+05 1.118831354988788953e+05 7.079065450049711217e+04 4.453935632511413132e+04 4.229002725578955869e+04 1.213014138466388395e+05 2.664769380166113115e+04 1.623897680595843303e+04 1.126751991539062874e+04 7.179824175717487378e+03 7.421492930955997508e+03 9.742836425266461447e+03 1.137692859752019831e+04 9.947285965841412690e+03 6.341250409194406529e+03 3.262434832672264747e+03 2.577738567240545308e+03 3.783035699321851553e+03 5.041449972478046220e+03 4.645670356927223111e+03 2.551573154811066615e+03 1.497927466188202743e+02 -1.218986401637866948e+03
-1.692509425310118240e+05 -3.857650339486142620e+05 -2.819567537785970489e+05 -1.350851576821142808e+05 -5.191160479534957267e+04 -5.796197239221999553e+03 2.497459126540639409e+04 4.690362033309404796e+04 5.145213048158831953e+04 4.029500548642410286e+04 3.131659048798626827e+04 3.023107805936644945e+04 4.606945302221519523e+04 1.189416042280304537e+05 3.634543565388155548e+04 1.937310672039248311e+04 1.383185051909108370e+04 1.342536124638010915e+04 1.618958939713695145e+04 1.792871484592146226e+04 1.612614241187432344e+04 1.193105180211475817e+04 8.325477601698428771e+03 7.337941918777130923e+03 8.504945333423156626e+03 9.803960674128738901e+03 9.453775918260889739e+03 7.438864634460200250e+03 5.190962997149866169e+03 4.143079580094795347e+03 1.689340025546612451e+05 4.614170059097156627e+05 4.656501321450540563e+05 3.591712097607565811e+05 2.727665467595412047e+05 2.251009503237399040e+05 1.967569234147236566e+05 1.600569749081970658e+05 1.153480992140829039e+05 7.382815329802129418e+04 4.646250844367541140e+04 3.392265269469544000e+04 3.659840057268507371e+04 9.505325009857365512e+04 2.223770254215878231e+04 1.158595492326013118e+04 6.924203419183495498e+03 6.192057092130653473e+03 8.670732364463277918e+03 1.108957419119624319e+04 1.052104500454219306e+04 7.230663569221631406e+03 3.904941831276607445e+03 2.803658169040064422e+03 3.838855252178856063e+03 5.257039109531042413e+03 5.169538838848675368e+03 3.280669354604726777e+03 8.956891005748811949e+02 -5.477072643994506507e+02
-6.232201540582326561e+04 -1.345206575033314293e+05 -1.130167420019319688e+05 -6.228715602697293798e+04 -2.558685775896963241e+04 1.110405685202913446e+03 2.424535508532946187e+04 4.344367840826384781e+04 4.755189059267110861e+04 3.753233275431967922e+04 2.751601117674154011e+04 2.493205891926494223e+04 2.711710952323146194e+04 3.634543565388155548e+04 8.494232793577719713e+04 2.318544894359364844e+04 1.190689117245620037e+04 1.089853827171592638e+04 1.251682862462522826e+04 1.426647971158819564e+04 1.350072698272383059e+04 1.063104329855603282e+04 7.749521776778143249e+03 6.631862799313636060e+03 7.272245340967724587e+03 8.278323756728732405e+03 8.192417945493125444e+03 6.775552643141845692e+03 5.008395394996028699e+03 4.029436354133653367e+03 2.790533216356126359e+05 7.193071035979462322e+05 6.104899903702805750e+05 3.960461443377712276e+05 2.675393315768913017e+05 2.100458627806513687e+05 1.842944218290502322e+05 1.564541770347526763e+05 1.182155386419934366e+05 7.963940450806404988e+04 5.204327041997331253e+04 3.874687165878113592e+04 3.426210744837819948e+04 3.563906074869977601e+04 7.635453969021693047e+04 1.866248050466644781e+04 9.508645942687211573e+03 7.989742875191798703e+03 9.298854396864440787e+03 1.168311628668787489e+04 1.194853355052806364e+04 9.678616157027747249e+03 6.727516546160893995e+03 5.208118676135198257e+03 5.552959394922639149e+03 6.593054498211095961e+03 6.696887106133603993e+03 5.305404450264021762e+03 3.281904091342795709e+03 1.824017099206553667e+03
4.158023634519551706e+04 1.213376148102064326e+05 7.384016649341562879e+04 2.763059207108994087e+04 1.082436080575982487e+04 1.149093450901153301e+04 2.094269283878617716e+04 3.326559525283393305e+04 3.678464310446507443e+04 2.968227259337719806e+04 2.165979990870486654e+04 1.802505312336736824e+04 1.892268376163255743e+04 1.937310672039248311e+04 2.318544894359364844e+04 5.809047886188962730e+04 1.380416818638980840e+04 7.662196443302117586e+03 8.335017462525836891e+03 9.482319146829830061e+03 9.529750051980701755e+03 8.089833529394340076e+03 6.306020286436764763e+03 5.376488561741713966e+03 5.562009458689151870e+03 6.151277429844682956e+03 6.202542438518768904e+03 5.403156074949672984e+03 4.258236463511844704e+03 3.487936895140226625e+03 3.818017117997043533e+05 9.801409103739969432e+05 7.854624842985944124e+05 4.646969864776271861e+05 2.826797759308184031e+05 2.041730511600610334e+05 1.707451551195888314e+05 1.448217598579345504e+05 1.126399734898821916e+05 7.949005729717537179e+04 5.500089934457190975e+04 4.183924351435332210e+04 3.683865470293756516e+04 3.300140515839821455e+04 3.064708253427474847e+04 6.183047572407472762e+04 1.540161826883019421e+04 9.663469400159592624e+03 9.871061248930112924e+03 1.134013904760670266e+04 1.196610635716490287e+04 1.075136435963948679e+04 8.685124966776626025e+03 7.220836029194912044e+03 6.982624133601008907e+03 7.434559006671539464e+03 7.493842820764613862e+03 6.584962642439289993e+03 5.109952974415008612e+03 3.842025548813006026e+03
6.356127055172561086e+04 1.817220214664196246e+05 1.324275390198522364e+05 6.551278451356636651e+04 3.101216835991338303e+04 1.934763479225214542e+04 1.923799306338805764e+04 2.486727291543162573e+04 2.699324729105380902e+04 2.250494171793369605e+04 1.694921277013971849e+04 1.410106912411127632e+04 1.381278664470156582e+04 1.383185051909108370e+04 1.190689117245620037e+04 1.380416818638980840e+04 4.136665901729699544e+04 9.383190319995654136e+03 5.652585333737257315e+03 6.300658736250606125e+03 6.352120673253535642e+03 5.679360250905205248e+03 4.688166652031223748e+03 4.118796930199085182e+03 4.181511235918014791e+03 4.507418829647068378e+03 4.538248361436508276e+03 4.051438976979677136e+03 3.325570221937129645e+03 2.794151992475603947e+03 3.681620506967545953e+05 9.637485348137575202e+05 7.868732918888006825e+05 4.696058657667518128e+05 2.818981531568474602e+05 1.967304403357106494e+05 1.565388809342869208e+05 1.279791705853721360e+05 9.884209980043803807e+04 7.156003123521915404e+04 5.169297669045777002e+04 4.068687423968993244e+04 3.524269776996425935e+04 3.092624831002408609e+04 2.479810173253886023e+04 2.174608476016226632e+04 4.567114328917936655e+04 1.215454526374542911e+04 8.597498617494460632e+03 9.355066869217600470e+03 9.693463693476878689e+03 9.112053299654959119e+03 7.891881215810844878e+03 6.913406541435419058e+03 6.600113003040200056e+03 6.717959856083467457e+03 6.643324278426714955e+03 5.992710507128629615e+03 4.968577623532761208e+03 4.022288794038997821e+03
2.787176649124290179e+03 3.463546307776597678e+04 4.342941568757673667e+04 3.465555185086264100e+04 2.498668595517895301e+04 2.086735917658388644e+04 2.094765283683253438e+04 2.401211786964497151e+04 2.459693746690229455e+04 2.060281325235780605e+04 1.638744062826747177e+04 1.452725037874736699e+04 1.439716906622290480e+04 1.342536124638010915e+04 1.089853827171592638e+04 7.662196443302117586e+03 9.383190319995654136e+03 3.295966011722546682e+04 8.550559137489453860e+03 5.774218541212548189e+03 5.467910221990881837e+03 4.565366195685366620e+03 3.754385212545154900e+03 3.445648555696170206e+03 3.669541802177599948e+03 3.988638285533065755e+03 3.933287389050482034e+03 3.418216824581368201e+03 2.773484991538763097e+03 2.389431141801993363e+03 2.431977377030554926e+05 6.640421460408454295e+05 5.910267293304859195e+05 3.859761085169203579e+05 2.491606759440808673e+05 1.807377737995816278e+05 1.432309912929357379e+05 1.131532831878624565e+05 8.475842899325944018e+04 6.097392362390828202e+04 4.490233248014900892e+04 3.631630987971572176e+04 3.171129889581603129e+04 2.688057870322874805e+04 2.066043839323805150e+04 1.436018538840848487e+04 1.284956668258342324e+04 3.623698234422041423e+04 8.771720471235114019e+03 6.514188352593972013e+03 6.532157395176380305e+03 5.876652096268865535e+03 5.105662063109104565e+03 4.656441982594074034e+03 4.693921734038478462e+03 4.892492539736453182e+03 4.774436116603341361e+03 4.164019737075401281e+03 3.337450057030819153e+03 2.676399081513592137e+03
-6.636935366805137892e+04 -1.482948981692164089e+05 -8.631626238723919960e+04 -2.274076073884312063e+04 4.746719172560232437e+03 1.655411302748516027e+04 2.325098327960680399e+04 2.792470942071199534e+04 2.770140200314875256e+04 2.268450515088211250e+04 1.830310989709575369e+04 1.695905617503927351e+04 1.732261945232429935e+04 1.618958939713695145e+04 1.251682862462522826e+04 8.335017462525836891e+03 5.652585333737257315e+03 8.550559137489453860e+03 2.864784965608751372e+04 9.268976820006349953e+03 6.093143703687142988e+03 4.734339295066823979e+03 3.576229413408065284e+03 3.331375129268755700e+03 3.754841884837743237e+03 4.212784366802066870e+03 4.118908280560062849e+03 3.458496021576330349e+03 2.708040849442731087e+03 2.354982672296472629e+03 1.179087950585063372e+05 3.359084212892499636e+05 3.515543108092154143e+05 2.713940358051176881e+05 1.995759333586547291e+05 1.579867418483474758e+05 1.312400561425990891e+05 1.041100474381743843e+05 7.639156903972971486e+04 5.361456565486289765e+04 3.902990808632506378e+04 3.199199095662528271e+04 2.858345442934812309e+04 2.432363741780908822e+04 1.780681835296109784e+04 1.120667380527269415e+04 6.654357465477716687e+03 7.846394239441720856e+03 2.719755683223692540e+04 6.743498243033985091e+03 4.337714023664846536e+03 3.440751262975832560e+03 2.544329772581022553e+03 2.377345814919742679e+03 2.803344581658627249e+03 3.303243903408929327e+03 3.276874562099424111e+03 2.631518236453627196e+03 1.805422058562001439e+03 1.281885623074149407e+03
-8.797133240679162554e+04 -2.078974606956929201e+05 -1.353569024238809361e+05 -5.073714707741825259e+04 -8.632307541054724425e+03 1.138956143150372191e+04 2.328651448947207973e+04 3.066926316303587737e+04 3.065679966055805198e+04 2.472578719311175882e+04 1.958158493891722537e+04 1.802782903756325686e+04 1.870104478989155177e+04 1.792871484592146226e+04 1.426647971158819564e+04 9.482319146829830061e+03 6.300658736250606125e+03 5.774218541212548189e+03 9.268976820006349953e+03 2.545625173236171395e+04 8.811327281816516916e+03 5.241852041177813589e+03 3.852157523767003113e+03 3.396112805647194818e+03 3.853677383062493391e+03 4.409165781576610243e+03 4.382281744430381877e+03 3.704026731454529909e+03 2.891026844968623664e+03 2.500847549282121690e+03 7.059984422881860519e+04 2.073597505099055124e+05 2.415995713159514125e+05 2.043194997051140526e+05 1.626881442137381237e+05 1.375333943590966519e+05 1.209917074245578551e+05 9.984436312414625718e+04 7.428173888056140277e+04 5.162929352620072314e+04 3.683143421705700166e+04 2.997049862697313802e+04 2.741601716801595830e+04 2.419858499827595369e+04 1.826349162509669259e+04 1.140716251830131296e+04 6.438514051790356461e+03 4.736364905894412004e+03 7.021626629505123674e+03 2.392243664968525263e+04 6.071143375065097644e+03 3.109174478443051157e+03 1.986104083457293427e+03 1.619465608030219528e+03 2.153658771140750559e+03 2.860840031064111827e+03 3.008952697650727714e+03 2.410463991306930438e+03 1.550126076999844827e+03 1.011703680103003535e+03
-3.644363691550922522e+04 -9.307596190247079358e+04 -6.728199252553633414e+04 -2.671827403639959812e+04 -3.617113707082933161e+03 9.826435698175764628e+03 2.019926255400526497e+04 2.789565249416985171e+04 2.850697683108213823e+04 2.303040973421870149e+04 1.778742671912625519e+04 1.579094236074214678e+04 1.628938387909790436e+04 1.612614241187432344e+04 1.350072698272383059e+04 9.529750051980701755e+03 6.352120673253535642e+03 5.467910221990881837e+03 6.093143703687142988e+03 8.811327281816516916e+03 2.107264070246083429e+04 6.843765218265983094e+03 3.894837287357284367e+03 3.301182863687615736e+03 3.489989908300886782e+03 3.982723346160574692e+03 4.072264216616196791e+03 3.595535474678115861e+03 2.915817543127167937e+03 2.515092108538573484e+03 1.341004954578260076e+05 3.426269223325547064e+05 3.078946173539692536e+05 2.159714887543839286e+05 1.551068367930080567e+05 1.266360757473381527e+05 1.126030593310390541e+05 9.622213306511100382e+04 7.391899332683681860e+04 5.229472416459435772e+04 3.734691976597251778e+04 3.008456442597162095e+04 2.761759077410772443e+04 2.528242766651849524e+04 2.041113700736140163e+04 1.416919214202090006e+04 8.998406006036610052e+03 6.743542186543129901e+03 6.610717782095221992e+03 8.810040745743739535e+03 2.255285345913196215e+04 6.172892823041789597e+03 3.290662397198639610e+03 2.627124754270603717e+03 2.808478389398368563e+03 3.441392101701327192e+03 3.703504082129803919e+03 3.288025548114148478e+03 2.519285028231322940e+03 1.930696977907698965e+03
2.707924074709740307e+04 6.931379826856349246e+04 4.623792372359770525e+04 2.270336049578995880e+04 1.335507430928482245e+04 1.240753898058673076e+04 1.613673630048781706e+04 2.118496284369999557e+04 2.202884406854883127e+04 1.812434113913200781e+04 1.379027716995698393e+04 1.166356586094298109e+04 1.172599571524975909e+04 1.193105180211475817e+04 1.063104329855603282e+04 8.089833529394340076e+03 5.679360250905205248e+03 4.565366195685366620e+03 4.734339295066823979e+03 5.241852041177813589e+03 6.843765218265983094e+03 1.649442428954921706e+04 4.893824660782905994e+03 2.914347149171865567e+03 2.837535763516354109e+03 3.072319861515730736e+03 3.238996711119177689e+03 3.039478072413656264e+03 2.622998333917977106e+03 2.284833533970392637e+03 2.129981515909022419e+05 5.461078428526807111e+05 4.422212924252497032e+05 2.670555446567328181e+05 1.672310710368585715e+05 1.242729957124739012e+05 1.055713298629497876e+05 9.021520048806350678e+04 7.078553490044610226e+04 5.150932209970012627e+04 3.762569517191409250e+04 3.037031279041694506e+04 2.756578343267545279e+04 2.547043211074188730e+04 2.162445171924387614e+04 1.646451291914043395e+04 1.184256280988805884e+04 9.255406584990483680e+03 8.561761727359293218e+03 8.601370677540624456e+03 9.660332678325376037e+03 2.012086217396147913e+04 6.288453259059162519e+03 4.046539709833417874e+03 3.836434096305434650e+03 4.106752488630096195e+03 4.363928906851018837e+03 4.158742271692878603e+03 3.606496477143637094e+03 3.049442653184643859e+03
5.859319872217345983e+04 1.497669156813823502e+05 1.087292023041554494e+05 5.516955281330770231e+04 2.719701504982661936e+04 1.632207157775515225e+04 1.388443317864116580e+04 1.535383075134326828e+04 1.569799076837168832e+04 1.325461952291415400e+04 1.020299182739287426e+04 8.403871278141086805e+03 8.154254357149030511e+03 8.325477601698428771e+03 7.749521776778143249e+03 6.306020286436764763e+03 4.688166652031223748e+03 3.754385212545154900e+03 3.576229413408065284e+03 3.852157523767003113e+03 3.894837287357284367e+03 4.893824660782905994e+03 1.297331162196512560e+04 3.650897077072757384e+03 2.247079281339287263e+03 2.283982818058097564e+03 2.380332157213072605e+03 2.357791958692215303e+03 2.158854739306563715e+03 1.925510398355746020e+03 2.426619964347105124e+05 6.244940641745261382e+05 5.014147477035179618e+05 2.951825133695522672e+05 1.760716144767552032e+05 1.235893772921467025e+05 9.928172104622580810e+04 8.213418000830123492e+04 6.413996582805810613e+04 4.753209722002115450e+04 3.568214114772877656e+04 2.920813381169406057e+04 2.621858925095408631e+04 2.390572008103303961e+04 2.055727060264571992e+04 1.640930544681295942e+04 1.263504889096790248e+04 1.031186628806849512e+04 9.281791887320197930e+03 8.932269835623605104e+03 8.346756601669907468e+03 8.649247451318045933e+03 1.759405963607813464e+04 5.927767058449551769e+03 4.170886445977996118e+03 4.144116644082365383e+03 4.239396239750098175e+03 4.170575512184557738e+03 3.834196227844535315e+03 3.404958613120693371e+03
3.481544463092613296e+04 9.756116644020909735e+04 8.084950239160752972e+04 4.797646380523368134e+04 2.755324072380852158e+04 1.793478669497933151e+04 1.425410353826322171e+04 1.380353603553266112e+04 1.329428026077421418e+04 1.125108308583937105e+04 8.968049539167663170e+03 7.671306103397315383e+03 7.435438083161896429e+03 7.337941918777130923e+03 6.631862799313636060e+03 5.376488561741713966e+03 4.118796930199085182e+03 3.445648555696170206e+03 3.331375129268755700e+03 3.396112805647194818e+03 3.301182863687615736e+03 2.914347149171865567e+03 3.650897077072757384e+03 1.073917511470777026e+04 3.019282768025490441e+03 1.990110554395724648e+03 1.994152415201376471e+03 1.915551082822748185e+03 1.780816822702122181e+03 1.629468890473474403e+03 1.905548440655894228e+05 5.071999856347867753e+05 4.291877799860677915e+05 2.665717568195831846e+05 1.655458918018914992e+05 1.176873337249487522e+05 9.283002236086895573e+04 7.414434738943996490e+04 5.642417541705520125e+04 4.165225278578451253e+04 3.170514541024378559e+04 2.638343237730771580e+04 2.366221503745152586e+04 2.115764114639540639e+04 1.782904966370797047e+04 1.416428113576489704e+04 1.108773542376323167e+04 9.270319637881053495e+03 8.428752387313463259e+03 7.891834997110299810e+03 7.138938515216307678e+03 6.084832740121168172e+03 6.285421673348871082e+03 1.475232918393794171e+04 4.621845990562640509e+03 3.399350014775527598e+03 3.369564429877286329e+03 3.254042378530671158e+03 3.041126349291193492e+03 2.765491897077177782e+03
-1.015552497057345317e+04 -1.756115845438338511e+04 2.506477527215479313e+03 1.494410199529263627e+04 1.666485126072194180e+04 1.608242272290311666e+04 1.574857103462739724e+04 1.588918216994559589e+04 1.481185779685299349e+04 1.218464828019463675e+04 9.833112650086275607e+03 8.818938766168670554e+03 8.804600404313841864e+03 8.504945333423156626e+03 7.272245340967724587e+03 5.562009458689151870e+03 4.181511235918014791e+03 3.669541802177599948e+03 3.754841884837743237e+03 3.853677383062493391e+03 3.489989908300886782e+03 2.837535763516354109e+03 2.247079281339287263e+03 3.019282768025490441e+03 9.286358980760258419e+03 2.999969798453437761e+03 2.086873084690161704e+03 1.874267776996808607e+03 1.623824114322315609e+03 1.498365940309560301e+03 1.104659279064252623e+05 3.030117365425027674e+05 2.866309625728812534e+05 2.017154107848869753e+05 1.388925104169560364e+05 1.057897148360155115e+05 8.602019028438243549e+04 6.826212976545907441e+04 5.073600172293059586e+04 3.662550814188703953e+04 2.760183210247552779e+04 2.310658763754144456e+04 2.092625198588929561e+04 1.857702287080620590e+04 1.518081192746295346e+04 1.154266784241832283e+04 8.726688907690066117e+03 7.325011550706805792e+03 6.853782356443762183e+03 6.513983834831365130e+03 5.662060273767876424e+03 4.489089149150047888e+03 3.465356640324459931e+03 4.068585387831111802e+03 1.148273929432101068e+04 3.404643800103018748e+03 2.369232007597435768e+03 2.161315052309723796e+03 1.897231964525172771e+03 1.727709806887368813e+03
-3.998109357222959807e+04 -9.448872269181333832e+04 -5.401756537762441440e+04 -1.267373145444039983e+04 5.252654575509135611e+03 1.247732356132796849e+04 1.628486290024255504e+04 1.826559669040067820e+04 1.723123296798981028e+04 1.386821414751190605e+04 1.100954005117212910e+04 9.928396234580624878e+03 1.008190685174494683e+04 9.803960674128738901e+03 8.278323756728732405e+03 6.151277429844682956e+03 4.507418829647068378e+03 3.988638285533065755e+03 4.212784366802066870e+03 4.409165781576610243e+03 3.982723346160574692e+03 3.072319861515730736e+03 2.283982818058097564e+03 1.990110554395724648e+03 2.999969798453437761e+03 8.554405556426738258e+03 3.075317265697579387e+03 2.032204624672134742e+03 1.666786948881346234e+03 1.474785942287286389e+03 5.695127610363662097e+04 1.647168928650237503e+05 1.819001988179834152e+05 1.470491234013373032e+05 1.126095965296284412e+05 9.249337719161657151e+04 7.935067629072410637e+04 6.460988115576318523e+04 4.803478096219626605e+04 3.400881870918047935e+04 2.499757487445683364e+04 2.069465940621095069e+04 1.893327988222075874e+04 1.701633248627395005e+04 1.379325618157693316e+04 1.011132497805061757e+04 7.254150371336429089e+03 5.971727627276134626e+03 5.759890187120305200e+03 5.685904281631726917e+03 4.963224672581976847e+03 3.681247873864405847e+03 2.529036508708150905e+03 1.999723532319212154e+03 2.994827510528876246e+03 9.832202046045686075e+03 2.752198999287510560e+03 1.600628626940287404e+03 1.242501041874888415e+03 1.037969751929449103e+03
