1.065075895076950490e+08 1.331729969484176487e+07 1.835644991456969001e+05 -5.964854430855959072e+04 -7.896912479021836771e+04 -6.353221176627445675e+04 -6.068071187928882136e+04 -4.567999014618000365e+04 -1.493989539933932065e+04 7.014648273499859897e+03 1.078439281089994984e+04 -2.831204617180747846e+03 -1.482342903240901978e+04 -1.353724220557255649e+04 -5.784715398218893370e+02 1.383438529904243114e+04 1.589352319664982861e+04 7.078956136305835571e+03 -3.181431314066974664e+03 -7.903101508496282804e+03 -1.511414665815610533e+03 6.814526405104666082e+03 1.134465496709008949e+04 8.664541754551621125e+03 2.171544327451832942e+03 -2.612694209148955906e+03 -1.855952670174247487e+03 2.189549941084997045e+03 6.029950877525596297e+03 6.443657038619666309e+03 6.000420659484881163e+07 3.226307029244665802e+07 1.264924053844473790e+06 3.215936774438985740e+05 1.053343297368502535e+05 7.952997114278853405e+04 5.704832837265644048e+04 5.507624009774912702e+04 7.503749691274165525e+04 8.570695365872274851e+04 7.638570782292835065e+04 4.713433272753123310e+04 2.369099158569807696e+04 2.096116035690528952e+04 3.552257292600581422e+04 5.236742415937404439e+04 5.110231879508234852e+04 3.440004135322880757e+04 1.647816882191874174e+04 7.520071759039008612e+03 1.584168508611255675e+04 2.702973971149198769e+04 3.239999531141778425e+04 2.680290603510619985e+04 1.558591099389187002e+04 7.273295107587236998e+03 7.730302370276507645e+03 1.333018266026968922e+04 1.860661844646476311e+04 1.855167801598081132e+04
1.331729969484176487e+07 4.084424554432541132e+07 3.769747589867515489e+06 -8.595782348516720231e+04 -9.158436704937895411e+04 -1.086010968993252900e+05 -1.120629779614959843e+05 -8.610107387132855365e+04 -2.378430176052171737e+04 2.529064633997108467e+04 3.260362190467651817e+04 1.600679919823695400e+03 -2.878660749309129460e+04 -2.878944011564221000e+04 -2.031244379413839170e+02 3.219812038285641029e+04 3.879791386801412591e+04 1.925468754420395271e+04 -5.595280560358208277e+03 -1.679030321740404906e+04 -4.272801832625020324e+03 1.554117364998945777e+04 2.633494862640696010e+04 2.101423007921069075e+04 6.071150329547322144e+03 -5.259908315993117867e+03 -4.464989713098590073e+03 4.771510167607840231e+03 1.370102635045793068e+04 1.526395434446526269e+04 9.116796128220792860e+06 2.360998449299763143e+07 8.680404678101584315e+06 6.785934243785494473e+05 3.736961650820053183e+05 2.207570227704718709e+05 1.604911259521311149e+05 1.489025195734879817e+05 1.881517409140344535e+05 2.148260372722416651e+05 1.928306072980446625e+05 1.263936636652096931e+05 6.805554976844889461e+04 5.725968677945589297e+04 8.898619108094339026e+04 1.263823248361740552e+05 1.261614024120377435e+05 8.858473052728289622e+04 4.517563074490992585e+04 2.398288988312072252e+04 3.940050464782562631e+04 6.592832651716598775e+04 7.853910841864263057e+04 6.674553623911488103e+04 4.076568956249735493e+04 2.103229066044039064e+04 2.043895093434432056e+04 3.303534491406999587e+04 4.510965277848143160e+04 4.578923203486669809e+04
1.835644991456969001e+05 3.769747589867515489e+06 1.171031269815687835e+07 1.013638702176832012e+06 -6.297738739656070538e+04 -7.265174279022088740e+04 -8.601722109461791115e+04 -6.605997220905282302e+04 -2.243227892600759515e+04 1.572020646696398944e+04 2.454819617404951350e+04 6.436276244935250361e+03 -1.457641398876847597e+04 -1.684686660958579159e+04 9.197035085747359062e+02 2.220512275776409660e+04 2.850859401946617072e+04 1.710723265815782361e+04 2.651537647211798685e+02 -7.741078927641042355e+03 -1.396336503807981899e+03 1.138849826369505536e+04 1.907075745678426028e+04 1.634875839079189609e+04 6.896569763949288244e+03 -8.717454046124166780e+02 -1.269911703497595681e+03 4.294110132795607569e+03 1.015181399332691944e+04 1.176409655752473191e+04 2.830845221996448818e+05 4.581073473891206086e+06 7.002198500744007528e+06 2.440930680729566142e+06 3.275673828424082603e+05 2.186507354057042394e+05 1.442830657188203186e+05 1.311084183862355421e+05 1.500978962776983099e+05 1.683229866828992381e+05 1.550146533096404164e+05 1.123061837841311062e+05 7.048597326263706782e+04 5.754733502052308177e+04 7.413473767675674753e+04 9.631394057909169351e+04 9.772971582758310251e+04 7.453113315293277265e+04 4.464360808327050472e+04 2.902576962480891962e+04 3.526047304981177876e+04 5.138487865551435971e+04 5.993138178812327533e+04 5.299802449674119998e+04 3.627630398472227535e+04 2.253835391129371419e+04 2.032372590820641199e+04 2.737713478594805201e+04 3.493732009875678341e+04 3.606645196940485039e+04
-5.964854430855959072e+04 -8.595782348516720231e+04 1.013638702176832012e+06 3.642207985461877659e+06 3.338362647983274655e+05 -4.174333486012433423e+04 -4.798683322673857037e+04 -4.055012575262289465e+04 -1.647505213650999212e+04 4.799033359467406626e+03 1.237576574109349167e+04 6.155214956988025733e+03 -3.101678889502160018e+03 -5.154928446483729203e+03 1.881874662516193439e+03 1.137703347940702952e+04 1.508161745931505357e+04 1.100592659183025171e+04 3.659725934712705566e+03 -5.270658144938581700e+02 1.364541300799159217e+03 6.505512229571069838e+03 1.015246247506273721e+04 9.434746776805832269e+03 5.544820711486483560e+03 1.935003366080863088e+03 1.233930038965665062e+03 3.240676666484354428e+03 5.776544280275919846e+03 6.751522373849300493e+03 1.399909511956389470e+05 4.096682453018135857e+05 1.634533252876005135e+06 2.054613379182077944e+06 8.247831500749313273e+05 1.460510539765533467e+05 1.060954241485393868e+05 8.613610113875298703e+04 9.124973892141372198e+04 9.741771392416220624e+04 9.207751907462233794e+04 7.348979394073440926e+04 5.348603192026824399e+04 4.414977714102042955e+04 4.773543321973418642e+04 5.538418466684799205e+04 5.589217004966312379e+04 4.637772934421294485e+04 3.286966814061114565e+04 2.439905070745558623e+04 2.495662155318020814e+04 3.043159572256306274e+04 3.394872038946015527e+04 3.125746791844841209e+04 2.410165854408532323e+04 1.754908211368833872e+04 1.545338771764870398e+04 1.750013699048114358e+04 2.043378117015188036e+04 2.110987667978908576e+04
-7.896912479021836771e+04 -9.158436704937895411e+04 -6.297738739656070538e+04 3.338362647983274655e+05 1.393316464217827888e+06 1.320973944429290132e+05 -2.927109113376158348e+04 -2.438866728121047345e+04 -1.267205376355615954e+04 -4.053162594579734446e+02 5.107938380007099113e+03 3.999020755268456014e+03 6.356407955485298089e+02 -4.280089983816235417e+02 2.090044520366117467e+03 5.976237965090349462e+03 7.889781990609852983e+03 6.743614177128776646e+03 3.923718545265632201e+03 1.925534333094929025e+03 2.205814365723465926e+03 3.973713145245539636e+03 5.469464761420827926e+03 5.428704633311068392e+03 4.013198796043554921e+03 2.471586609589553518e+03 1.915354661278629692e+03 2.465185302477006189e+03 3.415300423292186679e+03 3.887547494508002274e+03 1.158799521004109120e+05 3.139833306234569754e+05 2.675825683864103630e+05 6.242084752125565428e+05 7.413191177292718785e+05 3.415962740631803754e+05 7.085569296806768398e+04 6.013551850173124694e+04 5.587072865313732473e+04 5.693324374088530021e+04 5.423301658871085965e+04 4.691850708319580008e+04 3.825726606018311577e+04 3.263677992304701911e+04 3.161407166403419978e+04 3.287137398390501039e+04 3.240098507468770549e+04 2.866652653762298723e+04 2.308878102655683688e+04 1.879879285867042927e+04 1.767626966346993140e+04 1.873297327767695606e+04 1.962860568932625756e+04 1.859069450712714024e+04 1.576166169560346498e+04 1.283377960946421445e+04 1.134794097351876917e+04 1.149423002821103364e+04 1.229657005653479246e+04 1.248961771239885638e+04
-6.353221176627445675e+04 -1.086010968993252900e+05 -7.265174279022088740e+04 -4.174333486012433423e+04 1.320973944429290132e+05 6.766742504953169264e+05 6.246610147169604170e+04 -1.769049179188105700e+04 -9.555375908766742214e+03 -2.533828938394434772e+03 1.648214106781526880e+03 2.146608543323622143e+03 1.280702900634846856e+03 1.048813493899334844e+03 2.160818260879064383e+03 3.831705891578155843e+03 4.773900521677513098e+03 4.510928113102538191e+03 3.436978111087769321e+03 2.511175594623447068e+03 2.397639129322624285e+03 2.929376963093277482e+03 3.500345784255064700e+03 3.552308947141278622e+03 3.041659786027383689e+03 2.366582859743387417e+03 2.000682731619549031e+03 2.079502167328187170e+03 2.391124055129071621e+03 2.569889785826710067e+03 8.661352354116761126e+04 2.314490931928955251e+05 2.047516847867775650e+05 1.314207879414928029e+05 2.761986579936489579e+05 3.536949996392520843e+05 1.782334966239600035e+05 4.482220270120775967e+04 4.197347528431125102e+04 3.882713917019948713e+04 3.677254654433392716e+04 3.342807756706607324e+04 2.968042813135372853e+04 2.642985974028251803e+04 2.440615763817521656e+04 2.329817523480300588e+04 2.210321956021817459e+04 2.024147181523421023e+04 1.775068279869507387e+04 1.549484048661016095e+04 1.416738327131354163e+04 1.369662496072293652e+04 1.347920193339713296e+04 1.282415918147173943e+04 1.159342386188080127e+04 1.019038844736852479e+04 9.185235353144948022e+03 8.779861018542331294e+03 8.744433637205209379e+03 8.606372780993980996e+03
-6.068071187928882136e+04 -1.120629779614959843e+05 -8.601722109461791115e+04 -4.798683322673857037e+04 -2.927109113376158348e+04 6.246610147169604170e+04 3.873823653001492494e+05 3.456205131672016432e+04 -6.951910017207877900e+03 -1.655497691785644747e+03 5.031507491603568951e+02 1.129210217176051174e+03 1.253446186087236811e+03 1.796957057528545192e+03 2.696124976889673690e+03 3.458072404210479363e+03 3.663373899587711094e+03 3.432401978834451256e+03 3.002729758441294507e+03 2.698274840776310157e+03 2.659275933672737665e+03 2.751973719639258888e+03 2.821490445968281620e+03 2.731288139144457091e+03 2.492022054550325265e+03 2.228175350518316918e+03 2.061201443619276688e+03 2.020380098607087803e+03 2.040779876181146847e+03 2.004144551629273565e+03 6.293112700703837618e+04 1.687557581974837231e+05 1.512405203017008607e+05 1.038128885787008039e+05 6.814603087576421967e+04 1.523500580661769491e+05 1.926359506929859926e+05 1.067167979534714250e+05 3.505680109730410186e+04 3.269533682022022549e+04 2.876804224158279976e+04 2.629979387393806246e+04 2.460151964135220260e+04 2.322160712871339638e+04 2.160640697363688378e+04 1.969724205379465275e+04 1.771599528721802199e+04 1.608084841751113163e+04 1.473616054370286292e+04 1.364897551913712050e+04 1.269764668502186578e+04 1.178101708200423673e+04 1.094290487981678962e+04 1.015413609310012544e+04 9.406722193779525696e+03 8.726331905486495089e+03 8.140582882727194374e+03 7.661022547928425411e+03 7.258783635493706242e+03 6.839824896845935655e+03
-4.567999014618000365e+04 -8.610107387132855365e+04 -6.605997220905282302e+04 -4.055012575262289465e+04 -2.438866728121047345e+04 -1.769049179188105700e+04 3.456205131672016432e+04 2.257557790933460346e+05 2.330615709222322403e+04 1.783967107876933937e+02 1.327279659326281489e+03 9.037493059523693546e+02 1.208316349808346786e+03 2.225184988325595441e+03 3.342247212850404594e+03 3.801324321024352685e+03 3.485163005446773241e+03 2.956971452626710743e+03 2.639643849684644010e+03 2.677739069481453953e+03 2.857142058323109268e+03 2.878711175195443502e+03 2.684033990319838267e+03 2.382925503694960753e+03 2.143833261820844200e+03 2.048108897553710449e+03 2.050130300644693762e+03 2.035028163458379140e+03 1.940010280407786922e+03 1.758667219273642786e+03 6.090676372615917353e+04 1.569638734785827401e+05 1.374074713212537463e+05 9.108423368592228508e+04 6.172988014370795281e+04 4.627461126501685067e+04 9.605832514787235414e+04 1.119559123085429601e+05 6.817051982863739249e+04 2.825321284449341329e+04 2.466856196790905960e+04 2.103944060353220993e+04 2.001474836496395801e+04 1.996035515906164073e+04 1.942496715455979574e+04 1.766766838782071864e+04 1.521599999691000994e+04 1.324144030653668233e+04 1.215020772406825927e+04 1.175756843253011903e+04 1.139425399142760944e+04 1.060862346951147993e+04 9.516284056878197589e+03 8.465698657081251440e+03 7.749173615997813613e+03 7.383514069488594032e+03 7.156066846975250883e+03 6.825694971998675101e+03 6.331452688408272479e+03 5.737750007417986126e+03
-1.493989539933932065e+04 -2.378430176052171737e+04 -2.243227892600759515e+04 -1.647505213650999212e+04 -1.267205376355615954e+04 -9.555375908766742214e+03 -6.951910017207877900e+03 2.330615709222322403e+04 1.318923903539747698e+05 1.686888406764216779e+04 1.907872564015058060e+03 1.211670217759339266e+03 1.057079097116200046e+03 2.079948413358688413e+03 3.239318660071407066e+03 3.679489027974014334e+03 3.241712262226735220e+03 2.581988761818529383e+03 2.220829576931384508e+03 2.334387338847217961e+03 2.617728305515232933e+03 2.685584747363154747e+03 2.452273162439269072e+03 2.074004602718920069e+03 1.796926916114425694e+03 1.731224138201652750e+03 1.796074792639744373e+03 1.826450908251872534e+03 1.728244967611422908e+03 1.517214303569714957e+03 8.036407058378579677e+04 1.955396460115556547e+05 1.557624871697758499e+05 9.541799057645545690e+04 5.976606650987752073e+04 4.471556611764302215e+04 3.747951363731593301e+04 6.384468965846151696e+04 6.802515538975317031e+04 4.338838417472432775e+04 1.921886321318736373e+04 1.622744583569885981e+04 1.488738073447097668e+04 1.537746837860143387e+04 1.561641535667133576e+04 1.452158157753567866e+04 1.234483220533074564e+04 1.038915171382482731e+04 9.338240918373192471e+03 9.197883883646660252e+03 9.213504317049111705e+03 8.746194305770703068e+03 7.793111037191165451e+03 6.738170485561469832e+03 6.019603632754062346e+03 5.750966146743790887e+03 5.698926874325323297e+03 5.541225676543950613e+03 5.140471733405551277e+03 4.572725401444944509e+03
7.014648273499859897e+03 2.529064633997108467e+04 1.572020646696398944e+04 4.799033359467406626e+03 -4.053162594579734446e+02 -2.533828938394434772e+03 -1.655497691785644747e+03 1.783967107876933937e+02 1.686888406764216779e+04 7.834037458520606742e+04 1.099752566126412239e+04 1.151348684212875014e+03 9.556231448875651040e+02 1.534370025221586275e+03 2.497019516833708622e+03 2.928467424640303307e+03 2.643069625180116418e+03 2.112461815027104421e+03 1.778774863043087407e+03 1.838343886312071618e+03 2.073305103153746131e+03 2.160152774019966273e+03 1.995993723287359899e+03 1.686393567063606042e+03 1.436921419264583392e+03 1.361699026429314017e+03 1.410150895580447923e+03 1.445916654478321561e+03 1.380481410523104159e+03 1.214510446521605218e+03 8.980598833385109901e+04 2.204242403797042789e+05 1.724980266988046933e+05 1.003871687332752335e+05 5.964313564923044760e+04 4.179166450710764911e+04 3.499019323559662735e+04 2.993246677536356583e+04 4.118514832356752595e+04 3.892642107062478317e+04 2.590772853249921900e+04 1.147176467799658531e+04 1.066659305553615923e+04 1.084048359618504401e+04 1.128215768363043753e+04 1.072579531116078942e+04 9.232131097123139625e+03 7.740562109439548294e+03 6.863336942238865959e+03 6.732432911291130040e+03 6.809996799491560523e+03 6.553563276454480729e+03 5.886156323203369539e+03 5.069064791327484272e+03 4.467812792355732199e+03 4.228343996661546043e+03 4.199105303334748896e+03 4.117636557894510588e+03 3.847003379328545634e+03 3.420281298303551466e+03
1.078439281089994984e+04 3.260362190467651817e+04 2.454819617404951350e+04 1.237576574109349167e+04 5.107938380007099113e+03 1.648214106781526880e+03 5.031507491603568951e+02 1.327279659326281489e+03 1.907872564015058060e+03 1.099752566126412239e+04 4.972538842198501516e+04 6.990932983910232906e+03 6.786570770943756088e+02 1.027808908980725391e+03 1.603178228415572676e+03 2.007246830672856049e+03 1.921709029022715640e+03 1.618818933069545892e+03 1.379859225171882372e+03 1.378372087756398741e+03 1.512007425653511291e+03 1.579987209988867107e+03 1.495025632651921569e+03 1.299594517046053852e+03 1.119469056977806304e+03 1.040756727022126597e+03 1.049796288317793369e+03 1.066032933777849394e+03 1.026111951190090167e+03 9.190953941620964542e+02 7.903614822133388952e+04 1.962355002292432473e+05 1.573157690031311940e+05 9.359742179361591116e+04 5.569830072234720865e+04 3.849905489253544511e+04 3.059960594874565868e+04 2.582993123798169836e+04 1.993227571044814249e+04 2.459328536099947814e+04 2.399918068188014877e+04 1.581146789010208886e+04 7.401840754359814127e+03 7.586454170841847372e+03 7.715534535272905487e+03 7.467397654945155409e+03 6.605898492015015108e+03 5.684851608428084546e+03 5.066975343986023290e+03 4.895474675450403993e+03 4.881720475334810544e+03 4.700597963259187964e+03 4.278582879573988976e+03 3.743662289774808414e+03 3.315157305463264493e+03 3.101565944641991337e+03 3.034059016878582042e+03 2.957434435113143081e+03 2.775878988058334471e+03 2.493139249950753765e+03
-2.831204617180747846e+03 1.600679919823695400e+03 6.436276244935250361e+03 6.155214956988025733e+03 3.999020755268456014e+03 2.146608543323622143e+03 1.129210217176051174e+03 9.037493059523693546e+02 1.211670217759339266e+03 1.151348684212875014e+03 6.990932983910232906e+03 3.444107784401829849e+04 4.887284989532783584e+03 7.374697367567171113e+02 1.151356951693240035e+03 1.409336129545765743e+03 1.436305541074639677e+03 1.292383434814496923e+03 1.150344116237771232e+03 1.128834573995235587e+03 1.190166908781897291e+03 1.223291550950317742e+03 1.174843563144489053e+03 1.056902597333945323e+03 9.357515299866508940e+02 8.651683528791946856e+02 8.461510189363193604e+02 8.387874477499392469e+02 8.056998517768113288e+02 7.338974119805559440e+02 4.884716751160291460e+04 1.283507011179693800e+05 1.133383989352288481e+05 7.400744750856186147e+04 4.752811448623106116e+04 3.433428907904487278e+04 2.731595012712135212e+04 2.188275310013261696e+04 1.664266109545210202e+04 1.178613279960872569e+04 1.539378337239826578e+04 1.445646934561033413e+04 1.102114241966710324e+04 5.705225822493992382e+03 5.842170577603365018e+03 5.552371330680920437e+03 5.041865192150657094e+03 4.493414846954680797e+03 4.097866248593283672e+03 3.927415524575961626e+03 3.831605411633507629e+03 3.645150898077975853e+03 3.342265943742672789e+03 2.986253054975052237e+03 2.688386590633037486e+03 2.505965516900919283e+03 2.404925751385482272e+03 2.306417968500230927e+03 2.159039339552887213e+03 1.958634157185212871e+03
-1.482342903240901978e+04 -2.878660749309129460e+04 -1.457641398876847597e+04 -3.101678889502160018e+03 6.356407955485298089e+02 1.280702900634846856e+03 1.253446186087236811e+03 1.208316349808346786e+03 1.057079097116200046e+03 9.556231448875651040e+02 6.786570770943756088e+02 4.887284989532783584e+03 2.554082381377567071e+04 4.028932917307090520e+03 1.194342419697844889e+03 1.385030572851927900e+03 1.302514030250400083e+03 1.185404399994238247e+03 1.100666865304626526e+03 1.116938106269969921e+03 1.169416323839916913e+03 1.169040704370660023e+03 1.097841309026449835e+03 9.870204662194666980e+02 8.910169185050008309e+02 8.394742283714188034e+02 8.200065458074409435e+02 7.982132634816234713e+02 7.531683193581454816e+02 6.831524252025440092e+02 2.528747502583542882e+04 6.985272602784002083e+04 7.137448777885953314e+04 5.385611833645783190e+04 3.868408978239365388e+04 3.035696653136880195e+04 2.535824163268281700e+04 2.059582033340175258e+04 1.530321833295991382e+04 1.095401927739707389e+04 7.815862947558305677e+03 1.084181877209327104e+04 1.083131030571604970e+04 8.958349905488466902e+03 5.290018065232648951e+03 5.074255086009839943e+03 4.464051385609451245e+03 4.003511886414436049e+03 3.733433548185765630e+03 3.655050756493164954e+03 3.575880433962875031e+03 3.362895651563024330e+03 3.045153089375331547e+03 2.717280197285156646e+03 2.473120031900138201e+03 2.332759171508283544e+03 2.241526929180346087e+03 2.129393332976053898e+03 1.971357444124508902e+03 1.781408665999119194e+03
-1.353724220557255649e+04 -2.878944011564221000e+04 -1.684686660958579159e+04 -5.154928446483729203e+03 -4.280089983816235417e+02 1.048813493899334844e+03 1.796957057528545192e+03 2.225184988325595441e+03 2.079948413358688413e+03 1.534370025221586275e+03 1.027808908980725391e+03 7.374697367567171113e+02 4.028932917307090520e+03 1.944145532095057570e+04 3.764919160265473238e+03 1.589894717616653679e+03 1.409403105411860679e+03 1.171581634765267381e+03 1.096703524511938213e+03 1.170100118783022481e+03 1.264710633643380788e+03 1.253929118167183788e+03 1.138662362979101090e+03 9.899087169025399362e+02 8.887915034043808191e+02 8.580845779291793178e+02 8.596342661049413891e+02 8.402219287583579899e+02 7.804435359261537997e+02 6.943280515451060637e+02 2.287763846778411971e+04 5.961933831329020904e+04 5.896674138828013383e+04 4.491185956305677246e+04 3.331168955138916499e+04 2.724563856260169268e+04 2.405054740619289805e+04 2.058153706288761168e+04 1.580614610133562383e+04 1.125993447281277986e+04 8.068901785534506416e+03 6.290269772770074269e+03 9.086779977569658513e+03 8.792597294801675162e+03 7.920916575725283110e+03 5.024475600485626273e+03 4.358547955841670046e+03 3.728197180499160822e+03 3.493793483494429893e+03 3.542437187686857669e+03 3.572695276544240187e+03 3.373437640287547310e+03 2.998736966010336801e+03 2.613299437996576671e+03 2.364884298781703365e+03 2.268313810398822625e+03 2.225209128639922710e+03 2.129150096038323682e+03 1.954030305232171941e+03 1.740084717994471703e+03
-5.784715398218893370e+02 -2.031244379413839170e+02 9.197035085747359062e+02 1.881874662516193439e+03 2.090044520366117467e+03 2.160818260879064383e+03 2.696124976889673690e+03 3.342247212850404594e+03 3.239318660071407066e+03 2.497019516833708622e+03 1.603178228415572676e+03 1.151356951693240035e+03 1.194342419697844889e+03 3.764919160265473238e+03 1.486987574525569289e+04 3.324521955588106266e+03 1.445160094788994229e+03 1.159091386444922136e+03 1.026161223535224963e+03 1.127206916827726673e+03 1.259255011356454816e+03 1.264353876583341844e+03 1.133835856476433037e+03 9.585172804335888941e+02 8.447282498715837846e+02 8.238414103419968342e+02 8.452423909144506524e+02 8.385157676586077287e+02 7.776302704342319885e+02 6.828388306448177900e+02 3.762609626048892096e+04 9.172827577336769900e+04 7.596751679502660409e+04 4.883560182434886519e+04 3.251722029771406233e+04 2.535699378583616635e+04 2.251267366221076372e+04 2.009895618971681688e+04 1.607876431584365855e+04 1.170304555807998258e+04 8.252242785165213718e+03 6.447260898033362537e+03 5.874299351024083080e+03 8.054416554698897016e+03 7.408257032672628156e+03 6.607317484597062503e+03 4.009352192430129435e+03 3.373926551424239733e+03 3.073986277477321892e+03 3.199616782873734792e+03 3.332963579082437718e+03 3.198851626532712544e+03 2.825524173110369247e+03 2.409881017948941917e+03 2.148621982646616289e+03 2.078259290207303820e+03 2.081875665127442971e+03 2.021429812885464798e+03 1.856013097121208148e+03 1.634670849845843350e+03
1.383438529904243114e+04 3.219812038285641029e+04 2.220512275776409660e+04 1.137703347940702952e+04 5.976237965090349462e+03 3.831705891578155843e+03 3.458072404210479363e+03 3.801324321024352685e+03 3.679489027974014334e+03 2.928467424640303307e+03 2.007246830672856049e+03 1.409336129545765743e+03 1.385030572851927900e+03 1.589894717616653679e+03 3.324521955588106266e+03 1.117676853926300828e+04 2.521931243706561872e+03 1.033653335697501234e+03 8.988294078089168124e+02 9.528829795251153882e+02 1.082170714275109503e+03 1.104761656030819722e+03 1.000891571588711713e+03 8.438597439629988912e+02 7.354530530073921000e+02 7.135288347599127974e+02 7.370396162856147839e+02 7.392360115118812018e+02 6.907927515069079618e+02 6.073254869719714861e+02 5.421306901050826855e+04 1.288030909013155033e+05 9.794909822829146287e+04 5.637424275048791606e+04 3.367486657634440053e+04 2.412532104454022192e+04 2.046681932664819033e+04 1.821858412331902946e+04 1.487771885429443137e+04 1.104079689618991688e+04 7.878016661601170199e+03 6.072785767934381511e+03 5.563577556871972774e+03 5.406141002468295483e+03 6.609946482300222669e+03 5.781925060975852830e+03 4.656030448953946689e+03 2.745543951240309525e+03 2.504257980310345374e+03 2.582306977989513598e+03 2.742627561445699030e+03 2.675835377339089064e+03 2.383127738174982369e+03 2.024652188964234483e+03 1.788467891030491046e+03 1.726656283504606563e+03 1.744258406308702433e+03 1.711906589359689860e+03 1.581772600352487643e+03 1.392243212788226174e+03
1.589352319664982861e+04 3.879791386801412591e+04 2.850859401946617072e+04 1.508161745931505357e+04 7.889781990609852983e+03 4.773900521677513098e+03 3.663373899587711094e+03 3.485163005446773241e+03 3.241712262226735220e+03 2.643069625180116418e+03 1.921709029022715640e+03 1.436305541074639677e+03 1.302514030250400083e+03 1.409403105411860679e+03 1.445160094788994229e+03 2.521931243706561872e+03 8.325736689376444701e+03 1.786050834473704072e+03 7.349152523149510898e+02 7.540827070066477518e+02 8.241202456366825118e+02 8.535935373911800070e+02 7.923084881412228242e+02 6.841052984907654491e+02 6.001053627973324183e+02 5.749977692257493800e+02 5.864102917299258024e+02 5.880992097506896243e+02 5.552715414139630639e+02 4.947881011381240342e+02 5.238323373391629866e+04 1.277481577816968784e+05 9.869128828619525302e+04 5.640242157861668238e+04 3.282779855849539308e+04 2.258888342153866688e+04 1.816864411888837640e+04 1.549341541511064679e+04 1.247421353616790657e+04 9.348585254883020752e+03 6.822374221661153570e+03 5.361071643902178039e+03 4.798969712921938481e+03 4.603365113879746787e+03 4.164315363495892598e+03 4.664395965339112081e+03 3.599816230364208423e+03 3.085194878956393040e+03 1.884597151946013128e+03 1.943167671148421505e+03 2.029550655928833748e+03 2.004539690724323918e+03 1.817839497570875665e+03 1.570970002624475455e+03 1.394399931438542808e+03 1.336453508480339678e+03 1.340296431109567948e+03 1.316652038585321861e+03 1.226018953771981160e+03 1.089193655808381209e+03
7.078956136305835571e+03 1.925468754420395271e+04 1.710723265815782361e+04 1.100592659183025171e+04 6.743614177128776646e+03 4.510928113102538191e+03 3.432401978834451256e+03 2.956971452626710743e+03 2.581988761818529383e+03 2.112461815027104421e+03 1.618818933069545892e+03 1.292383434814496923e+03 1.185404399994238247e+03 1.171581634765267381e+03 1.159091386444922136e+03 1.033653335697501234e+03 1.786050834473704072e+03 6.446255756202681368e+03 1.372203722984363594e+03 6.269452753643035976e+02 6.623793851854202330e+02 6.667870378141997207e+02 6.337612006239232869e+02 5.656518423262400574e+02 5.072044127344221351e+02 4.826325115725937849e+02 4.821242150240601632e+02 4.780961077407534958e+02 4.539805383662060763e+02 4.114697713349692094e+02 3.523863089616540674e+04 8.950173579719456029e+04 7.493380478831729852e+04 4.647959304114030965e+04 2.877336190815833106e+04 2.044333241201880446e+04 1.627495118640058718e+04 1.329725858206917110e+04 1.033596981507109740e+04 7.699190541189922442e+03 5.749968299870706687e+03 4.658797627590553020e+03 4.186556508538860726e+03 3.863581459655324124e+03 3.437690314046468757e+03 2.796523536642821455e+03 3.051522576437635507e+03 2.347500677679286127e+03 2.257412778739091664e+03 1.502628125937681489e+03 1.563017812489672906e+03 1.521160871444162694e+03 1.405402297971824282e+03 1.246527112953286405e+03 1.126349623920600152e+03 1.076085425306844172e+03 1.064366352079192893e+03 1.037355490575249405e+03 9.702222086443053968e+02 8.733558101120001993e+02
-3.181431314066974664e+03 -5.595280560358208277e+03 2.651537647211798685e+02 3.659725934712705566e+03 3.923718545265632201e+03 3.436978111087769321e+03 3.002729758441294507e+03 2.639643849684644010e+03 2.220829576931384508e+03 1.778774863043087407e+03 1.379859225171882372e+03 1.150344116237771232e+03 1.100666865304626526e+03 1.096703524511938213e+03 1.026161223535224963e+03 8.988294078089168124e+02 7.349152523149510898e+02 1.372203722984363594e+03 5.214552202128649697e+03 1.194719650769145574e+03 6.220293595965551958e+02 6.155719835692168544e+02 5.685177870177135446e+02 5.146673678446920803e+02 4.709076166410322912e+02 4.527267479079183659e+02 4.492564424539909851e+02 4.401702826568329101e+02 4.155853472423432322e+02 3.787321797933126959e+02 1.717568313581782422e+04 4.588917920829362993e+04 4.488448086070486170e+04 3.285502019252996251e+04 2.309964680645223416e+04 1.786129716577111685e+04 1.484500244274403667e+04 1.213501674586820081e+04 9.227811487757368013e+03 6.769548735797916379e+03 5.075102526038546785e+03 4.198680550804263476e+03 3.849178304108871544e+03 3.565425576416955664e+03 3.102653712773573261e+03 2.523271545326798787e+03 1.943059777838059290e+03 2.262674055817947192e+03 1.761534739870893191e+03 1.917925364645941499e+03 1.376446802759559887e+03 1.345279294895100747e+03 1.222819369584277410e+03 1.097483948835578531e+03 1.008478653615051940e+03 9.735075558804858247e+02 9.609462895297883733e+02 9.300087708994508375e+02 8.669639135123136384e+02 7.841946899724393916e+02
-7.903101508496282804e+03 -1.679030321740404906e+04 -7.741078927641042355e+03 -5.270658144938581700e+02 1.925534333094929025e+03 2.511175594623447068e+03 2.698274840776310157e+03 2.677739069481453953e+03 2.334387338847217961e+03 1.838343886312071618e+03 1.378372087756398741e+03 1.128834573995235587e+03 1.116938106269969921e+03 1.170100118783022481e+03 1.127206916827726673e+03 9.528829795251153882e+02 7.540827070066477518e+02 6.269452753643035976e+02 1.194719650769145574e+03 4.404005072572977951e+03 1.155054818307398364e+03 6.624520922845510995e+02 5.986321706625760726e+02 5.181195663834594143e+02 4.740750821145643386e+02 4.645422795562778902e+02 4.693902465618012911e+02 4.609015705472703530e+02 4.306474333217325920e+02 3.876420953320540548e+02 8.363543677906194716e+03 2.495144501955951273e+04 2.951201029884735181e+04 2.457768328080800711e+04 1.895220498836359184e+04 1.571516549022197069e+04 1.385137401594062794e+04 1.182798648053928264e+04 9.161320406176673714e+03 6.694986441256806756e+03 4.940718559664838722e+03 4.050097897070507315e+03 3.784117703807275575e+03 3.623955031394305479e+03 3.235755371802308218e+03 2.620328079400687784e+03 2.016341814807586161e+03 1.612588711046848402e+03 1.973861174722636406e+03 1.622235865682260282e+03 1.867368603662559281e+03 1.378560964188413664e+03 1.245934184979033489e+03 1.081366343692021928e+03 9.932064732239714431e+02 9.759131937600645870e+02 9.819616595452810088e+02 9.563115618230498285e+02 8.864194473518816721e+02 7.944573030233655118e+02
-1.511414665815610533e+03 -4.272801832625020324e+03 -1.396336503807981899e+03 1.364541300799159217e+03 2.205814365723465926e+03 2.397639129322624285e+03 2.659275933672737665e+03 2.857142058323109268e+03 2.617728305515232933e+03 2.073305103153746131e+03 1.512007425653511291e+03 1.190166908781897291e+03 1.169416323839916913e+03 1.264710633643380788e+03 1.259255011356454816e+03 1.082170714275109503e+03 8.241202456366825118e+02 6.623793851854202330e+02 6.220293595965551958e+02 1.155054818307398364e+03 3.778651224664584788e+03 1.096222252656769797e+03 6.297688223185045899e+02 5.320740679741049917e+02 4.687552740282479249e+02 4.644242301971732445e+02 4.796290721621776356e+02 4.773055992674643448e+02 4.447617621160294448e+02 3.948387433482856750e+02 1.685194434846636432e+04 4.066755147042587487e+04 3.604152345674560638e+04 2.537277155221075373e+04 1.800786126364177471e+04 1.452662743147331639e+04 1.301979484596460497e+04 1.157536082186982640e+04 9.273967765260254964e+03 6.849246099063037036e+03 4.981854879729977256e+03 3.992881077681792704e+03 3.735046601966025264e+03 3.680370861610639622e+03 3.391687015308494210e+03 2.796838360702256978e+03 2.122977161692524078e+03 1.687580398040515320e+03 1.508706324263233455e+03 1.932552131266926153e+03 1.575635104455173405e+03 1.766205491746584357e+03 1.257860855114463902e+03 1.077373106397398033e+03 9.617579272707696418e+02 9.563357890776438808e+02 9.844392001493234829e+02 9.738072377592233124e+02 9.034608243202760605e+02 8.017858789546803564e+02
6.814526405104666082e+03 1.554117364998945777e+04 1.138849826369505536e+04 6.505512229571069838e+03 3.973713145245539636e+03 2.929376963093277482e+03 2.751973719639258888e+03 2.878711175195443502e+03 2.685584747363154747e+03 2.160152774019966273e+03 1.579987209988867107e+03 1.223291550950317742e+03 1.169040704370660023e+03 1.253929118167183788e+03 1.264353876583341844e+03 1.104761656030819722e+03 8.535935373911800070e+02 6.667870378141997207e+02 6.155719835692168544e+02 6.624520922845510995e+02 1.096222252656769797e+03 3.193472704050016546e+03 9.235026702516613568e+02 5.090182154272434900e+02 4.415779933032124518e+02 4.264659457747189890e+02 4.449206613082765216e+02 4.480662838489485011e+02 4.201034570921449358e+02 3.715120434443455224e+02 2.802206913466486003e+04 6.720366622624083539e+04 5.220951308548638190e+04 3.089883890472733401e+04 1.910132191969724227e+04 1.407649414620567404e+04 1.211875827760380525e+04 1.081116357627247635e+04 8.831338494152074418e+03 6.611848615393932050e+03 4.807887990978397283e+03 3.803306434613910824e+03 3.515365427806282696e+03 3.475453443230201628e+03 3.252991677924116630e+03 2.723179966525001873e+03 2.085289920300849190e+03 1.637300172040471352e+03 1.467828224994511402e+03 1.479581334360439314e+03 1.795912369530510205e+03 1.340792130466027629e+03 1.433017211034033608e+03 9.787309102762557131e+02 8.697607163699806279e+02 8.530860377606950351e+02 8.906486766000160742e+02 8.938597993823018442e+02 8.362565647040432850e+02 7.415822239098756654e+02
1.134465496709008949e+04 2.633494862640696010e+04 1.907075745678426028e+04 1.015246247506273721e+04 5.469464761420827926e+03 3.500345784255064700e+03 2.821490445968281620e+03 2.684033990319838267e+03 2.452273162439269072e+03 1.995993723287359899e+03 1.495025632651921569e+03 1.174843563144489053e+03 1.097841309026449835e+03 1.138662362979101090e+03 1.133835856476433037e+03 1.000891571588711713e+03 7.923084881412228242e+02 6.337612006239232869e+02 5.685177870177135446e+02 5.986321706625760726e+02 6.297688223185045899e+02 9.235026702516613568e+02 2.615847485026938557e+03 7.240886509063839185e+02 3.949146097365046444e+02 3.741769759732715102e+02 3.791946508592355940e+02 3.833575986372312627e+02 3.625469133926090990e+02 3.228447744510909843e+02 3.320383865244202025e+04 7.954556350992308580e+04 6.054964026078169991e+04 3.427583767621815059e+04 1.988785960929552311e+04 1.375901615390426559e+04 1.119014566215592640e+04 9.647511840860264783e+03 7.826013042923395005e+03 5.901723318005890178e+03 4.342657981515572828e+03 3.453871387605699510e+03 3.152143346354080677e+03 3.060879106329499336e+03 2.845738416284359573e+03 2.398851902772180892e+03 1.865055680726020910e+03 1.485225126388082117e+03 1.315543253692579583e+03 1.320202422925742667e+03 1.307094672731327591e+03 1.437099745376563988e+03 9.628233835212040503e+02 1.046476049576705009e+03 7.242249591857512314e+02 7.099425926930057358e+02 7.312549046196447762e+02 7.405527326555057925e+02 7.007829068978791156e+02 6.275109189413333297e+02
8.664541754551621125e+03 2.101423007921069075e+04 1.634875839079189609e+04 9.434746776805832269e+03 5.428704633311068392e+03 3.552308947141278622e+03 2.731288139144457091e+03 2.382925503694960753e+03 2.074004602718920069e+03 1.686393567063606042e+03 1.299594517046053852e+03 1.056902597333945323e+03 9.870204662194666980e+02 9.899087169025399362e+02 9.585172804335888941e+02 8.438597439629988912e+02 6.841052984907654491e+02 5.656518423262400574e+02 5.146673678446920803e+02 5.181195663834594143e+02 5.320740679741049917e+02 5.090182154272434900e+02 7.240886509063839185e+02 2.153608764458122096e+03 5.751253310456716008e+02 3.274342325422786644e+02 3.225179331069009550e+02 3.161640849614529998e+02 3.005544893827486135e+02 2.706834945828727541e+02 2.737826097599579225e+04 6.740965983196947491e+04 5.333515918092093489e+04 3.138265913538367022e+04 1.869365260986184876e+04 1.296664125356705699e+04 1.027850683171555647e+04 8.495688877769378450e+03 6.692593219843271072e+03 5.020943073034164627e+03 3.748946169961388932e+03 3.039432899323167476e+03 2.768588413688651599e+03 2.626294022721467627e+03 2.388200993531417225e+03 2.002686737411687318e+03 1.580636523719869729e+03 1.287590520050050600e+03 1.151260097686295467e+03 1.124826628863542737e+03 1.100110756501229389e+03 9.926309422862368592e+02 1.040224242806270240e+03 6.253017945625003904e+02 7.714213435559311165e+02 5.731253071922603795e+02 5.874035080468013348e+02 5.857248398605338480e+02 5.601988055965805415e+02 5.096073519912425809e+02
2.171544327451832942e+03 6.071150329547322144e+03 6.896569763949288244e+03 5.544820711486483560e+03 4.013198796043554921e+03 3.041659786027383689e+03 2.492022054550325265e+03 2.143833261820844200e+03 1.796926916114425694e+03 1.436921419264583392e+03 1.119469056977806304e+03 9.357515299866508940e+02 8.910169185050008309e+02 8.887915034043808191e+02 8.447282498715837846e+02 7.354530530073921000e+02 6.001053627973324183e+02 5.072044127344221351e+02 4.709076166410322912e+02 4.740750821145643386e+02 4.687552740282479249e+02 4.415779933032124518e+02 3.949146097365046444e+02 5.751253310456716008e+02 1.821647034366413209e+03 4.964874845261679184e+02 2.954938606592445467e+02 2.830483123419567164e+02 2.614731005314311005e+02 2.364426911729274252e+02 1.603600836218800214e+04 4.124448496280522522e+04 3.646344295687249542e+04 2.412011647823592284e+04 1.578152688229763953e+04 1.166200636873469193e+04 9.464988371401297627e+03 7.725712000309678842e+03 5.933507095481327269e+03 4.386804312448877681e+03 3.289140727986256024e+03 2.709505130474183716e+03 2.493596756893731254e+03 2.350954183169530552e+03 2.104369485869941855e+03 1.746098245018311900e+03 1.382966306382295443e+03 1.144669908592682987e+03 1.038752771453622699e+03 1.014179001448138365e+03 9.690709118597528686e+02 8.710893085410472167e+02 7.330311564585422275e+02 7.689809033834044385e+02 4.277987763458847326e+02 6.369645148455460912e+02 5.055435437351711698e+02 5.030043016384648809e+02 4.743521614203137915e+02 4.362969564915539422e+02
-2.612694209148955906e+03 -5.259908315993117867e+03 -8.717454046124166780e+02 1.935003366080863088e+03 2.471586609589553518e+03 2.366582859743387417e+03 2.228175350518316918e+03 2.048108897553710449e+03 1.731224138201652750e+03 1.361699026429314017e+03 1.040756727022126597e+03 8.651683528791946856e+02 8.394742283714188034e+02 8.580845779291793178e+02 8.238414103419968342e+02 7.135288347599127974e+02 5.749977692257493800e+02 4.826325115725937849e+02 4.527267479079183659e+02 4.645422795562778902e+02 4.644242301971732445e+02 4.264659457747189890e+02 3.741769759732715102e+02 3.274342325422786644e+02 4.964874845261679184e+02 1.593730793882527450e+03 4.596539261348449941e+02 2.821638275685872372e+02 2.556981651579005757e+02 2.231468054522303532e+02 7.737232161401815574e+03 2.154550319367962220e+04 2.276776079539355851e+04 1.760535605177090474e+04 1.288172878512948046e+04 1.027929769997292897e+04 8.802379745486370666e+03 7.379133498371109454e+03 5.683710847850789833e+03 4.162561065292500643e+03 3.085334251111344201e+03 2.532680692718746286e+03 2.357595086025896308e+03 2.259394795164391780e+03 2.039436777503377471e+03 1.688372950608548308e+03 1.326168333278463251e+03 1.092643545158502093e+03 1.000152111124931253e+03 9.928857520361930256e+02 9.598961530609019519e+02 8.547173627306360686e+02 7.191124152686750222e+02 5.947399049323250892e+02 6.527997532219246750e+02 3.490196787637830766e+02 6.070095001525627367e+02 4.886412081968371126e+02 4.601181084385406166e+02 4.144877082033652869e+02
