6.572103941164194047e+07 3.413678902175117284e+06 2.109227567777547520e+05 7.249445765612149262e+04 2.276607310959989991e+04 1.916934523406855442e+04 1.717758228034368949e+04 1.573146914216284858e+04 1.388944368346671035e+04 1.163748008637454041e+04 9.585737516266472085e+03 8.187875893447915587e+03 7.512532924224691669e+03 7.156537490095533940e+03 6.687027406596291257e+03 5.965973179743014043e+03 5.101284862093205447e+03 4.397068036717941141e+03 3.990176441937755953e+03 3.809030648928367555e+03 3.698096029882443872e+03 3.466659652441087928e+03 3.121454013009293249e+03 2.755514365046393777e+03 2.475072211755162243e+03 2.320015208877583973e+03 2.252836996601577539e+03 2.170069422608477907e+03 2.039507499015667463e+03 1.863634744756820965e+03 1.200006073441760615e+07 -9.609558546365037328e+05 -2.350535342015510250e+05 -4.653947230071245576e+04 2.162391845591865422e+04 1.786022157602896186e+04 1.584835432474866502e+04 1.464769575764243928e+04 1.319913530719838309e+04 1.116230832462223043e+04 9.080525495144160232e+03 7.498066542631650918e+03 6.746388311282154973e+03 6.527152655410593070e+03 6.299420694749991526e+03 5.764685479582385597e+03 4.901120171581567774e+03 4.078721546006289827e+03 3.583558732743687870e+03 3.414992250758691625e+03 3.434255502770110979e+03 3.323186607875452864e+03 3.019922882336753901e+03 2.613249636514756276e+03 2.267410176773949388e+03 2.086053097314681054e+03 2.063872368023747185e+03 2.045348009601938429e+03 1.960652507745089451e+03 1.785274066199665640e+03
3.413678902175117284e+06 1.146528997445454821e+07 8.606875793091537198e+05 9.686624229798224405e+04 1.548718490298166762e+04 2.294845653535785459e+04 2.018671261800965658e+04 1.848431392722145392e+04 1.685856687186162162e+04 1.462951305619177583e+04 1.217386759809909563e+04 1.014116318912002316e+04 8.985869182391445065e+03 8.541249638821063854e+03 8.227270516817367024e+03 7.606421321888550665e+03 6.603369218356385318e+03 5.559362427210426176e+03 4.858715436083413806e+03 4.564851114801067524e+03 4.526234599517787501e+03 4.400880409973644419e+03 4.044206628907400045e+03 3.543079732075698303e+03 3.086818304886414808e+03 2.821337428260605066e+03 2.751686584832255903e+03 2.722247186145238629e+03 2.617188939081649551e+03 2.404215323083165003e+03 9.656461025771179702e+05 3.774095939122204203e+06 -1.267352438724214444e+05 -4.875196979307856236e+04 4.632927594263343963e+03 2.436472589617460471e+04 2.137670792380010244e+04 1.974423776897259813e+04 1.839536324743772275e+04 1.622623465083405245e+04 1.346135207892841936e+04 1.090132043667474500e+04 9.387619462916361954e+03 8.974909169115817349e+03 8.936440475555744342e+03 8.533490171961560918e+03 7.448844391182662548e+03 6.085693519433489200e+03 5.098977698597835115e+03 4.722681970391167852e+03 4.838440095404781459e+03 4.898962910002901481e+03 4.586149360102879655e+03 3.963292269505191143e+03 3.320834522797620139e+03 2.943720710578961189e+03 2.906432342022793819e+03 2.975834738801515869e+03 2.940083640231830941e+03 2.708286572622394488e+03
2.109227567777547520e+05 8.606875793091537198e+05 4.066112397659392096e+06 3.596682329485139344e+05 5.453280593282227346e+04 3.019062116974475794e+04 1.929900046010380174e+04 1.723817573219207407e+04 1.557112364528678518e+04 1.377634939215608028e+04 1.179760534714604000e+04 1.001623258980515493e+04 8.772543600649212749e+03 8.082446850955290756e+03 7.628812048292038526e+03 7.066315732932789615e+03 6.280580367287684567e+03 5.429893998340407961e+03 4.768150078253242100e+03 4.401251101029989513e+03 4.237886135342629132e+03 4.078320625740186188e+03 3.785960600314962903e+03 3.386692723863819083e+03 3.002352116890533580e+03 2.740080103096106086e+03 2.615161972523209442e+03 2.545281744485105264e+03 2.438818684123556523e+03 2.263350105793137118e+03 3.891306316814314050e+04 2.785063722946939524e+05 1.374751607733802171e+06 -6.332740098068725274e+03 -7.229644106002748231e+03 1.071273663314937949e+04 1.891416560515244782e+04 1.723796011219376669e+04 1.590801767527794436e+04 1.433448222472922134e+04 1.232612482866353821e+04 1.032766191691365566e+04 8.887218250781239476e+03 8.195665643462296430e+03 7.912523423996604834e+03 7.516713974836578018e+03 6.735497559681694838e+03 5.724250474992377349e+03 4.880098635121741609e+03 4.447845400100588449e+03 4.362898937717129229e+03 4.329449817348306169e+03 4.089659141333941079e+03 3.632677820262847490e+03 3.136331727584621149e+03 2.797372503344141478e+03 2.680198942552395238e+03 2.673149880456540359e+03 2.618950403225223909e+03 2.441655639559535302e+03
7.249445765612149262e+04 9.686624229798224405e+04 3.596682329485139344e+05 1.865951920714862645e+06 1.877321084056062682e+05 3.556118510881900147e+04 2.186153271373947791e+04 1.526361571349614132e+04 1.359115137144209621e+04 1.212098728433029100e+04 1.065932611960977010e+04 9.251060419453951909e+03 8.086414024597876960e+03 7.252776171730683927e+03 6.664393037340329101e+03 6.140039066125874342e+03 5.559426680160726391e+03 4.943582094317933297e+03 4.397288746047110180e+03 4.001502042180967692e+03 3.743582262851242831e+03 3.535525801406707615e+03 3.298165662468691608e+03 3.013731466494985398e+03 2.728250757777350827e+03 2.497438160101964058e+03 2.340408754530473288e+03 2.228954386520774278e+03 2.118594250903712236e+03 1.982559630701627157e+03 1.888853824775493558e+04 3.513415884976014786e+04 1.062656899367358856e+05 5.718493996663724538e+05 6.277676043437606495e+03 2.689442856303216445e+02 8.889204300735964352e+03 1.315955175366012554e+04 1.208183553304057932e+04 1.103829311572615552e+04 9.867792635191734007e+03 8.607308019142084959e+03 7.505090702832889292e+03 6.735597250656426695e+03 6.258938538693188093e+03 5.862869382957249400e+03 5.362237383122102983e+03 4.751524781167390756e+03 4.170699744485478732e+03 3.761287717706572039e+03 3.542414888064527986e+03 3.403272478119608422e+03 3.218767205015099535e+03 2.942082243712419768e+03 2.631061640885249290e+03 2.376645111884702601e+03 2.224767384091532222e+03 2.144792491688299378e+03 2.068867749296198326e+03 1.947877735203488101e+03
2.276607310959989991e+04 1.548718490298166762e+04 5.453280593282227346e+04 1.877321084056062682e+05 1.039742329290133901e+06 1.152835743843671953e+05 2.535581069149469113e+04 1.666315748139920470e+04 1.222291833084510654e+04 1.089751833437445748e+04 9.713227595150914567e+03 8.580937794510471576e+03 7.536969887521163400e+03 6.674618838906026212e+03 6.016828787101348098e+03 5.499261783831834691e+03 5.026094387805378574e+03 4.550004922709906168e+03 4.091812764845005404e+03 3.700155032065887099e+03 3.399237594779259325e+03 3.165785864424561623e+03 2.954286068763322874e+03 2.735120240000493141e+03 2.510397705993296768e+03 2.304985857816772295e+03 2.138109026508808711e+03 2.007393630946149642e+03 1.894622212116285027e+03 1.780041094542643123e+03 1.101546783457434503e+04 1.380145188912177764e+04 1.959924720267602970e+04 4.963606881030645309e+04 2.776109647240232443e+05 3.470127227083873549e+03 1.808702158544766235e+03 6.565578202857157521e+03 9.239503986060521129e+03 8.572582636329394518e+03 7.897838643692361984e+03 7.151254955810283718e+03 6.364211567743010164e+03 5.666034106397753931e+03 5.135993165561267233e+03 4.743794173014071930e+03 4.388666079318512857e+03 4.001574452281226968e+03 3.596970286383019356e+03 3.239501937810615800e+03 2.976219495738233036e+03 2.792041918743367205e+03 2.631541749542150683e+03 2.450580276746145501e+03 2.245793754688591889e+03 2.050582028227577212e+03 1.896956740421887389e+03 1.788303322884494037e+03 1.702345839747418268e+03 1.611668452832522235e+03
1.916934523406855442e+04 2.294845653535785459e+04 3.019062116974475794e+04 3.556118510881900147e+04 1.152835743843671953e+05 6.607995261799065629e+05 7.897937550557740906e+04 1.947406934924821689e+04 1.344301667820478178e+04 1.020078957098283718e+04 9.111884431692289581e+03 8.147600927940909969e+03 7.245914049272265402e+03 6.421128743808797481e+03 5.727366285011534274e+03 5.176151112153994291e+03 4.726805016677997628e+03 4.320487177314338624e+03 3.927127926519902758e+03 3.558661301936264408e+03 3.240927977209542405e+03 2.984376986667374695e+03 2.773112800251581575e+03 2.580380980536508105e+03 2.390447425058442150e+03 2.205444533497210614e+03 2.038325674358955894e+03 1.897043111756604958e+03 1.777933595488138963e+03 1.668051184458438911e+03 8.780140764268769999e+03 1.556790385553160559e+04 1.324541892868759169e+04 1.028348772557800112e+04 2.556628141343619063e+04 1.573509763423976256e+05 3.538645315200407367e+03 2.051736391829929744e+03 5.077714370095691265e+03 6.954812726107964409e+03 6.555607882388533653e+03 6.127316506165138890e+03 5.617734773484407015e+03 5.056500946535178628e+03 4.544423439035759657e+03 4.142090809680290477e+03 3.832386315025908061e+03 3.551215535139067924e+03 3.255594880217266564e+03 2.956192426778025037e+03 2.690552400245207536e+03 2.483198097963191231e+03 2.323170048953642436e+03 2.179036254737427953e+03 2.028560374441998874e+03 1.872341728158583919e+03 1.728032557764926651e+03 1.609740577200553616e+03 1.516464245216579457e+03 1.435501672046141266e+03
1.717758228034368949e+04 2.018671261800965658e+04 1.929900046010380174e+04 2.186153271373947791e+04 2.535581069149469113e+04 7.897937550557740906e+04 4.574198151549458271e+05 5.760357154330094636e+04 1.564208485279267370e+04 1.116647345880543799e+04 8.687632274474195583e+03 7.808390051083586513e+03 7.030463852787466749e+03 6.291932942902163632e+03 5.604001177201275823e+03 5.015620130813550531e+03 4.543858367597689721e+03 4.159442009749106546e+03 3.813852559446590931e+03 3.481648977401278898e+03 3.169025664674770269e+03 2.895349943265347065e+03 2.669464844774575795e+03 2.480515678022403335e+03 2.309328633938690473e+03 2.143857948763959939e+03 1.984150431314191337e+03 1.837875508607562097e+03 1.709402955242129792e+03 1.593026252726861003e+03 7.740725292421769154e+03 1.341369403530823183e+04 1.198278708743238531e+04 7.813334082363291600e+03 5.682624595478962874e+03 1.333349048403272536e+04 1.087613737958927231e+05 2.531398297634885239e+03 1.880190446675690509e+03 4.081083983200052899e+03 5.467287332315206186e+03 5.250058152193121714e+03 4.971243284833595681e+03 4.593666744064219529e+03 4.161735148171473156e+03 3.766822090349850441e+03 3.458566420433166059e+03 3.219047982411063913e+03 2.996031210196541451e+03 2.759899589943977389e+03 2.520381244388364394e+03 2.306600870962700355e+03 2.135919576644382687e+03 1.999851592894660598e+03 1.876581695061261826e+03 1.751364922036756980e+03 1.624368163110974592e+03 1.507142609209504371e+03 1.408157065363927359e+03 1.326162994242637524e+03
1.573146914216284858e+04 1.848431392722145392e+04 1.723817573219207407e+04 1.526361571349614132e+04 1.666315748139920470e+04 1.947406934924821689e+04 5.760357154330094636e+04 3.316368408337299479e+05 4.358612670821773645e+04 1.275546049941934689e+04 9.361572290121726837e+03 7.448607454108458114e+03 6.743354536082732011e+03 6.094658207847833182e+03 5.465522887704382811e+03 4.881056528986633566e+03 4.387888210820937275e+03 3.995621851140069339e+03 3.672012355746845060e+03 3.375671502588378644e+03 3.087355692976092087e+03 2.816020809214416659e+03 2.579189228043644107e+03 2.383268337547556257e+03 2.218126819604884986e+03 2.067257693160097915e+03 1.920172172414644592e+03 1.776300987485076575e+03 1.640595238992644227e+03 1.512324891660773574e+03 7.586115989372121476e+03 1.272437969267922017e+04 1.094878008357961153e+04 7.889929374827415813e+03 4.794417541859445919e+03 3.563471718453612993e+03 9.917561309349563089e+03 6.971827242050776840e+04 1.049973823263258964e+03 1.597454628127225078e+03 3.187893535098075972e+03 4.314335573089601894e+03 4.210726360773631313e+03 4.015636552534761904e+03 3.725312702821419407e+03 3.395861915999071243e+03 3.103715369256434315e+03 2.878635092237601384e+03 2.696908163585621878e+03 2.518939525246966696e+03 2.326414548554766043e+03 2.132694591415317518e+03 1.961472300189023827e+03 1.824168514033457996e+03 1.712597101226202767e+03 1.610019473511014894e+03 1.505477145816078973e+03 1.400242280289825430e+03 1.302316687575350443e+03 1.216993172073374581e+03
1.388944368346671035e+04 1.685856687186162162e+04 1.557112364528678518e+04 1.359115137144209621e+04 1.222291833084510654e+04 1.344301667820478178e+04 1.564208485279267370e+04 4.358612670821773645e+04 2.474169214126112056e+05 3.399347018125576869e+04 1.052184408783882827e+04 7.904697961208264132e+03 6.390180374972727805e+03 5.797722825488677699e+03 5.241984873328538015e+03 4.710827488718717177e+03 4.229756377980978868e+03 3.828299307113817122e+03 3.502713449235491680e+03 3.224747169190682143e+03 2.964755876413722945e+03 2.713862572085346983e+03 2.482051151515443053e+03 2.281491985817662680e+03 2.113822995726340196e+03 1.968300207347036576e+03 1.830698113556000635e+03 1.692828679574249691e+03 1.553859256259288486e+03 1.412828876013041736e+03 7.365608882375632675e+03 1.248428074735352675e+04 1.042563434362015687e+04 7.260589880655168599e+03 5.190179776600013611e+03 3.285491434113667310e+03 2.560928972236891696e+03 5.981002484837265911e+03 4.156393724311953702e+04 1.384377965633803115e+03 1.125748906004825585e+03 2.426167573485888170e+03 3.346216415488426719e+03 3.296040306317520844e+03 3.156082534543046677e+03 2.946240538567948533e+03 2.716750772423722083e+03 2.516817806793122145e+03 2.356742465184900993e+03 2.217049473162921458e+03 2.072685824274190054e+03 1.918286917357781476e+03 1.767452842770992902e+03 1.636283391451173429e+03 1.529866249896016143e+03 1.440023132643784948e+03 1.353839543938192037e+03 1.265266013134744526e+03 1.175482306733972109e+03 1.089522506284611836e+03
1.163748008637454041e+04 1.462951305619177583e+04 1.377634939215608028e+04 1.212098728433029100e+04 1.089751833437445748e+04 1.020078957098283718e+04 1.116647345880543799e+04 1.275546049941934689e+04 3.399347018125576869e+04 1.910148336962466128e+05 2.700753290817579546e+04 8.836558089707734325e+03 6.755382568159197035e+03 5.510659364471868685e+03 5.004424401698588554e+03 4.535233309188843123e+03 4.096404236496913654e+03 3.702147546164431787e+03 3.367220779335841144e+03 3.087096265115917049e+03 2.842090563698047845e+03 2.614145171160125756e+03 2.398538409037870224e+03 2.201395559930988384e+03 2.028831622084531546e+03 1.878849528975035582e+03 1.741216246850071002e+03 1.604638128279489365e+03 1.462425128276878922e+03 1.308605217546442418e+03 6.415651213406881652e+03 1.133364708308997433e+04 9.651376451406902561e+03 6.741343587269984710e+03 4.770888400125838416e+03 3.743761282554253285e+03 2.441376508526244834e+03 1.672861816282497330e+03 2.960519623794331892e+03 2.928239996944936138e+04 1.214707704986837911e+02 8.035253981477951584e+02 1.804204032991855456e+03 2.587388841532013430e+03 2.567133224428419453e+03 2.478437917363050474e+03 2.343042691607839515e+03 2.192728825442638026e+03 2.054557648619533211e+03 1.934715010273331018e+03 1.822370000278344833e+03 1.706473067996359077e+03 1.586808879175036509e+03 1.472429711343431336e+03 1.372017118939162174e+03 1.286737756107815130e+03 1.209286745283956861e+03 1.132081349343379088e+03 1.050875111906973189e+03 9.659319428557995479e+02
9.585737516266472085e+03 1.217386759809909563e+04 1.179760534714604000e+04 1.065932611960977010e+04 9.713227595150914567e+03 9.111884431692289581e+03 8.687632274474195583e+03 9.361572290121726837e+03 1.052184408783882827e+04 2.700753290817579546e+04 1.529114217227268091e+05 2.230216833582141408e+04 7.590170420861870298e+03 5.867796592975217209e+03 4.827501540338414998e+03 4.397023981418349649e+03 4.001667966385873115e+03 3.632919460209373938e+03 3.297620897392581810e+03 3.007299106751147519e+03 2.760004081113736447e+03 2.543254522886627456e+03 2.343520818780351874e+03 2.155146528124247197e+03 1.980027290387867652e+03 1.820179766694137697e+03 1.672316948138527096e+03 1.527911997646493091e+03 1.377427825775173460e+03 1.209435643350941973e+03 5.057196126463783003e+03 9.280909109789834474e+03 8.268349620872377272e+03 6.057141415418114775e+03 4.409591011334210634e+03 3.468023090957862223e+03 2.863697379048518087e+03 1.730488443403865404e+03 9.090889018382969198e+02 1.577752627211564231e+03 2.186216303185275319e+04 7.882914788303729665e+02 5.306754924246451992e+02 1.398807712994472695e+03 2.051663054578762967e+03 2.057314267973176356e+03 2.012442873284111556e+03 1.929396843968867415e+03 1.825842955783782600e+03 1.722070532427136186e+03 1.625962757821716878e+03 1.535231425687532465e+03 1.444048016756775041e+03 1.351049656310663977e+03 1.260357833639819319e+03 1.176514805636030815e+03 1.099194168085092542e+03 1.024671708786911267e+03 9.468943357267210104e+02 8.618932235643997046e+02
8.187875893447915587e+03 1.014116318912002316e+04 1.001623258980515493e+04 9.251060419453951909e+03 8.580937794510471576e+03 8.147600927940909969e+03 7.808390051083586513e+03 7.448607454108458114e+03 7.904697961208264132e+03 8.836558089707734325e+03 2.230216833582141408e+04 1.255666462465821824e+05 1.893900626464143716e+04 6.639901050375015075e+03 5.190903197861582157e+03 4.310002375641627623e+03 3.939763918244201250e+03 3.600130002058474929e+03 3.280960969733449019e+03 2.987351427913359657e+03 2.729599679480365467e+03 2.508506444711637414e+03 2.314237336963970847e+03 2.133568974250948486e+03 1.958964466155797709e+03 1.789465742670443660e+03 1.625425311399962084e+03 1.463943987147925327e+03 1.297451011993241991e+03 1.111180447685419040e+03 3.860791480825849703e+03 7.136049634107101156e+03 6.691241475473327228e+03 5.189735744407505081e+03 3.981061842661163155e+03 3.239337666882356643e+03 2.702106538243969226e+03 2.171443677103507980e+03 1.122539758065076057e+03 4.629899108843518434e+02 1.123747065979453964e+03 1.987968505520358303e+04 4.294185522616956519e+00 4.243404102519795060e+02 1.141039642329955541e+03 1.694386559323397933e+03 1.720543300213900693e+03 1.704832714574128659e+03 1.651096882611015189e+03 1.572711542990638918e+03 1.488393834029899608e+03 1.409577334581207197e+03 1.336425299406175327e+03 1.262748700900660879e+03 1.184708319107047828e+03 1.103894949960959138e+03 1.022996206858098844e+03 9.438614795512793307e+02 8.629206195679541906e+02 7.744549795280710214e+02
7.512532924224691669e+03 8.985869182391445065e+03 8.772543600649212749e+03 8.086414024597876960e+03 7.536969887521163400e+03 7.245914049272265402e+03 7.030463852787466749e+03 6.743354536082732011e+03 6.390180374972727805e+03 6.755382568159197035e+03 7.590170420861870298e+03 1.893900626464143716e+04 1.052986836240674311e+05 1.625252616769818269e+04 5.874634187146564727e+03 4.644322986813898751e+03 3.887263709957414903e+03 3.567012166670057013e+03 3.271579317709090901e+03 2.990719456683772933e+03 2.728631631392882809e+03 2.496086752244661511e+03 2.294369501794670214e+03 2.113388298769384164e+03 1.939289102953043312e+03 1.763270472376294947e+03 1.583300664626074195e+03 1.399583875180973337e+03 1.209276654076985778e+03 9.984703666260277259e+02 3.372120974971324358e+03 5.915251469103388445e+03 5.564121542716384283e+03 4.405276396042288980e+03 3.486771210438359049e+03 2.958813864435684991e+03 2.555149620542386401e+03 2.084646935883439255e+03 1.562885493208099888e+03 7.048342022112492486e+02 2.310717555719628820e+02 1.169895587577617562e+03 1.341089025883820796e+04 1.778809928003989285e+02 3.447473504702802529e+02 9.485835805188389713e+02 1.431971983965565869e+03 1.473282224745850954e+03 1.474781226202056132e+03 1.437675593740900695e+03 1.374281630193896945e+03 1.304420610166665938e+03 1.239485988373432519e+03 1.178313537595313392e+03 1.113169542802565502e+03 1.039248093018713462e+03 9.568302023909902800e+02 8.704095587154303075e+02 7.807895906290132189e+02 6.842003747240185021e+02
7.156537490095533940e+03 8.541249638821063854e+03 8.082446850955290756e+03 7.252776171730683927e+03 6.674618838906026212e+03 6.421128743808797481e+03 6.291932942902163632e+03 6.094658207847833182e+03 5.797722825488677699e+03 5.510659364471868685e+03 5.867796592975217209e+03 6.639901050375015075e+03 1.625252616769818269e+04 8.923576147513106116e+04 1.397810064202251669e+04 5.220816974169256355e+03 4.167002265922534207e+03 3.514781373652763250e+03 3.237032418466228137e+03 2.976847615261673127e+03 2.725022285884887424e+03 2.486713966939808415e+03 2.271730824858450433e+03 2.079738801995666108e+03 1.899784809031774785e+03 1.717706725854416391e+03 1.524695308762263267e+03 1.318832319059647489e+03 1.099943081369734728e+03 8.575895427905275028e+02 3.468823523477285107e+03 5.827996376229231828e+03 5.182128212943423932e+03 3.923591919817145026e+03 3.050959806612220746e+03 2.622397405328732475e+03 2.343786068889421585e+03 1.976299941466447763e+03 1.507557309871117468e+03 1.090264303934039390e+03 4.510353219820481172e+02 1.430009505839618669e+02 5.122955770000512530e+02 1.133120390702905206e+04 -3.078843370697073567e+01 2.558156471977215460e+02 7.778507524173170395e+02 1.208082582170022306e+03 1.258835113578073333e+03 1.269932113170412322e+03 1.242817826896019142e+03 1.191104149242206404e+03 1.133075114583225513e+03 1.077303312032202939e+03 1.020577967170953912e+03 9.549488458284846502e+02 8.751505075899167423e+02 7.836355066210521727e+02 6.832356027784180696e+02 5.738761128473176996e+02
6.687027406596291257e+03 8.227270516817367024e+03 7.628812048292038526e+03 6.664393037340329101e+03 6.016828787101348098e+03 5.727366285011534274e+03 5.604001177201275823e+03 5.465522887704382811e+03 5.241984873328538015e+03 5.004424401698588554e+03 4.827501540338414998e+03 5.190903197861582157e+03 5.874634187146564727e+03 1.397810064202251669e+04 7.660146061174952774e+04 1.214330061396116071e+04 4.655344148075395424e+03 3.746899516411453533e+03 3.180373568414328474e+03 2.934893542754386544e+03 2.699383111688833651e+03 2.467231713785916327e+03 2.243317460877448866e+03 2.034764044481913970e+03 1.839206184035117758e+03 1.645058551608368816e+03 1.438877887792227284e+03 1.212841161492723586e+03 9.649380246817052011e+02 6.867495000417372921e+02 3.629630484034877554e+03 6.172701748314761062e+03 5.235236596811755589e+03 3.729054961500619356e+03 2.759439651817393496e+03 2.314710321275777460e+03 2.080369684302214409e+03 1.805890540400171403e+03 1.423221891836458781e+03 1.050813567129619059e+03 7.830140838685138078e+02 3.239509677996875894e+02 4.091623904149226831e+01 4.578517025263888627e+02 9.405370588729789233e+03 -5.099087481344477624e+01 1.638617549326377798e+02 6.151786722574131545e+02 1.007495581092244720e+03 1.061209914898950046e+03 1.075726918624072823e+03 1.054943472287821578e+03 1.011600436406706763e+03 9.601157881318752061e+02 9.056820732887276790e+02 8.442983384529363775e+02 7.679950320491627735e+02 6.745334633203864314e+02 5.648640180678939942e+02 4.406204814630524993e+02
5.965973179743014043e+03 7.606421321888550665e+03 7.066315732932789615e+03 6.140039066125874342e+03 5.499261783831834691e+03 5.176151112153994291e+03 5.015620130813550531e+03 4.881056528986633566e+03 4.710827488718717177e+03 4.535233309188843123e+03 4.397023981418349649e+03 4.310002375641627623e+03 4.644322986813898751e+03 5.220816974169256355e+03 1.214330061396116071e+04 6.625435616535309236e+04 1.075943444495311269e+04 4.177612793109674385e+03 3.382093260285658744e+03 2.881324916044950442e+03 2.655254948979288201e+03 2.432812953808173006e+03 2.208674633305111456e+03 1.985853355954254312e+03 1.768619159477912945e+03 1.552879261533206318e+03 1.327397896050464169e+03 1.080285152042927621e+03 8.044157581675899564e+02 4.899173999924157670e+02 3.470830892116065115e+03 6.138351464385705185e+03 5.162676374772549025e+03 3.600799619597720266e+03 2.586596109872515626e+03 2.095830369842198706e+03 1.840773632877405362e+03 1.601751304591594362e+03 1.298298592250390811e+03 9.940245184908862939e+02 7.588804682419790879e+02 6.073119039716752923e+02 2.270054556906271728e+02 -2.450720289665538587e+01 1.593861217935906041e+02 7.745493884425743090e+03 -6.922376300224048862e+01 7.149750151925289288e+01 4.895494141856445935e+02 8.337861034913884168e+02 8.836274642112313131e+02 8.967106889017385356e+02 8.774437949828018191e+02 8.356542422085750559e+02 7.816088661944262412e+02 7.184313131015219369e+02 6.414333520252648668e+02 5.460274199252811513e+02 4.291596147084088670e+02 2.909376890631463084e+02
5.101284862093205447e+03 6.603369218356385318e+03 6.280580367287684567e+03 5.559426680160726391e+03 5.026094387805378574e+03 4.726805016677997628e+03 4.543858367597689721e+03 4.387888210820937275e+03 4.229756377980978868e+03 4.096404236496913654e+03 4.001667966385873115e+03 3.939763918244201250e+03 3.887263709957414903e+03 4.167002265922534207e+03 4.655344148075395424e+03 1.075943444495311269e+04 5.802001643009700638e+04 9.519256221552390343e+03 3.770329624959905232e+03 3.065006600097902265e+03 2.608335737721276018e+03 2.388243207579350383e+03 2.165571892587427101e+03 1.934596180021661894e+03 1.696311242760165214e+03 1.452611260220946860e+03 1.198819133024798475e+03 9.248750213210871607e+02 6.200326917905160826e+02 2.705643003666038453e+02 2.881721836694574449e+03 5.331255157180547030e+03 4.640745205509815605e+03 3.330589598650235075e+03 2.429701462840941531e+03 1.953826357712438494e+03 1.673847556171276665e+03 1.427261030643611093e+03 1.160445738046016231e+03 9.163476561920933818e+02 7.279444354809234028e+02 5.965712776647335431e+02 4.904899779493128449e+02 1.454220631811027715e+02 -1.036398863298837369e+02 -7.135462196469956098e+01 7.138603776820276835e+03 -1.428662106729434242e+02 2.980401235243776625e+01 3.848864972900310590e+02 6.876198359756994023e+02 7.281039988250627175e+02 7.342178554358172278e+02 7.088207737620396074e+02 6.585869599125265950e+02 5.911034355829493734e+02 5.077624747406998722e+02 4.065263909650921619e+02 2.823046216417624805e+02 1.318817805885774703e+02
4.397068036717941141e+03 5.559362427210426176e+03 5.429893998340407961e+03 4.943582094317933297e+03 4.550004922709906168e+03 4.320487177314338624e+03 4.159442009749106546e+03 3.995621851140069339e+03 3.828299307113817122e+03 3.702147546164431787e+03 3.632919460209373938e+03 3.600130002058474929e+03 3.567012166670057013e+03 3.514781373652763250e+03 3.746899516411453533e+03 4.177612793109674385e+03 9.519256221552390343e+03 5.125012089167052181e+04 8.500835411027037480e+03 3.417049214627940273e+03 2.770717356873364224e+03 2.338095397681892791e+03 2.109962387442708405e+03 1.871885681930674309e+03 1.617378631097177276e+03 1.345726484071256891e+03 1.057662014494195319e+03 7.488701625292087556e+02 4.101465396238470476e+02 2.575407592468914686e+01 2.224001309464856604e+03 4.145593277943569774e+03 3.813899979088652799e+03 2.903948421757176220e+03 2.217060777093867728e+03 1.828825305066133296e+03 1.567682818530044187e+03 1.312915220078644779e+03 1.050135153814219848e+03 8.331665520725618990e+02 6.835911794238749053e+02 5.831579779868047808e+02 4.918416097446258277e+02 3.862462833032581671e+02 6.362745670693670519e+01 -1.617199346940556666e+02 2.359262876662586450e+01 4.571630164120175323e+03 -9.280862156432633014e+01 -1.485044799150986172e+01 2.949617527790294389e+02 5.563457771150467579e+02 5.821539395336872076e+02 5.741566277946092214e+02 5.332243563527663355e+02 4.640308286972198175e+02 3.720159741817154782e+02 2.600810069158798683e+02 1.254000517470137908e+02 -3.694592274976791657e+01
3.990176441937755953e+03 4.858715436083413806e+03 4.768150078253242100e+03 4.397288746047110180e+03 4.091812764845005404e+03 3.927127926519902758e+03 3.813852559446590931e+03 3.672012355746845060e+03 3.502713449235491680e+03 3.367220779335841144e+03 3.297620897392581810e+03 3.280960969733449019e+03 3.271579317709090901e+03 3.237032418466228137e+03 3.180373568414328474e+03 3.382093260285658744e+03 3.770329624959905232e+03 8.500835411027037480e+03 4.578097103921405505e+04 7.608695081045753795e+03 3.071039517864880054e+03 2.462636208424387405e+03 2.036850691051518197e+03 1.785715290349559609e+03 1.516181140672819765e+03 1.221025850130096387e+03 8.987314850020441099e+02 5.498100972186547324e+02 1.702087792497272858e+02 -2.523594858958945792e+02 1.840834237241092524e+03 3.284327209616178607e+03 3.107853372987789044e+03 2.471210214519805049e+03 1.963307999410669709e+03 1.677010514249469679e+03 1.472766581932470672e+03 1.239250804266348950e+03 9.782359074976416196e+02 7.647478479999446108e+02 6.303748309042860001e+02 5.555064293248444756e+02 4.886288305601347020e+02 3.966370615027390727e+02 2.862398918497480054e+02 -4.337184930587447695e+00 -1.866454029743674141e+02 -2.263695713331899810e+02 5.139463137932540121e+03 -2.750512214598649052e+02 -6.361924818740995846e+01 1.986292437083931191e+02 4.170163977292976369e+02 4.219102312563945247e+02 3.917130862255424972e+02 3.259866919814307380e+02 2.277935199080053792e+02 1.031377149177935166e+02 -4.614946895582178854e+01 -2.228246142813852373e+02
3.809030648928367555e+03 4.564851114801067524e+03 4.401251101029989513e+03 4.001502042180967692e+03 3.700155032065887099e+03 3.558661301936264408e+03 3.481648977401278898e+03 3.375671502588378644e+03 3.224747169190682143e+03 3.087096265115917049e+03 3.007299106751147519e+03 2.987351427913359657e+03 2.990719456683772933e+03 2.976847615261673127e+03 2.934893542754386544e+03 2.881324916044950442e+03 3.065006600097902265e+03 3.417049214627940273e+03 7.608695081045753795e+03 4.100333811002234870e+04 6.821031533609959297e+03 2.700502104156938913e+03 2.108407720405168220e+03 1.669712126029730143e+03 1.380047228318798034e+03 1.062767354996573431e+03 7.105265267857018898e+02 3.217551873374342222e+02 -1.032241798346097852e+02 -5.687607298756510090e+02 1.790460151049462183e+03 3.035715270302050158e+03 2.805820499707816907e+03 2.193199608765876746e+03 1.737790798840431307e+03 1.506737233794974600e+03 1.357169498400726752e+03 1.167583598177712247e+03 9.275630023485239235e+02 7.167106309059433897e+02 5.821703059657363610e+02 5.155525562472894308e+02 4.688788409411545217e+02 3.986978757051750790e+02 3.004766581406605610e+02 1.982376830856666174e+02 -4.964918158079849775e+01 -2.275719147276249146e+02 -1.352770603704625216e+02 4.390099710254713500e+03 -2.629824647810222586e+02 -1.429277685302629379e+02 7.193056506828710894e+01 2.466874972593598727e+02 2.235330769012473411e+02 1.628461843139791938e+02 6.338387835645986002e+01 -7.173614875458042661e+01 -2.374256090310740319e+02 -4.320129281460871198e+02
3.698096029882443872e+03 4.526234599517787501e+03 4.237886135342629132e+03 3.743582262851242831e+03 3.399237594779259325e+03 3.240927977209542405e+03 3.169025664674770269e+03 3.087355692976092087e+03 2.964755876413722945e+03 2.842090563698047845e+03 2.760004081113736447e+03 2.729599679480365467e+03 2.728631631392882809e+03 2.725022285884887424e+03 2.699383111688833651e+03 2.655254948979288201e+03 2.608335737721276018e+03 2.770717356873364224e+03 3.071039517864880054e+03 6.821031533609959297e+03 3.675894549364134582e+04 6.058217488791737196e+03 2.271363453123323779e+03 1.673130546441312390e+03 1.205289840837683187e+03 8.613734470115127806e+02 4.806100474470089239e+02 5.615273380756323007e+01 -4.135498685952692881e+02 -9.240714053273188711e+02 1.957381868264957120e+03 3.301550635690797662e+03 2.860433950857262971e+03 2.101691041900196979e+03 1.593315755857668137e+03 1.354920155785331190e+03 1.226606912281458335e+03 1.075955246811492998e+03 8.718252741088956554e+02 6.781168054499439677e+02 5.447059050595443068e+02 4.754388415495643585e+02 4.345180411175599602e+02 3.823111120510277487e+02 3.030254348662510893e+02 2.100017486782088554e+02 1.256638283285595321e+02 -9.619440364389471654e+01 -2.430265305768203916e+02 -1.511065224818722186e+02 3.448797819391358644e+03 -3.252353990667554626e+02 -2.647391887381053266e+02 -9.679537390245184270e+01 2.700261743813246085e+01 -3.205387629538054739e+01 -1.313793283828650260e+02 -2.726957289651153360e+02 -4.527530222830146158e+02 -6.666732174222687490e+02
3.466659652441087928e+03 4.400880409973644419e+03 4.078320625740186188e+03 3.535525801406707615e+03 3.165785864424561623e+03 2.984376986667374695e+03 2.895349943265347065e+03 2.816020809214416659e+03 2.713862572085346983e+03 2.614145171160125756e+03 2.543254522886627456e+03 2.508506444711637414e+03 2.496086752244661511e+03 2.486713966939808415e+03 2.467231713785916327e+03 2.432812953808173006e+03 2.388243207579350383e+03 2.338095397681892791e+03 2.462636208424387405e+03 2.700502104156938913e+03 6.058217488791737196e+03 3.317265422702747310e+04 5.253365752984751452e+03 1.753038268398554010e+03 1.132170986644736331e+03 6.180031627860728349e+02 2.047595459971167600e+02 -2.538018601201688114e+02 -7.639596006301969737e+02 -1.316307526902387053e+03 2.000314070136856571e+03 3.516240117908556385e+03 2.966859956811033499e+03 2.085063370103211128e+03 1.517831440212184589e+03 1.247827527966234356e+03 1.108347958739736441e+03 9.732370812126987403e+02 8.012395280915166040e+02 6.354049063635741277e+02 5.142960650596412506e+02 4.438075652022741906e+02 3.991954941000856252e+02 3.519740605325538922e+02 2.878877771552540707e+02 2.093273926924492514e+02 1.300598672758244447e+02 5.827667105059973807e+01 -1.447321401868654220e+02 -3.027937019194898767e+02 -2.965259148190204428e+02 2.671167811865653675e+03 -5.355256966168257122e+02 -4.345317222893100961e+02 -3.233866640526109677e+02 -2.541826332761644665e+02 -3.565223832009310172e+02 -5.030455255646385808e+02 -6.936441602221639187e+02 -9.247028524933678000e+02
3.121454013009293249e+03 4.044206628907400045e+03 3.785960600314962903e+03 3.298165662468691608e+03 2.954286068763322874e+03 2.773112800251581575e+03 2.669464844774575795e+03 2.579189228043644107e+03 2.482051151515443053e+03 2.398538409037870224e+03 2.343520818780351874e+03 2.314237336963970847e+03 2.294369501794670214e+03 2.271730824858450433e+03 2.243317460877448866e+03 2.208674633305111456e+03 2.165571892587427101e+03 2.109962387442708405e+03 2.036850691051518197e+03 2.108407720405168220e+03 2.271363453123323779e+03 5.253365752984751452e+03 2.979691149674736516e+04 4.403644323598939081e+03 1.124398369360939114e+03 4.623181524286160311e+02 -1.144307826584217906e+02 -6.101807057911194079e+02 -1.158672946007926839e+03 -1.745996994428438029e+03 1.826105792553309129e+03 3.334164166300648503e+03 2.849550961234574970e+03 2.011076595806803198e+03 1.456403698562394766e+03 1.178018053949432215e+03 1.021897507317486543e+03 8.820680292134591127e+02 7.260269142637723689e+02 5.848945922524144407e+02 4.831237613991061153e+02 4.197370752662162658e+02 3.721133715556201764e+02 3.210375242835416429e+02 2.604642006108526857e+02 1.926690482831714917e+02 1.223278498143776432e+02 5.120166615125742737e+01 -2.382152836992117528e+01 -2.309707337029868484e+02 -4.083714158164319770e+02 -4.828794661468007234e+02 2.540752755593553047e+03 -6.871097844188136605e+02 -6.685794985238219397e+02 -6.144768326652350652e+02 -6.056789691364728014e+02 -7.603081674597656274e+02 -9.604105585158744134e+02 -1.204673730393395090e+03
2.755514365046393777e+03 3.543079732075698303e+03 3.386692723863819083e+03 3.013731466494985398e+03 2.735120240000493141e+03 2.580380980536508105e+03 2.480515678022403335e+03 2.383268337547556257e+03 2.281491985817662680e+03 2.201395559930988384e+03 2.155146528124247197e+03 2.133568974250948486e+03 2.113388298769384164e+03 2.079738801995666108e+03 2.034764044481913970e+03 1.985853355954254312e+03 1.934596180021661894e+03 1.871885681930674309e+03 1.785715290349559609e+03 1.669712126029730143e+03 1.673130546441312390e+03 1.753038268398554010e+03 4.403644323598939081e+03 2.673232828889057782e+04 3.448523225508788528e+03 3.605768429393514793e+02 -3.587556328532347152e+02 -1.010788744403517285e+03 -1.599190289999098695e+03 -2.215490956490711142e+03 1.511011755268539218e+03 2.807228400815991336e+03 2.488490499090561570e+03 1.827753864065357902e+03 1.364160569522921378e+03 1.116627647386211947e+03 9.624732707760495032e+02 8.161911144824331359e+02 6.620845103442256914e+02 5.335551720822336392e+02 4.475764301350923802e+02 3.959003966902246248e+02 3.516686519051530695e+02 2.967076368154406509e+02 2.315039233984931570e+02 1.641443672845305173e+02 9.909334895527237563e+01 3.148255195548917840e+01 -4.676458211701272916e+01 -1.404512787622839767e+02 -3.640686966301084340e+02 -5.640065518697952029e+02 -6.568177138827838917e+02 2.270669256278585181e+03 -9.867847789175547177e+02 -9.699334842882682324e+02 -9.840099641486970086e+02 -1.039920230741943215e+03 -1.251771160912586311e+03 -1.507543331270774615e+03
2.475072211755162243e+03 3.086818304886414808e+03 3.002352116890533580e+03 2.728250757777350827e+03 2.510397705993296768e+03 2.390447425058442150e+03 2.309328633938690473e+03 2.218126819604884986e+03 2.113822995726340196e+03 2.028831622084531546e+03 1.980027290387867652e+03 1.958964466155797709e+03 1.939289102953043312e+03 1.899784809031774785e+03 1.839206184035117758e+03 1.768619159477912945e+03 1.696311242760165214e+03 1.617378631097177276e+03 1.516181140672819765e+03 1.380047228318798034e+03 1.205289840837683187e+03 1.132170986644736331e+03 1.124398369360939114e+03 3.448523225508788528e+03 2.392165508409135509e+04 2.390632249431612308e+03 -5.612025960396965729e+02 -1.350459013766338103e+03 -2.087643568206781310e+03 -2.730409687865580509e+03 1.229953417788436582e+03 2.235364468602716443e+03 2.067008693843011315e+03 1.594497960639685516e+03 1.237786869337708595e+03 1.042315973628776192e+03 9.107824418826789952e+02 7.707556636051340320e+02 6.168963758751920068e+02 4.905191101210245961e+02 4.106811359775005030e+02 3.671725088915912920e+02 3.297111940330961488e+02 2.759099973977823765e+02 2.055343408943770669e+02 1.313860415957999521e+02 6.263957527052744467e+01 -4.862644356109589339e+00 -8.395897691607775926e+01 -1.842604872540987344e+02 -3.068664064976638883e+02 -5.512441219747454397e+02 -7.734322080996666955e+02 -8.442944023351293481e+02 1.747215708082705532e+03 -1.193986069300849522e+03 -1.364124190372899648e+03 -1.441464192078275573e+03 -1.566921555891473417e+03 -1.835576568214428789e+03
2.320015208877583973e+03 2.821337428260605066e+03 2.740080103096106086e+03 2.497438160101964058e+03 2.304985857816772295e+03 2.205444533497210614e+03 2.143857948763959939e+03 2.067257693160097915e+03 1.968300207347036576e+03 1.878849528975035582e+03 1.820179766694137697e+03 1.789465742670443660e+03 1.763270472376294947e+03 1.717706725854416391e+03 1.645058551608368816e+03 1.552879261533206318e+03 1.452611260220946860e+03 1.345726484071256891e+03 1.221025850130096387e+03 1.062767354996573431e+03 8.613734470115127806e+02 6.180031627860728349e+02 4.623181524286160311e+02 3.605768429393514793e+02 2.390632249431612308e+03 2.112560983617472084e+04 1.196656261557131302e+03 -1.658550547502437439e+03 -2.525314211196126962e+03 -3.289735637304544980e+03 1.107291545246330998e+03 1.922151105551690762e+03 1.794587948564562794e+03 1.408551761684254416e+03 1.112287565699380139e+03 9.554873066465609099e+02 8.524619067291561123e+02 7.308048760935748760e+02 5.848448047221888828e+02 4.588822756785446586e+02 3.774063398423240869e+02 3.343233497458896863e+02 3.004268295224980534e+02 2.503784632477385514e+02 1.786899851187684476e+02 9.698822640766651659e+01 1.838604520300348710e+01 -5.676823101093063428e+01 -1.397460450799442526e+02 -2.445503374634682245e+02 -3.769001401955152915e+02 -5.322894057918151702e+02 -8.011953194270772656e+02 -1.049530463916426470e+03 -1.165340404907019547e+03 1.477139622149788920e+03 -1.727042633953266886e+03 -1.848962381025226023e+03 -1.999799889068120137e+03 -2.189377145850589841e+03
