2.561940819563863873e+08 2.871034595470752567e+07 7.614905967828566208e+05 -1.832617450068947437e+04 -1.998601762576005422e+05 -1.592257664702732000e+05 -1.453720235234487336e+05 -1.126661307848505385e+05 -5.038854970186228456e+04 -6.269995610472700719e+03 3.874890081107852893e+03 -1.828900501391860598e+04 -3.828424057074846496e+04 -3.280925564083737845e+04 -7.548168781797690826e+03 1.865521269641627441e+04 2.266892671370710741e+04 6.036895183679540423e+03 -1.136484113477065694e+04 -1.797229379289888311e+04 -5.144049420274140175e+03 1.053203322781323914e+04 1.752482749596527719e+04 1.201320315235167800e+04 4.527537033387400811e+02 -7.524109892573427715e+03 -4.448609449647732617e+03 3.163261020243364328e+03 9.709169511964137200e+03 9.916251880985284515e+03 6.561336320358477533e+07 4.071651107701724768e+07 1.307799035209679743e+06 6.947956794605045579e+05 1.787579305150135478e+05 1.381702736878409632e+05 1.012810544737458113e+05 9.811898278051833040e+04 1.370496769906400004e+05 1.566921189639288059e+05 1.399181563855423010e+05 8.681755554066112381e+04 4.414272332299164555e+04 4.208368948138605629e+04 6.971602596561409882e+04 9.904704528717878566e+04 9.556260412037989590e+04 6.249105377530092665e+04 3.044852178218671179e+04 1.630443960301329389e+04 3.299620696872189001e+04 5.391904120297914778e+04 6.123792615160201967e+04 4.927878093899626401e+04 2.842447601347850286e+04 1.381808134169872028e+04 1.710169761281645697e+04 2.759872213303832541e+04 3.638932869550379110e+04 3.512477533200349717e+04
2.871034595470752567e+07 6.373844206092359126e+07 6.500105733417445794e+06 -1.806234126758759376e+05 -2.545922723801570246e+05 -2.964287555948426016e+05 -2.854549391020970070e+05 -2.242216031153508229e+05 -9.559813302542237216e+04 4.640892895831150781e+03 2.444704970911476994e+04 -2.812699475196716594e+04 -8.030001934711841750e+04 -7.366095214100964949e+04 -1.607676285841794379e+04 4.484998254243016709e+04 5.684213485550436599e+04 1.941792804966901167e+04 -2.454055735198457842e+04 -4.087004046194857801e+04 -1.422726115328833112e+04 2.383851399084024888e+04 4.165350489932257915e+04 2.986687140905210981e+04 2.261478875932748451e+03 -1.684896384739512723e+04 -1.180702230921366390e+04 6.531837141950392834e+03 2.228851461406782619e+04 2.345335340792685020e+04 1.129087180091809668e+07 2.705584447018412501e+07 1.043889102867367677e+07 9.625311000189251499e+05 6.288335703523640987e+05 3.940098401534068398e+05 2.898372755640209652e+05 2.720259353236777242e+05 3.502348529958650470e+05 4.017812826225232566e+05 3.606173653977599461e+05 2.365814829607743304e+05 1.282221666816794896e+05 1.136991264883991389e+05 1.763591236518697697e+05 2.443117177076351945e+05 2.401841596372481144e+05 1.648066983550337609e+05 8.415804133971416741e+04 4.941388959718111437e+04 8.240870947411839734e+04 1.330927240075896261e+05 1.520120822215935914e+05 1.253941659437050694e+05 7.538486726440637722e+04 4.024416081695923640e+04 4.404293963915591303e+04 6.910059814510910655e+04 8.995591813364948030e+04 8.776804975567711517e+04
7.614905967828566208e+05 6.500105733417445794e+06 1.865089861252968758e+07 1.826699374935916858e+06 -1.724299874866266036e+05 -2.043366869025309570e+05 -2.300676848414299311e+05 -1.797425669146791915e+05 -8.556443076056821155e+04 -4.909471571882281751e+03 1.706629706142592113e+04 -1.368555752417789699e+04 -4.987987568244682916e+04 -4.942290114335666294e+04 -1.175949387531311186e+04 3.018178557013415048e+04 4.198962231509352569e+04 1.989940264488624234e+04 -1.081144641436604252e+04 -2.308016591904123197e+04 -8.266298145819011552e+03 1.706182351391328120e+04 3.066724522569357214e+04 2.417564642074720177e+04 6.114313378154608472e+03 -7.226602982433152647e+03 -5.803565347619583918e+03 5.924556504200010750e+03 1.669079246999989482e+04 1.799939875399736775e+04 2.925204539225010667e+05 5.999376852415433154e+06 1.027244528013980761e+07 3.467931540030840784e+06 5.051037267347640009e+05 3.925771792258172063e+05 2.654900387219843687e+05 2.446550791969263810e+05 2.847563419178606709e+05 3.221258723593046889e+05 2.975606065315310843e+05 2.159618772246603621e+05 1.367502886815184029e+05 1.147236664827655768e+05 1.488239280335374060e+05 1.908907741976172838e+05 1.910576074334617588e+05 1.437524706742295530e+05 8.627667970920220250e+04 5.898267701148528431e+04 7.383893789158918662e+04 1.053902603249287640e+05 1.193851194020398543e+05 1.030149981574699632e+05 6.965307308734263643e+04 4.450469951767833845e+04 4.289612013967633538e+04 5.777295912978585693e+04 7.130995653578906786e+04 7.018235678380829631e+04
-1.832617450068947437e+04 -1.806234126758759376e+05 1.826699374935916858e+06 6.296165159330185503e+06 6.409043198255659081e+05 -1.132921035338155925e+05 -1.311408622201830731e+05 -1.151279089048554015e+05 -6.018457862833498803e+04 -1.301635019256617670e+04 5.386982913605912472e+03 -4.353738517263504946e+03 -2.011039066310581256e+04 -2.136032618094271311e+04 -5.278785589496055763e+03 1.455035364154849958e+04 2.208441118607802127e+04 1.413548260663871406e+04 4.924029377225024291e+02 -6.307012451803044314e+03 -1.197795712431088759e+03 9.542091575149141136e+03 1.643819363400897055e+04 1.456447328485309299e+04 6.921372444725286186e+03 5.070831573624923294e+02 1.258173907008030596e+02 4.652310766810345740e+03 9.459711894576415943e+03 1.029425688629831347e+04 2.720549536462377291e+05 6.576445785972340964e+05 2.567375338489633054e+06 4.941903730536030605e+06 1.341115948354581371e+06 2.496362268057907058e+05 1.992458583099264652e+05 1.633456447261823632e+05 1.760381438701780280e+05 1.903216233527786389e+05 1.814846526036215946e+05 1.457016109434032114e+05 1.067713337034380820e+05 8.920004113280562160e+04 9.697743683083704673e+04 1.122031249295379239e+05 1.125653998451078660e+05 9.282869066889295937e+04 6.605246660106835770e+04 5.008351063674170291e+04 5.221720721149626479e+04 6.336710260233219014e+04 6.951710846579904319e+04 6.305074403402040480e+04 4.828906506054096099e+04 3.569086392943492683e+04 3.250058716711893430e+04 3.708697135367785813e+04 4.239031950771028642e+04 4.178014548632480728e+04
-1.998601762576005422e+05 -2.545922723801570246e+05 -1.724299874866266036e+05 6.409043198255659081e+05 2.523024888660319615e+06 2.681814423168002395e+05 -7.792831284836746636e+04 -6.984502649058960378e+04 -4.426785502934841497e+04 -1.570797047914496397e+04 -2.095708074057886279e+03 -2.623847473046183495e+03 -7.865743528699923445e+03 -8.325066185157334985e+03 -1.843901863313622471e+03 6.872340291131333288e+03 1.115460789848541026e+04 9.065598620387823757e+03 3.845698811075966660e+03 5.145517417112378098e+02 1.764282745831960483e+03 5.731567135852867068e+03 8.769898842772123317e+03 8.601479312934707195e+03 5.802801826185414029e+03 2.995131460407197210e+03 2.311285437803437617e+03 3.670764960905034968e+03 5.461208902495905022e+03 5.801599127483941629e+03 2.037375876835898089e+05 5.667202084546035621e+05 4.672435319631848834e+05 1.130018512096351013e+06 1.676622255269299261e+06 6.011769415084247012e+05 1.244919366558854672e+05 1.152027624848236301e+05 1.091053985723316728e+05 1.130584946657509136e+05 1.092556952121245995e+05 9.547954387119589956e+04 7.829075553821143694e+04 6.706558194131462369e+04 6.508658293619753385e+04 6.780239742722449591e+04 6.696260761963497498e+04 5.925421025871962775e+04 4.790876346521974483e+04 3.929744493575245724e+04 3.722035275451809866e+04 3.948843939466409211e+04 4.112673975086781866e+04 3.871116231106092164e+04 3.273804837533153477e+04 2.681644566558018414e+04 2.404579302228912275e+04 2.443754206562552281e+04 2.570881462111611108e+04 2.500477763682593650e+04
-1.592257664702732000e+05 -2.964287555948426016e+05 -2.043366869025309570e+05 -1.132921035338155925e+05 2.681814423168002395e+05 1.265650747535803122e+06 1.217094942903295596e+05 -4.897464067586127203e+04 -3.211781844707765777e+04 -1.656233602069529297e+04 -5.972671147536169883e+03 -3.616916434570907768e+03 -4.237473108141741250e+03 -3.501386427898406509e+03 -1.950682826005216270e+02 3.934912189872792624e+03 6.284983146853401195e+03 6.026356752687242079e+03 4.175102815247942999e+03 2.697483197421668592e+03 2.862400472563099356e+03 4.205950146167848288e+03 5.468854695358199024e+03 5.623660443059628960e+03 4.668597142981927391e+03 3.465125061533575717e+03 2.919032123638413395e+03 3.162936211024745717e+03 3.671598728598800335e+03 3.623985064883583163e+03 1.553329500575216953e+05 4.197913720833449624e+05 3.828282767978108022e+05 2.500639666122169583e+05 5.300732070514210500e+05 9.295676548289228231e+05 3.224273024559137411e+05 8.176645293851947645e+04 8.277022433799895225e+04 7.769126959015545435e+04 7.495489338563427737e+04 6.901043909524811897e+04 6.162768494520278909e+04 5.495519328547954501e+04 5.074559124347665056e+04 4.861144023251520412e+04 4.639805697670544032e+04 4.268054783726506867e+04 3.756052564441787399e+04 3.282146922675662790e+04 3.003631133586183569e+04 2.906749539230501978e+04 2.860906652159918303e+04 2.722287118676562386e+04 2.461006547548177332e+04 2.166900674677195639e+04 1.957813893790045404e+04 1.863463536853108963e+04 1.822990237874981540e+04 1.718570937960824085e+04
-1.453720235234487336e+05 -2.854549391020970070e+05 -2.300676848414299311e+05 -1.311408622201830731e+05 -7.792831284836746636e+04 1.217094942903295596e+05 7.027255850535345962e+05 6.513570773223470314e+04 -2.297928823095384723e+04 -1.181363250768909711e+04 -6.709238616564896802e+03 -4.195287947014019664e+03 -2.962189427966580297e+03 -8.880351897703840223e+02 1.752205247930998212e+03 3.894150444536747727e+03 4.720056286391669346e+03 4.563353108924703520e+03 4.010861780769759207e+03 3.683759989871288781e+03 3.835658153812584715e+03 4.166748104545558817e+03 4.392699640532791818e+03 4.314305316195888736e+03 3.955127728385400587e+03 3.553194286591600303e+03 3.297840627259578923e+03 3.186646002263847549e+03 3.075763260918197375e+03 2.688361051724611571e+03 1.156426300629193574e+05 3.101884711790659931e+05 2.822803283556966926e+05 2.027119064423801610e+05 1.302137534803551534e+05 2.983905740374396555e+05 5.256335390644338913e+05 1.956709071879321709e+05 6.602023440150453825e+04 6.524481700051945518e+04 5.836071793016279116e+04 5.428031926136120455e+04 5.112286848515510792e+04 4.823552087460622715e+04 4.476361234501743456e+04 4.093696452838146070e+04 3.715767105323301803e+04 3.402297107324066747e+04 3.133416363943591932e+04 2.894683426833193153e+04 2.680533728005213925e+04 2.482855758444342791e+04 2.311707884932344314e+04 2.157049703007850621e+04 2.005356968331555254e+04 1.859455803199378715e+04 1.724981365114176151e+04 1.602860754764390731e+04 1.485856530372303860e+04 1.339956877289749173e+04
-1.126661307848505385e+05 -2.242216031153508229e+05 -1.797425669146791915e+05 -1.151279089048554015e+05 -6.984502649058960378e+04 -4.897464067586127203e+04 6.513570773223470314e+04 4.162603893124641618e+05 4.553855039834231138e+04 -5.456006405883976186e+03 -2.940601590243935789e+03 -3.356128758284174637e+03 -1.839915347072145096e+03 9.932262594057521028e+02 3.840770869704248071e+03 5.199561992034916329e+03 4.913866294586716322e+03 4.185713670493409154e+03 3.877373574654627191e+03 4.187535244335867901e+03 4.659050567537402458e+03 4.723325322246579162e+03 4.362455809310058612e+03 3.873662029636816442e+03 3.551307393175487505e+03 3.488751817302440486e+03 3.514360061371557094e+03 3.384324708938675030e+03 3.020877930882579676e+03 2.421071309323466267e+03 1.121659876013017929e+05 2.917125349016714608e+05 2.600032398792958120e+05 1.751347402689079463e+05 1.221882820977727242e+05 9.080818612963295891e+04 1.886547197866847855e+05 3.086079433835884556e+05 1.296374587334466923e+05 5.399598095370267401e+04 4.942836866721440310e+04 4.301185454994156316e+04 4.132579130173136946e+04 4.108065759887141758e+04 3.970689286984322825e+04 3.615913856316886086e+04 3.150207023326290073e+04 2.781597244212697115e+04 2.574941120735053846e+04 2.478634784483276599e+04 2.377173174469186779e+04 2.198849318589721224e+04 1.976244192667264360e+04 1.775564316464513831e+04 1.639081033071428828e+04 1.561054064309597379e+04 1.495660668903034093e+04 1.398687328439583507e+04 1.264621043796031518e+04 1.097673548086492519e+04
-5.038854970186228456e+04 -9.559813302542237216e+04 -8.556443076056821155e+04 -6.018457862833498803e+04 -4.426785502934841497e+04 -3.211781844707765777e+04 -2.297928823095384723e+04 4.553855039834231138e+04 2.504217113966271281e+05 3.441631005834565440e+04 4.253965099871670645e+02 -8.965244652052740548e+02 -9.398806560648279174e+02 1.739923946915019087e+03 4.478982602972361747e+03 5.640668845740508914e+03 5.018752278352720168e+03 4.001663350914684088e+03 3.591280946585301081e+03 4.008296069747781075e+03 4.611400640263520472e+03 4.680920554245101812e+03 4.185394098186990959e+03 3.523987302114966042e+03 3.126434867893040973e+03 3.121178331897865974e+03 3.248716721227923699e+03 3.186593747591999090e+03 2.827534240827272697e+03 2.243372323873435562e+03 1.497185329076708877e+05 3.680669892197926529e+05 2.984953377139574150e+05 1.860738302896124951e+05 1.182890584076394152e+05 9.050240614640075364e+04 7.422849834447422472e+04 1.279073399549648748e+05 1.957679174390510307e+05 8.548611704138625646e+04 3.730718339452215878e+04 3.309595607800612197e+04 3.054473898852984712e+04 3.139450498451678868e+04 3.156208147038387688e+04 2.935633415998394048e+04 2.527830283798043092e+04 2.167307446385470394e+04 1.972903204510055002e+04 1.929479539411112637e+04 1.904929298298052163e+04 1.789717210712918313e+04 1.595036392161296135e+04 1.395039950038295865e+04 1.260588791815908553e+04 1.204918468664935062e+04 1.176656201476862407e+04 1.117099517960230878e+04 1.008673211813779017e+04 8.609948481951367285e+03
-6.269995610472700719e+03 4.640892895831150781e+03 -4.909471571882281751e+03 -1.301635019256617670e+04 -1.570797047914496397e+04 -1.656233602069529297e+04 -1.181363250768909711e+04 -5.456006405883976186e+03 3.441631005834565440e+04 1.549078138920286146e+05 2.364662314721745497e+04 5.115608803875975354e+02 9.956321228705863291e+01 1.407337620625560248e+03 3.649647003834129919e+03 4.700232816077150346e+03 4.308149087134701404e+03 3.493549338432939749e+03 3.090529606092599352e+03 3.361248878549097753e+03 3.831486508880073416e+03 3.906931755729892302e+03 3.520399617495731945e+03 2.967663951700877078e+03 2.602971866423803931e+03 2.562577803074513668e+03 2.650758241085041391e+03 2.608536488602299869e+03 2.342153588679545464e+03 1.904756798125246860e+03 1.663876069013355009e+05 4.152313260907670483e+05 3.322380177781769889e+05 1.975000929612693726e+05 1.195128360775923938e+05 8.460001227673838730e+04 7.112944195770160877e+04 5.909088655372633366e+04 8.482766130125077325e+04 1.239480224211971217e+05 5.368593069999260479e+04 2.301696346714032916e+04 2.203089793171200290e+04 2.208837674844987487e+04 2.273716818681461154e+04 2.163662400321633322e+04 1.889779667420691840e+04 1.617121292405973327e+04 1.454301504267873679e+04 1.414857280409052328e+04 1.407319614353812540e+04 1.338133485432618363e+04 1.201021430925919776e+04 1.045889266108522861e+04 9.325681961053349369e+03 8.828447048794027069e+03 8.625948316066238476e+03 8.243568496920310281e+03 7.495616222677330370e+03 6.404172080627646210e+03
3.874890081107852893e+03 2.444704970911476994e+04 1.706629706142592113e+04 5.386982913605912472e+03 -2.095708074057886279e+03 -5.972671147536169883e+03 -6.709238616564896802e+03 -2.940601590243935789e+03 4.253965099871670645e+02 2.364662314721745497e+04 1.014153570469962724e+05 1.568481738392560510e+04 4.664047838718226444e+02 1.137722044469730463e+03 2.308734355422401222e+03 3.255316352116354210e+03 3.202919713303165736e+03 2.789958299443952455e+03 2.530403355669238408e+03 2.657528744219272994e+03 2.913563574465997590e+03 2.940347757092903521e+03 2.696008455503968435e+03 2.345083932919803374e+03 2.095293069592064057e+03 2.033151081385364250e+03 2.040863073122719470e+03 1.972452942552043396e+03 1.776955329584478932e+03 1.488700522619528556e+03 1.462947107204633940e+05 3.689835466116411844e+05 3.033110751300089760e+05 1.852920508439612458e+05 1.128370951985207794e+05 7.905235660086089047e+04 6.258733672755355656e+04 5.238273552012056462e+04 3.959562386750815494e+04 5.312334523857568274e+04 7.777366371206335316e+04 3.431912984142845380e+04 1.523581635623164038e+04 1.574873686975203964e+04 1.574637929743147652e+04 1.527552112747927094e+04 1.371755839226807257e+04 1.203808470575736646e+04 1.087305757120165072e+04 1.042714095677279693e+04 1.022881766953660190e+04 9.724564007591554400e+03 8.835834180834757717e+03 7.799536357099112138e+03 6.970354721229596180e+03 6.517213567138427607e+03 6.267903456416803238e+03 5.946491739527071331e+03 5.424808310844589869e+03 4.670812465629483995e+03
-1.828900501391860598e+04 -2.812699475196716594e+04 -1.368555752417789699e+04 -4.353738517263504946e+03 -2.623847473046183495e+03 -3.616916434570907768e+03 -4.195287947014019664e+03 -3.356128758284174637e+03 -8.965244652052740548e+02 5.115608803875975354e+02 1.568481738392560510e+04 7.147886014988282113e+04 1.145909091766863639e+04 1.200520281738749418e+03 1.932615149415803899e+03 2.328995256085800065e+03 2.446774058616533239e+03 2.329154829099754352e+03 2.259859010381935150e+03 2.348516346012387658e+03 2.439806260962882334e+03 2.358387896664587061e+03 2.153389708093805439e+03 1.941475122243031819e+03 1.811580044622209016e+03 1.771314161141999648e+03 1.719088120207670499e+03 1.594622734994911752e+03 1.408251818638070745e+03 1.205084405690252879e+03 9.109371743153884017e+04 2.416701832399207051e+05 2.188242086455312383e+05 1.472187998886081914e+05 9.710556354952708352e+04 7.124568910407143994e+04 5.668331031711545802e+04 4.493396168018371100e+04 3.417040669954747136e+04 2.411102192274663685e+04 3.415586293060251046e+04 5.504869316862815322e+04 2.480491324321537104e+04 1.185937038363718966e+04 1.223905485315770966e+04 1.152309651647830833e+04 1.059808626124793773e+04 9.600889273971693910e+03 8.858256035862352292e+03 8.445462895818905963e+03 8.119651203581281152e+03 7.613724319924617703e+03 6.944488187267272224e+03 6.231653285469349612e+03 5.642606570648493289e+03 5.252695282026964378e+03 4.952623417734955183e+03 4.607713098623854421e+03 4.171244477925722094e+03 3.594834388196503824e+03
-3.828424057074846496e+04 -8.030001934711841750e+04 -4.987987568244682916e+04 -2.011039066310581256e+04 -7.865743528699923445e+03 -4.237473108141741250e+03 -2.962189427966580297e+03 -1.839915347072145096e+03 -9.398806560648279174e+02 9.956321228705863291e+01 4.664047838718226444e+02 1.145909091766863639e+04 5.384974766278626339e+04 9.904761276927907602e+03 2.498193012526777693e+03 2.618712536732444278e+03 2.320378978861012911e+03 2.261056538110397923e+03 2.332295360535314103e+03 2.508281944764403761e+03 2.550419797976389418e+03 2.342843994666042818e+03 2.048505467351473271e+03 1.844607574566004587e+03 1.786324161975836660e+03 1.804145320183526337e+03 1.745103663586207631e+03 1.568900926032929874e+03 1.341013984984273293e+03 1.150770014214082948e+03 4.819173775783616293e+04 1.330105830125778157e+05 1.393517186463256367e+05 1.080115571752723627e+05 7.955188068400640623e+04 6.338940158355956373e+04 5.299112158579553216e+04 4.271578186489308428e+04 3.150360633597470951e+04 2.279204240353315254e+04 1.640182264421638683e+04 2.523760773605732538e+04 4.124856829497506260e+04 2.032034211341355694e+04 1.090864212015466182e+04 1.053197857422095876e+04 9.279444305701175836e+03 8.461283703062923450e+03 7.989313442192802540e+03 7.783956655551481163e+03 7.496009031592532665e+03 6.922566135696082711e+03 6.210053324299833548e+03 5.550504814562731553e+03 5.079529270813969561e+03 4.787659252563964401e+03 4.511774590680519395e+03 4.137397020803449777e+03 3.682557943232591242e+03 3.134022550418205356e+03
-3.280925564083737845e+04 -7.366095214100964949e+04 -4.942290114335666294e+04 -2.136032618094271311e+04 -8.325066185157334985e+03 -3.501386427898406509e+03 -8.880351897703840223e+02 9.932262594057521028e+02 1.739923946915019087e+03 1.407337620625560248e+03 1.137722044469730463e+03 1.200520281738749418e+03 9.904761276927907602e+03 4.190693231829560682e+04 9.221362118812736298e+03 3.293178501795620832e+03 2.721151973852272022e+03 2.315582621329830545e+03 2.425075043428484605e+03 2.715622116446586460e+03 2.818482152785852122e+03 2.555052254631475989e+03 2.150972853527762709e+03 1.873371664059762907e+03 1.820117759130912873e+03 1.892153842843341636e+03 1.871693547587932017e+03 1.688058007983473317e+03 1.425192063339123706e+03 1.214183367212471921e+03 4.682321730429404124e+04 1.197343494034803880e+05 1.185336792814654182e+05 9.135696370560079231e+04 6.892508587163970515e+04 5.707128871864809480e+04 5.031263148036520579e+04 4.261427130583948747e+04 3.243712812052552181e+04 2.308917477295437129e+04 1.693332004637605860e+04 1.338854431657206806e+04 2.104719488930555235e+04 3.179668414452092838e+04 1.764141656533621426e+04 1.005287365618983677e+04 8.872624504089173570e+03 7.680187270972232000e+03 7.319062990033489768e+03 7.377577322597453531e+03 7.301713883535638161e+03 6.746794051825451788e+03 5.926862639421779932e+03 5.175402682800518050e+03 4.722066984043598495e+03 4.536138220590613855e+03 4.359969335495064115e+03 4.016582022782573404e+03 3.538226441335869822e+03 2.964259818102319514e+03
-7.548168781797690826e+03 -1.607676285841794379e+04 -1.175949387531311186e+04 -5.278785589496055763e+03 -1.843901863313622471e+03 -1.950682826005216270e+02 1.752205247930998212e+03 3.840770869704248071e+03 4.478982602972361747e+03 3.649647003834129919e+03 2.308734355422401222e+03 1.932615149415803899e+03 2.498193012526777693e+03 9.221362118812736298e+03 3.275397684917111110e+04 7.933613260341161549e+03 2.933215602386238970e+03 2.384462320937554978e+03 2.266379101654543774e+03 2.593770626321547752e+03 2.772269381478093237e+03 2.561428794666050635e+03 2.147382956263808410e+03 1.822775337396111809e+03 1.735428745565611507e+03 1.816082639292084423e+03 1.837175031128005003e+03 1.693360231666361869e+03 1.447759521256713924e+03 1.233129564213840013e+03 7.474841615359575371e+04 1.830695763390877401e+05 1.534261029873705120e+05 9.981376236621176940e+04 6.741264467935801076e+04 5.313893945238830202e+04 4.700770827911262313e+04 4.137265645754120487e+04 3.270908246098791278e+04 2.377685080036967702e+04 1.703720852677476068e+04 1.372025623490488215e+04 1.240314677721194312e+04 1.829832334906685719e+04 2.762872952801191423e+04 1.449264760245237630e+04 7.929297215262111422e+03 6.872337539695969099e+03 6.317247185368943065e+03 6.531763157706631318e+03 6.663268024461078312e+03 6.255145320598403487e+03 5.463712710146084646e+03 4.680354054861747500e+03 4.220403258930764423e+03 4.096010733362352767e+03 4.021884652734677729e+03 3.764879263826681381e+03 3.330586090844683895e+03 2.780612520092312025e+03
1.865521269641627441e+04 4.484998254243016709e+04 3.018178557013415048e+04 1.455035364154849958e+04 6.872340291131333288e+03 3.934912189872792624e+03 3.894150444536747727e+03 5.199561992034916329e+03 5.640668845740508914e+03 4.700232816077150346e+03 3.255316352116354210e+03 2.328995256085800065e+03 2.618712536732444278e+03 3.293178501795620832e+03 7.933613260341161549e+03 2.497788805632829826e+04 6.086219340520761762e+03 2.186294202111327195e+03 1.971208490556683500e+03 2.099681019516388460e+03 2.305085883500382806e+03 2.203625003710427336e+03 1.897931874083654293e+03 1.610985310019108510e+03 1.497536329698216605e+03 1.541918042917081038e+03 1.574812748589587045e+03 1.488856936534598390e+03 1.308075497224473565e+03 1.126562783516928448e+03 1.033945025934023433e+05 2.501218666842822568e+05 1.948936326492119697e+05 1.146819377236804867e+05 6.982781356467684964e+04 5.067518313358083833e+04 4.284675701102848689e+04 3.754515019293907972e+04 3.028209850140238996e+04 2.246845937074704125e+04 1.632505831980712537e+04 1.283884903013997609e+04 1.180967542442644117e+04 1.112155272393415362e+04 1.491320802819522942e+04 2.085463515022986394e+04 1.061040319791992442e+04 5.572384804356981476e+03 5.202281280283491469e+03 5.263362247804077924e+03 5.475536637438999605e+03 5.241121848134717766e+03 4.637518594931685584e+03 3.975783499859659059e+03 3.560618071252200025e+03 3.448944476940288951e+03 3.418235243227546562e+03 3.249417771545587129e+03 2.916328194593835178e+03 2.469128300708846837e+03
2.266892671370710741e+04 5.684213485550436599e+04 4.198962231509352569e+04 2.208441118607802127e+04 1.115460789848541026e+04 6.284983146853401195e+03 4.720056286391669346e+03 4.913866294586716322e+03 5.018752278352720168e+03 4.308149087134701404e+03 3.202919713303165736e+03 2.446774058616533239e+03 2.320378978861012911e+03 2.721151973852272022e+03 2.933215602386238970e+03 6.086219340520761762e+03 1.922529238602590704e+04 4.526271093356429446e+03 1.664509322282226321e+03 1.673384100719003527e+03 1.725267435033657421e+03 1.691972975129447150e+03 1.507911844390726856e+03 1.314086585111390377e+03 1.219508463701979963e+03 1.232031198371741539e+03 1.247000748231894249e+03 1.189640159150223553e+03 1.067421104079402539e+03 9.370072353272248620e+02 9.858983743439780665e+04 2.440111703718440258e+05 1.934346327757145045e+05 1.138725180027890601e+05 6.806744750548838056e+04 4.763909386801546498e+04 3.832071365839372447e+04 3.225886564889115471e+04 2.569668298435232282e+04 1.929543469295487012e+04 1.435149622740429913e+04 1.149734545047333813e+04 1.024296868149525471e+04 9.642358920721544564e+03 8.481430181303405334e+03 1.086362386902932667e+04 1.517199498339337515e+04 7.531096922185041876e+03 3.969524232391592250e+03 4.057768510448830966e+03 4.103442511890561946e+03 3.988127551790581947e+03 3.606637001994135971e+03 3.154116604610624563e+03 2.839727500306179081e+03 2.729036340402467431e+03 2.687475135861584931e+03 2.565296157829361618e+03 2.332021841668856723e+03 2.009396551590439458e+03
6.036895183679540423e+03 1.941792804966901167e+04 1.989940264488624234e+04 1.413548260663871406e+04 9.065598620387823757e+03 6.026356752687242079e+03 4.563353108924703520e+03 4.185713670493409154e+03 4.001663350914684088e+03 3.493549338432939749e+03 2.789958299443952455e+03 2.329154829099754352e+03 2.261056538110397923e+03 2.315582621329830545e+03 2.384462320937554978e+03 2.186294202111327195e+03 4.526271093356429446e+03 1.519125748084361658e+04 3.739185014561103799e+03 1.575548571952826933e+03 1.524724180671402110e+03 1.369624619955101480e+03 1.225529793529341532e+03 1.104314547350223620e+03 1.064250288700782676e+03 1.083789312915593200e+03 1.074913767587576785e+03 1.000808653573465904e+03 8.893827876578563973e+02 7.952855009906625128e+02 6.454389799092124304e+04 1.671386051639619400e+05 1.448677970710857771e+05 9.320300933382901712e+04 5.962249936044953938e+04 4.326902776154388266e+04 3.459710867593561125e+04 2.807371173057999113e+04 2.168318008080688742e+04 1.621414806978256638e+04 1.232970907015556804e+04 1.015505767834110702e+04 9.091299469201090687e+03 8.201378995219038188e+03 7.181678406284173434e+03 5.768331784949221401e+03 7.540220522465413524e+03 1.210861107717589039e+04 5.750257965368914483e+03 3.169634723768723234e+03 3.235740222453239312e+03 3.034638346112323234e+03 2.785034660596295453e+03 2.488570882728542074e+03 2.276375681423082824e+03 2.183918372532894864e+03 2.122164158282646895e+03 2.002999986373344427e+03 1.818891922811678796e+03 1.570363011064769580e+03
-1.136484113477065694e+04 -2.454055735198457842e+04 -1.081144641436604252e+04 4.924029377225024291e+02 3.845698811075966660e+03 4.175102815247942999e+03 4.010861780769759207e+03 3.877373574654627191e+03 3.591280946585301081e+03 3.090529606092599352e+03 2.530403355669238408e+03 2.259859010381935150e+03 2.332295360535314103e+03 2.425075043428484605e+03 2.266379101654543774e+03 1.971208490556683500e+03 1.664509322282226321e+03 3.739185014561103799e+03 1.283055933792616634e+04 3.511337286891095573e+03 1.627406755182824327e+03 1.378152380337436625e+03 1.122950652879097788e+03 1.024155737707625576e+03 1.033088216688579678e+03 1.086120921885852340e+03 1.068518680744407447e+03 9.631281271970365196e+02 8.295900386808228859e+02 7.452842751411753852e+02 3.224074413095895579e+04 8.611977897795048193e+04 8.710424526889572735e+04 6.621983170513814548e+04 4.810032716317868471e+04 3.797307090619970404e+04 3.174138434455231254e+04 2.586883681261816309e+04 1.962489265816274929e+04 1.447275544359351989e+04 1.103210747431825439e+04 9.256733752125765022e+03 8.455304923186067754e+03 7.682975532025695429e+03 6.516962199678197067e+03 5.271896763390042906e+03 4.067552527782083416e+03 5.867528517513508632e+03 9.531959792200490483e+03 4.979627308008033651e+03 2.827331174592374737e+03 2.671173743961882792e+03 2.347630191896664655e+03 2.106997076663899406e+03 1.958807096295897736e+03 1.907683705686193434e+03 1.850061490198515457e+03 1.720048078017958233e+03 1.537843828515191490e+03 1.304670245015633100e+03
-1.797229379289888311e+04 -4.087004046194857801e+04 -2.308016591904123197e+04 -6.307012451803044314e+03 5.145517417112378098e+02 2.697483197421668592e+03 3.683759989871288781e+03 4.187535244335867901e+03 4.008296069747781075e+03 3.361248878549097753e+03 2.657528744219272994e+03 2.348516346012387658e+03 2.508281944764403761e+03 2.715622116446586460e+03 2.593770626321547752e+03 2.099681019516388460e+03 1.673384100719003527e+03 1.575548571952826933e+03 3.511337286891095573e+03 1.110239659701662822e+04 3.289850966847001928e+03 1.548232825429667628e+03 1.222934135131996754e+03 1.033132752460314350e+03 1.054040682088311769e+03 1.135628713164545388e+03 1.132725617576925288e+03 1.016828077846101678e+03 8.615641955355708888e+02 7.651508116027558799e+02 1.843042269866295828e+04 5.197136548667111492e+04 6.039503888207891578e+04 5.071951527226626058e+04 3.983925183377260691e+04 3.350524085934246250e+04 2.958603654144042230e+04 2.511858194799021294e+04 1.937396130998264198e+04 1.421684153948055973e+04 1.067606385190042056e+04 8.895676827086022968e+03 8.281297254335895559e+03 7.764499358204011514e+03 6.744983240938785457e+03 5.359172885214296912e+03 4.150483901753475948e+03 3.371702912955039210e+03 5.108657644078177327e+03 8.155216629263691175e+03 4.635979230749846465e+03 2.648489397878927775e+03 2.338580073156924300e+03 1.986651701461140419e+03 1.852145307191921347e+03 1.846258321903147362e+03 1.827981753396692056e+03 1.705180100597838191e+03 1.508490597404344271e+03 1.256977058912297252e+03
-5.144049420274140175e+03 -1.422726115328833112e+04 -8.266298145819011552e+03 -1.197795712431088759e+03 1.764282745831960483e+03 2.862400472563099356e+03 3.835658153812584715e+03 4.659050567537402458e+03 4.611400640263520472e+03 3.831486508880073416e+03 2.913563574465997590e+03 2.439806260962882334e+03 2.550419797976389418e+03 2.818482152785852122e+03 2.772269381478093237e+03 2.305085883500382806e+03 1.725267435033657421e+03 1.524724180671402110e+03 1.627406755182824327e+03 3.289850966847001928e+03 9.560971482129296419e+03 2.846490161565129711e+03 1.320124739196075552e+03 1.083286321451827234e+03 1.015114536219550700e+03 1.089792635134441298e+03 1.110214561117323228e+03 1.024945855163991382e+03 8.836363160900464209e+02 7.754908962031142892e+02 3.545811082430742681e+04 8.558870838593793451e+04 7.588708368532155873e+04 5.338104774207429728e+04 3.816710781155426230e+04 3.104322860883393150e+04 2.773148903434704698e+04 2.437843167155838455e+04 1.937935832183495222e+04 1.435096301217546352e+04 1.064207186511899272e+04 8.704762255859246579e+03 8.118165588513109469e+03 7.810300298323820243e+03 6.992838731812411424e+03 5.671223722140515747e+03 4.303096199223055919e+03 3.520324589163166820e+03 3.192005693003028682e+03 4.819851628325746788e+03 7.898141440986768430e+03 4.177188153428346595e+03 2.375995484479445622e+03 2.029471875314867248e+03 1.808402061387658250e+03 1.826412771969448386e+03 1.854978693735849902e+03 1.771356055662019571e+03 1.585971484675467309e+03 1.334963972186643559e+03
1.053203322781323914e+04 2.383851399084024888e+04 1.706182351391328120e+04 9.542091575149141136e+03 5.731567135852867068e+03 4.205950146167848288e+03 4.166748104545558817e+03 4.723325322246579162e+03 4.680920554245101812e+03 3.906931755729892302e+03 2.940347757092903521e+03 2.358387896664587061e+03 2.342843994666042818e+03 2.555052254631475989e+03 2.561428794666050635e+03 2.203625003710427336e+03 1.691972975129447150e+03 1.369624619955101480e+03 1.378152380337436625e+03 1.548232825429667628e+03 2.846490161565129711e+03 7.934515760454292831e+03 2.336458414430954690e+03 1.065159782740021456e+03 9.350381460511450769e+02 9.213747937277161100e+02 9.541905592226535191e+02 9.187333483273417869e+02 8.242465299929358480e+02 7.213880783087795407e+02 5.627390968852995138e+04 1.361874378554798313e+05 1.074520964686445950e+05 6.459219969157602463e+04 4.048573432837297150e+04 3.010602919993772957e+04 2.579234608474367997e+04 2.266347102175936016e+04 1.831967583342647413e+04 1.375138217972491111e+04 1.021490842606586011e+04 8.270310691174796375e+03 7.627414421465486157e+03 7.352272712355568729e+03 6.690416784483924857e+03 5.534023255729251105e+03 4.274236085817861749e+03 3.427704098712930318e+03 3.147787983676196745e+03 3.111418388505848270e+03 4.481407702132653867e+03 6.501532643894162902e+03 3.582998917442698712e+03 1.945986410169809915e+03 1.755366820685299899e+03 1.708052457336622410e+03 1.760814895417914613e+03 1.724904875575965207e+03 1.585497244361187313e+03 1.377917430195959696e+03
1.752482749596527719e+04 4.165350489932257915e+04 3.066724522569357214e+04 1.643819363400897055e+04 8.769898842772123317e+03 5.468854695358199024e+03 4.392699640532791818e+03 4.362455809310058612e+03 4.185394098186990959e+03 3.520399617495731945e+03 2.696008455503968435e+03 2.153389708093805439e+03 2.048505467351473271e+03 2.150972853527762709e+03 2.147382956263808410e+03 1.897931874083654293e+03 1.507911844390726856e+03 1.225529793529341532e+03 1.122950652879097788e+03 1.222934135131996754e+03 1.320124739196075552e+03 2.336458414430954690e+03 6.631795596960658258e+03 1.868747932392222083e+03 8.416916137119890209e+02 7.747624923289482695e+02 7.589802128755031845e+02 7.546396881982393552e+02 7.016448577532069066e+02 6.173463418795724920e+02 6.312392044918888132e+04 1.544215132395582041e+05 1.209082388904796244e+05 7.037139832851194660e+04 4.183890516392972495e+04 2.939714098781892244e+04 2.386657722479576478e+04 2.028058540874758546e+04 1.627242111326576196e+04 1.231116349870703380e+04 9.265156828249688260e+03 7.546193596766133851e+03 6.877369767307220172e+03 6.516899863255523087e+03 5.902078602758456327e+03 4.936517926221003108e+03 3.896383586842751811e+03 3.185670611207080128e+03 2.855186856315380737e+03 2.834764550640481502e+03 2.744094787837160766e+03 3.667510487513157386e+03 5.522364021711897294e+03 2.829625218649327508e+03 1.561753667158079452e+03 1.526070718636363836e+03 1.520498772545467546e+03 1.514826745719662085e+03 1.426183150552632696e+03 1.280264891417698436e+03
1.201320315235167800e+04 2.986687140905210981e+04 2.417564642074720177e+04 1.456447328485309299e+04 8.601479312934707195e+03 5.623660443059628960e+03 4.314305316195888736e+03 3.873662029636816442e+03 3.523987302114966042e+03 2.967663951700877078e+03 2.345083932919803374e+03 1.941475122243031819e+03 1.844607574566004587e+03 1.873371664059762907e+03 1.822775337396111809e+03 1.610985310019108510e+03 1.314086585111390377e+03 1.104314547350223620e+03 1.024155737707625576e+03 1.033132752460314350e+03 1.083286321451827234e+03 1.065159782740021456e+03 1.868747932392222083e+03 5.577504412002812387e+03 1.551395329999972773e+03 7.111630743884991261e+02 6.634006246390521255e+02 6.170246134677158807e+02 5.751138627465604714e+02 5.083904252816660119e+02 5.065708882764462760e+04 1.270323715651557868e+05 1.038973427481538238e+05 6.343969634917243820e+04 3.906109731171830208e+04 2.769436693360676873e+04 2.204105719381557719e+04 1.804838202398609064e+04 1.410136217544129613e+04 1.062258094936657653e+04 8.103243669009623773e+03 6.712136547499738299e+03 6.108201892411512745e+03 5.673901542940560830e+03 5.042250875814602296e+03 4.202469422171174301e+03 3.368290210559971456e+03 2.812883034350931666e+03 2.542326638349293717e+03 2.433132657656311494e+03 2.348606929954282350e+03 2.096641102283721011e+03 2.853099599113583281e+03 4.536884384048551510e+03 2.281918066488825389e+03 1.273134717672226543e+03 1.270607421326532403e+03 1.220700384399663108e+03 1.163112793171569592e+03 1.061789210240523516e+03
4.527537033387400811e+02 2.261478875932748451e+03 6.114313378154608472e+03 6.921372444725286186e+03 5.802801826185414029e+03 4.668597142981927391e+03 3.955127728385400587e+03 3.551307393175487505e+03 3.126434867893040973e+03 2.602971866423803931e+03 2.095293069592064057e+03 1.811580044622209016e+03 1.786324161975836660e+03 1.820117759130912873e+03 1.735428745565611507e+03 1.497536329698216605e+03 1.219508463701979963e+03 1.064250288700782676e+03 1.033088216688579678e+03 1.054040682088311769e+03 1.015114536219550700e+03 9.350381460511450769e+02 8.416916137119890209e+02 1.551395329999972773e+03 4.846503702884242557e+03 1.399580546589157620e+03 6.727889229298214104e+02 5.855492080007993536e+02 4.923826663731774715e+02 4.318130089906310332e+02 2.954587682577106898e+04 7.664070406219013967e+04 7.022451472012393060e+04 4.845323272005542822e+04 3.290843805602523207e+04 2.491687821232035640e+04 2.037297045800439082e+04 1.655715717432800011e+04 1.265437499217804725e+04 9.398025322608649731e+03 7.180518732420157903e+03 6.021571514127352202e+03 5.533547554025770296e+03 5.123108765212345133e+03 4.490790611886653096e+03 3.698132391280204502e+03 2.958929744949584347e+03 2.496723699782670337e+03 2.285621488579897232e+03 2.191372210241023822e+03 2.033736710621500379e+03 1.808565835051640988e+03 1.525937412938311354e+03 2.216013855931271792e+03 3.755760474249527761e+03 1.916097912628204540e+03 1.063139102534039012e+03 1.020166108525377240e+03 9.236468855971756966e+02 8.351627151244396146e+02
-7.524109892573427715e+03 -1.684896384739512723e+04 -7.226602982433152647e+03 5.070831573624923294e+02 2.995131460407197210e+03 3.465125061533575717e+03 3.553194286591600303e+03 3.488751817302440486e+03 3.121178331897865974e+03 2.562577803074513668e+03 2.033151081385364250e+03 1.771314161141999648e+03 1.804145320183526337e+03 1.892153842843341636e+03 1.816082639292084423e+03 1.541918042917081038e+03 1.232031198371741539e+03 1.083789312915593200e+03 1.086120921885852340e+03 1.135628713164545388e+03 1.089792635134441298e+03 9.213747937277161100e+02 7.747624923289482695e+02 7.111630743884991261e+02 1.399580546589157620e+03 4.346956241170797512e+03 1.316429331296665168e+03 6.206220462312130621e+02 4.894319652883161211e+02 3.914712479778635270e+02 1.499444091514059619e+04 4.161824091627704911e+04 4.520984691696646041e+04 3.596927185479528998e+04 2.707007830696302335e+04 2.203326370760401551e+04 1.895841350068950851e+04 1.581765379236516674e+04 1.213055046490090172e+04 8.918484647261508144e+03 6.726194172306975815e+03 5.612307897871427485e+03 5.211365152630951343e+03 4.904016775629861513e+03 4.331754680105776060e+03 3.550331627078321617e+03 2.804021308670760845e+03 2.347048667831846615e+03 2.167341360542260190e+03 2.114916008306008735e+03 1.982591855868124640e+03 1.703368535989556676e+03 1.425708203449043594e+03 1.192231457897647488e+03 1.882514710574515448e+03 3.402119372545316764e+03 1.736214058475510228e+03 9.375861666138939654e+02 8.420339275136850574e+02 7.042605447043649747e+02
