4.086628558037314564e+07 1.521463961164320353e+06 8.169914026337859104e+04 3.332662195627795882e+04 1.250312705391021154e+04 1.052020280904887113e+04 9.431502721976088651e+03 8.685936279025252588e+03 7.732817675869907362e+03 6.509692208182465038e+03 5.354138214791557402e+03 4.542975042818197835e+03 4.155045583604501189e+03 3.976151185917140538e+03 3.745166263192710630e+03 3.361765826153588023e+03 2.871439771955362630e+03 2.457143945305198031e+03 2.216074693385920000e+03 2.116395187569787595e+03 2.070707062677038266e+03 1.954376057240158843e+03 1.763061828477804511e+03 1.549783379880071834e+03 1.382504491626230447e+03 1.291697549488460936e+03 1.259495674564479486e+03 1.220421974393789242e+03 1.151601625322799464e+03 1.051397670510867556e+03 9.416251182976335287e+06 2.425998866904357274e+05 -5.410596885194758943e+04 -7.520668317673396814e+03 1.241388471604211372e+04 1.022750188744428669e+04 9.062050863985172327e+03 8.407918823999030792e+03 7.637276340840378907e+03 6.491996668574805881e+03 5.276375519013547091e+03 4.320893588946816635e+03 3.863756686778546282e+03 3.752049296887702440e+03 3.655082746546536782e+03 3.372765867200441789e+03 2.868493329612209436e+03 2.366673897657876296e+03 2.059307016499236397e+03 1.958524317905072621e+03 1.988665425201833614e+03 1.942695488313179567e+03 1.772147947504260173e+03 1.526901447647342138e+03 1.312061808358776943e+03 1.199242327698990039e+03 1.192020422817064627e+03 1.190964819646818341e+03 1.148785771222471112e+03 1.045963952831943516e+03
1.521463961164320353e+06 7.256249632338106632e+06 3.820713332575847162e+05 4.226849436129089736e+04 2.244520890473648251e+04 1.263627211049985272e+04 1.110587824440277109e+04 1.023181534844029011e+04 9.441593255419546040e+03 8.260373060825979337e+03 6.872018785064541589e+03 5.673501390222574628e+03 4.989378511163324220e+03 4.761658135755436888e+03 4.640654250571496050e+03 4.334521666536373232e+03 3.766824541528912050e+03 3.141639791993964991e+03 2.714501417458525793e+03 2.544506103067009008e+03 2.549564274452382961e+03 2.507951350172482307e+03 2.315586272112973347e+03 2.019318645928622118e+03 1.740218195535799623e+03 1.578930649307988460e+03 1.546794177535326526e+03 1.545177595477750401e+03 1.496372466115363295e+03 1.374896328249428961e+03 5.105172899444130016e+05 2.575482773567665368e+06 9.443571580507996259e+04 -5.499750810407365861e+03 8.929924284232134596e+03 1.421908152047892690e+04 1.243709438774709088e+04 1.152037714727523417e+04 1.083186529159535894e+04 9.625918098388810904e+03 7.990394380781190193e+03 6.414755468540151924e+03 5.469350051222651018e+03 5.237777322588210154e+03 5.274916323473165903e+03 5.093536918957887792e+03 4.457702217264579303e+03 3.610450489662594919e+03 2.983833276899354132e+03 2.748817668926541955e+03 2.846528235337002116e+03 2.920137181421380774e+03 2.750702180908673654e+03 2.368604515017403173e+03 1.960974262937667390e+03 1.720439256706558808e+03 1.704993326274816809e+03 1.764919580565626120e+03 1.758909876881312130e+03 1.622111044914046488e+03
8.169914026337859104e+04 3.820713332575847162e+05 2.531557765176114161e+06 1.594059218520517461e+05 2.519889734990501893e+04 1.571109485954452612e+04 1.063097684961876075e+04 9.535643145710546378e+03 8.690003221714687243e+03 7.746500591680411162e+03 6.642488168491901888e+03 5.610356902547788195e+03 4.886013394411334957e+03 4.508152930690106587e+03 4.289739378999622204e+03 4.005531134412330175e+03 3.567031540886125185e+03 3.066578434689084133e+03 2.670906121364074352e+03 2.459328521232449020e+03 2.382793419240024377e+03 2.313169873436801026e+03 2.156723849468601657e+03 1.924324800250824637e+03 1.693477223057913307e+03 1.537086535920237111e+03 1.469831818467282574e+03 1.440343387560276369e+03 1.388009377982095202e+03 1.289146898921057527e+03 1.998870090440761123e+04 1.697365511156060675e+05 8.900039061390347779e+05 4.052149263418899500e+04 4.446149490701320246e+03 9.066764154098023937e+03 1.100432156761079386e+04 1.004514537195952653e+04 9.330259076687210836e+03 8.461083977102451172e+03 7.284142933636325324e+03 6.069671355439388208e+03 5.185300258584283256e+03 4.780788986016063063e+03 4.652115437917970667e+03 4.458172619537723222e+03 4.005974222347148043e+03 3.385740996998604714e+03 2.857897205976237274e+03 2.593018990637545357e+03 2.559487492862976978e+03 2.565422073367206394e+03 2.436784897177943094e+03 2.159913408496651755e+03 1.849186863637404258e+03 1.636885753237548670e+03 1.570286448301286327e+03 1.578489056430671326e+03 1.557274835183774030e+03 1.453774955394348353e+03
3.332662195627795882e+04 4.226849436129089736e+04 1.594059218520517461e+05 1.150563914764650166e+06 8.346504140169281163e+04 1.687789296545988327e+04 1.152545358652304276e+04 8.429849457954933314e+03 7.548085909104011080e+03 6.769203981861008288e+03 5.967432613982984549e+03 5.170808018479676321e+03 4.506921436569349680e+03 4.041976802338774633e+03 3.728500724695412828e+03 3.452089485241606781e+03 3.132292606450476342e+03 2.779719039989350676e+03 2.462549977201376350e+03 2.236450389069923403e+03 2.097454926026287467e+03 1.990180444191351853e+03 1.862400962172848722e+03 1.700825119922928934e+03 1.534447104532869162e+03 1.400324406383149835e+03 1.312664967027757484e+03 1.254272593574718485e+03 1.196289407626118191e+03 1.120736901955622216e+03 1.062654578578922883e+04 1.915007246422010940e+04 6.462322968674518052e+04 3.263557623354832758e+05 2.232948222169551445e+04 4.531319741259816510e+03 6.576213627591899240e+03 7.625326953636977123e+03 7.025457120735523858e+03 6.445227462216402273e+03 5.770817848946970116e+03 5.021582717233042786e+03 4.361209699878083484e+03 3.909904143046003810e+03 3.646747833256581544e+03 3.434330120088328840e+03 3.148625105673277176e+03 2.783329087386669016e+03 2.430188265631531976e+03 2.184614123485454002e+03 2.062641569677021835e+03 1.992849584455790591e+03 1.892333110203474007e+03 1.728738176633285548e+03 1.539211980813595801e+03 1.384228907039129126e+03 1.295549777866574914e+03 1.253952635754825678e+03 1.214891825425838306e+03 1.145303426368424880e+03
1.250312705391021154e+04 2.244520890473648251e+04 2.519889734990501893e+04 8.346504140169281163e+04 6.288624502626406029e+05 5.144751090778374055e+04 1.229717878261170335e+04 8.845833398307006064e+03 6.763261197952317161e+03 6.054414501795059550e+03 5.411075008633466496e+03 4.782289724964104607e+03 4.196096756849958183e+03 3.714333174570647316e+03 3.353173348042403632e+03 3.073049548713862350e+03 2.814128712421119417e+03 2.547427695728440085e+03 2.287284280030726222e+03 2.065544185949366693e+03 1.898565440092345625e+03 1.771966181026836466e+03 1.656990653400775955e+03 1.534867715820923422e+03 1.407145823613504035e+03 1.290029820223846173e+03 1.196254029684316265e+03 1.124560154781373058e+03 1.063404485668158941e+03 1.000441058581988727e+03 6.571535718759078009e+03 1.309660825404730349e+04 1.185093369649752094e+04 3.262901734153430152e+04 1.484269541343096062e+05 1.337884993817193754e+04 3.485734781925887546e+03 4.661327415964284228e+03 5.336557394109667257e+03 4.962093371869571456e+03 4.577982966189292711e+03 4.143277736097907109e+03 3.680644667333656344e+03 3.273027022800581108e+03 2.969748289404772549e+03 2.750041648143297152e+03 2.548883140210202328e+03 2.323162281327689925e+03 2.083612342989945319e+03 1.872746502430854889e+03 1.721130745085372837e+03 1.618623394687859218e+03 1.529308463891080692e+03 1.424859371489434807e+03 1.303596647688940266e+03 1.187573981868200462e+03 1.097839421329567131e+03 1.036455954102444139e+03 9.889057986269414187e+02 9.373046036330897550e+02
1.052020280904887113e+04 1.263627211049985272e+04 1.571109485954452612e+04 1.687789296545988327e+04 5.144751090778374055e+04 3.999077964723024634e+05 3.537988134950127278e+04 9.583874726346259195e+03 7.178965682593149722e+03 5.651314809746851097e+03 5.060666069654778767e+03 4.530280929776732592e+03 4.029014474371736469e+03 3.569759449536996726e+03 3.185860385224575566e+03 2.883407016194216339e+03 2.637055431154312828e+03 2.411960242938881493e+03 2.191581040289222074e+03 1.984522462897942205e+03 1.807143883842265723e+03 1.665507040857801258e+03 1.549574696953402054e+03 1.443043686951626569e+03 1.336737385010885646e+03 1.232536513257885190e+03 1.138760394034050023e+03 1.060308505925704139e+03 9.948288271043466011e+02 9.347594559381537920e+02 5.224617619232960351e+03 9.359540915624518675e+03 8.542439384643977974e+03 6.489407263449498714e+03 1.684386219813562275e+04 8.871021504979699966e+04 9.493803628916037269e+03 2.758601601048929297e+03 3.531778288074191551e+03 4.010655921287438559e+03 3.782998853163698186e+03 3.535965905344901330e+03 3.239700840521258669e+03 2.913500006347576800e+03 2.617894233554347011e+03 2.387975263443621770e+03 2.211756441526469644e+03 2.050274450801980947e+03 1.878405338951160502e+03 1.703856766856945796e+03 1.550089054206142919e+03 1.431579610273255184e+03 1.340971359030993426e+03 1.258703704822641157e+03 1.171466305976035528e+03 1.080216845229561841e+03 9.963235604979878417e+02 9.283410048233088219e+02 8.754136681878761692e+02 8.294539139672915553e+02
9.431502721976088651e+03 1.110587824440277109e+04 1.063097684961876075e+04 1.152545358652304276e+04 1.229717878261170335e+04 3.537988134950127278e+04 2.755662585663451464e+05 2.582106495554574212e+04 7.793585776000331862e+03 5.998410981562625238e+03 4.815867147335926347e+03 4.333409642577875275e+03 3.903839507347264771e+03 3.495146448351990330e+03 3.114725292616184561e+03 2.790032090014728055e+03 2.529834896285654395e+03 2.317223825594089703e+03 2.125070349224767142e+03 1.939742634818847591e+03 1.765546927154438436e+03 1.613599739357764065e+03 1.488651014957789357e+03 1.384133918557130073e+03 1.289012966474191444e+03 1.196666692147882713e+03 1.107510036543173101e+03 1.026173059885675229e+03 9.551817268240824887e+02 8.916636125225311389e+02 4.593926183361509175e+03 8.034479524981842587e+03 7.180517155567815280e+03 5.103955284236270018e+03 3.825979838492098679e+03 1.076439509820341118e+04 5.542457836201912869e+04 6.012923328691683309e+03 2.230020187615084978e+03 2.773679650568499710e+03 3.151271624711446748e+03 3.024040259207205963e+03 2.862164124782374529e+03 2.643879623592907592e+03 2.394497128519591570e+03 2.166916910981944511e+03 1.989622321773632393e+03 1.852087957720683335e+03 1.723752463647469995e+03 1.587511037735006084e+03 1.449341229342124734e+03 1.326281361796191959e+03 1.228420894967815002e+03 1.150560660487030873e+03 1.079833926207197919e+03 1.007658117597007276e+03 9.344208303951666039e+02 8.669337900061594837e+02 8.102649307405588388e+02 7.636391697926646884e+02
8.685936279025252588e+03 1.023181534844029011e+04 9.535643145710546378e+03 8.429849457954933314e+03 8.845833398307006064e+03 9.583874726346259195e+03 2.582106495554574212e+04 1.987460442283369775e+05 1.965922894049032038e+04 6.421066253139155378e+03 5.043549993088807241e+03 4.125439733027082184e+03 3.737265597731868183e+03 3.380606463506828732e+03 3.034443767786544413e+03 2.711914605679346096e+03 2.438895605203411833e+03 2.221352636578513739e+03 2.041901198626258747e+03 1.877666132026079140e+03 1.717879392641156528e+03 1.567366434216070274e+03 1.435902736852075122e+03 1.327147211517639107e+03 1.235535372546859435e+03 1.151885875870698328e+03 1.070374342684097655e+03 9.907334298608986956e+02 9.158255177382052352e+02 8.459512104950390494e+02 4.515629329432631494e+03 7.637306384190531389e+03 6.572217651401448165e+03 4.724330347109169452e+03 3.201129630258329598e+03 2.621773910564520975e+03 6.862209693346165295e+03 3.396865974364249269e+04 4.191862035866138285e+03 1.725018485048316506e+03 2.152687181216959289e+03 2.481756412052848191e+03 2.419633727319128411e+03 2.307326820748136015e+03 2.140558369112704895e+03 1.950375668728896699e+03 1.781047204381111214e+03 1.650793444482699670e+03 1.546380724046622618e+03 1.444708829580692509e+03 1.334589815338835251e+03 1.223296365392879579e+03 1.124652314419338381e+03 1.045584059063985933e+03 9.816450324576773028e+02 9.230775321034907392e+02 8.634809078001760554e+02 8.033080161284574388e+02 7.473509762409573796e+02 6.989228828167870233e+02
7.732817675869907362e+03 9.441593255419546040e+03 8.690003221714687243e+03 7.548085909104011080e+03 6.763261197952317161e+03 7.178965682593149722e+03 7.793585776000331862e+03 1.965922894049032038e+04 1.479322785332313506e+05 1.543296552520238038e+04 5.323738621105927450e+03 4.259984315881634757e+03 3.533218725482815898e+03 3.208609702198091327e+03 2.904377526433267121e+03 2.612347762002382296e+03 2.346244649435875544e+03 2.123448318228725839e+03 1.942940480321490213e+03 1.789411344057376482e+03 1.646072771280012148e+03 1.507449511699971026e+03 1.378945867391804313e+03 1.267550458574418371e+03 1.174548194446527305e+03 1.094143596357976548e+03 1.018377450475671935e+03 9.425927593503618027e+02 8.662851928042146028e+02 7.897975279356508054e+02 4.421188940565014491e+03 7.561018727751323240e+03 6.301535268536686999e+03 4.369383445445222605e+03 3.111142190417474922e+03 2.261449594223099666e+03 1.898069874351031103e+03 4.499431073968185956e+03 2.117355060369856074e+04 3.220599150061128057e+03 1.261033482023553688e+03 1.626416182245797472e+03 1.918008402999157170e+03 1.888264671120483399e+03 1.808172109265635299e+03 1.687169823861016994e+03 1.553773271842887425e+03 1.437533954498765979e+03 1.345287652529058278e+03 1.265866293682841160e+03 1.184049969828804024e+03 1.095923691664110493e+03 1.009228774257633290e+03 9.336212783878667096e+02 8.726004621981494438e+02 8.215510204726906522e+02 7.729724334926800111e+02 7.229286935702359642e+02 6.721415562133508956e+02 6.237948840313138135e+02
6.509692208182465038e+03 8.260373060825979337e+03 7.746500591680411162e+03 6.769203981861008288e+03 6.054414501795059550e+03 5.651314809746851097e+03 5.998410981562625238e+03 6.421066253139155378e+03 1.543296552520238038e+04 1.135432199987912318e+05 1.231820210647805470e+04 4.488566524190867312e+03 3.639452151027527634e+03 3.042809560039275311e+03 2.766269589909834394e+03 2.509296586126356488e+03 2.267459635625627016e+03 2.049167865367747254e+03 1.863646167808387645e+03 1.708998091117799504e+03 1.574206573162368841e+03 1.448726507090273117e+03 1.329635813428491929e+03 1.220416738332064142e+03 1.124842769766311449e+03 1.042104390618476600e+03 9.665786639361258494e+02 8.919097474032762420e+02 8.142617143612574182e+02 7.312578052115686660e+02 3.874467486330651809e+03 6.917754118379501961e+03 5.873218616837339141e+03 4.077265017042976069e+03 2.871617625008777395e+03 2.247825938242230222e+03 1.687116008407729169e+03 1.324792911523902376e+03 3.115069314251600190e+03 1.407049661357365585e+04 2.155220878022902070e+03 9.180784161360739972e+02 1.225577629319378730e+03 1.478371555400267425e+03 1.465900508660897003e+03 1.414250275320566743e+03 1.335196781566162826e+03 1.247633485969247886e+03 1.167842675130855469e+03 1.099580032125311391e+03 1.036105403302431341e+03 9.703483345813460801e+02 9.019493062932198200e+02 8.362879485706108653e+02 7.788600276005817022e+02 7.305039455954774894e+02 6.871398989364334966e+02 6.439986430633844066e+02 5.986628546905046733e+02 5.514934675519637040e+02
5.354138214791557402e+03 6.872018785064541589e+03 6.642488168491901888e+03 5.967432613982984549e+03 5.411075008633466496e+03 5.060666069654778767e+03 4.815867147335926347e+03 5.043549993088807241e+03 5.323738621105927450e+03 1.231820210647805470e+04 9.057178509272070369e+04 1.012548852303847525e+04 3.864228569902675645e+03 3.161921990275128337e+03 2.663637153774991930e+03 2.428317752557045424e+03 2.211245433681082432e+03 2.007805521816859255e+03 1.822427791602023035e+03 1.662139123178423233e+03 1.526023083350997013e+03 1.406884378781968508e+03 1.296928653648311411e+03 1.192937589756796115e+03 1.096209765040955745e+03 1.008150718574534949e+03 9.270987559884740676e+02 8.483466695347276527e+02 7.664819368482676509e+02 6.761993441716231246e+02 3.057276312840390801e+03 5.675681205526260783e+03 5.041063444982979490e+03 3.670113112074524906e+03 2.659082923046239557e+03 2.086907617070032757e+03 1.722859415609650114e+03 1.224663901368665165e+03 8.643184757432701417e+02 2.233582427270163862e+03 1.080981402401836567e+04 1.817763264221265672e+03 6.896831714533298054e+02 9.506813630665971004e+02 1.169708186721789389e+03 1.171263474469450557e+03 1.144004982889171970e+03 1.095151749366592185e+03 1.035130632940243231e+03 9.757219042446674848e+02 9.211791788608207980e+02 8.697474834005997764e+02 8.178767214480546954e+02 7.647805792525241486e+02 7.131616320050586637e+02 6.657203437047778607e+02 6.225288612795387735e+02 5.811435316398078612e+02 5.381746493055940164e+02 4.915243229939395633e+02
4.542975042818197835e+03 5.673501390222574628e+03 5.610356902547788195e+03 5.170808018479676321e+03 4.782289724964104607e+03 4.530280929776732592e+03 4.333409642577875275e+03 4.125439733027082184e+03 4.259984315881634757e+03 4.488566524190867312e+03 1.012548852303847525e+04 7.453883171409371425e+04 8.585310917485616301e+03 3.391274821622077980e+03 2.801657482621092640e+03 2.377612525196817842e+03 2.174732962342739484e+03 1.987917093967973415e+03 1.811870100328230819e+03 1.649854252812107006e+03 1.507855941445189274e+03 1.386270316743815783e+03 1.279492107058447800e+03 1.180059575508246553e+03 1.083911163496643894e+03 9.907186914748913296e+02 9.008623342891301036e+02 8.128551825227247036e+02 7.224283417441736219e+02 6.225947971009852608e+02 2.314479758805634901e+03 4.329264013050066751e+03 4.058522501737709717e+03 3.136505228812333371e+03 2.398331786038772862e+03 1.948534956462884111e+03 1.625076282429138701e+03 1.306633522621958036e+03 8.387606669575086471e+02 5.482232299513455018e+02 1.741271006324789141e+03 8.253346477836013946e+03 1.343453918112732708e+03 5.485167967280090124e+02 7.747930065652597023e+02 9.652228402343705511e+02 9.779981677118501011e+02 9.674007907730830311e+02 9.356501906417729515e+02 8.903862603960692468e+02 8.421592663293795340e+02 7.972551601956467948e+02 7.556557391833285919e+02 7.137476417228427863e+02 6.695529914002318037e+02 6.239668984277672052e+02 5.788425172556532061e+02 5.349824224735909866e+02 4.905074054345801073e+02 4.423382103203412612e+02
4.155045583604501189e+03 4.989378511163324220e+03 4.886013394411334957e+03 4.506921436569349680e+03 4.196096756849958183e+03 4.029014474371736469e+03 3.903839507347264771e+03 3.737265597731868183e+03 3.533218725482815898e+03 3.639452151027527634e+03 3.864228569902675645e+03 8.585310917485616301e+03 6.232288397890352644e+04 7.356745760646133022e+03 3.013241684613609323e+03 2.508838647268304612e+03 2.144210203719533638e+03 1.968322001656710654e+03 1.805739960458678979e+03 1.651027851270168640e+03 1.506671339659138084e+03 1.378683798712441330e+03 1.267782579984374252e+03 1.168326533725304216e+03 1.072715629508588336e+03 9.761736372098914671e+02 8.777042242261143201e+02 7.775693856578533314e+02 6.741753099188495071e+02 5.612021133069188181e+02 2.002307287685464871e+03 3.545627570039995135e+03 3.346611404543489243e+03 2.650417988635363145e+03 2.095847941511179215e+03 1.777218499471376163e+03 1.534668340018926074e+03 1.252804656281869939e+03 9.404624966735279941e+02 5.593934640083657541e+02 3.696359149919113065e+02 1.262489834998333208e+03 6.285421436516170616e+03 9.165769542448747416e+02 4.537782977803826725e+02 6.484067463854914877e+02 8.157898835593539388e+02 8.370930397500349045e+02 8.364744381557293309e+02 8.144677836328518197e+02 7.778546818377099044e+02 7.377429344879089967e+02 7.006250893007497780e+02 6.658132403036254345e+02 6.290927776854964577e+02 5.876015595472434825e+02 5.417962612548772086e+02 4.939594906744953846e+02 4.447774646580624562e+02 3.923413391838055873e+02
3.976151185917140538e+03 4.761658135755436888e+03 4.508152930690106587e+03 4.041976802338774633e+03 3.714333174570647316e+03 3.569759449536996726e+03 3.495146448351990330e+03 3.380606463506828732e+03 3.208609702198091327e+03 3.042809560039275311e+03 3.161921990275128337e+03 3.391274821622077980e+03 7.356745760646133022e+03 5.284683661507713259e+04 6.412563514953704725e+03 2.685740501037651484e+03 2.252257760937458443e+03 1.937876454845457374e+03 1.785265971028272133e+03 1.642298005942539930e+03 1.503867197445837064e+03 1.372781500457282164e+03 1.254557556449761933e+03 1.149085659264018659e+03 1.050445796451297610e+03 9.508522539104707221e+02 8.454695601085448970e+02 7.333446056413474707e+02 6.143722270245054915e+02 4.843464448857972116e+02 2.064804120079136737e+03 3.494126767250653756e+03 3.113018232380600239e+03 2.357487628639908507e+03 1.832190418937146205e+03 1.574065648582733729e+03 1.407060044550403745e+03 1.187451204167479773e+03 9.072446425937932872e+02 6.579977697154052976e+02 3.874248397037325162e+02 2.673485363067412095e+02 1.046167782618844967e+03 4.271837822744986624e+03 7.277449569646370264e+02 3.678002960373191854e+02 5.365629724613347662e+02 6.878690380199038827e+02 7.147752089435080052e+02 7.199555131034701390e+02 7.038334459984500882e+02 6.738519937406620102e+02 6.404610763897649122e+02 6.086106451946286597e+02 5.767431435226243366e+02 5.401642349450994516e+02 4.961183620002524322e+02 4.456368260189012744e+02 3.905788229131384242e+02 3.311998811645244700e+02
3.745166263192710630e+03 4.640654250571496050e+03 4.289739378999622204e+03 3.728500724695412828e+03 3.353173348042403632e+03 3.185860385224575566e+03 3.114725292616184561e+03 3.034443767786544413e+03 2.904377526433267121e+03 2.766269589909834394e+03 2.663637153774991930e+03 2.801657482621092640e+03 3.013241684613609323e+03 6.412563514953704725e+03 4.517704316794670740e+04 5.595802183040158525e+03 2.397202520868682768e+03 2.024858753379827704e+03 1.752131768979613526e+03 1.617495062729627534e+03 1.488369413510578852e+03 1.360938359983663531e+03 1.237920280224821227e+03 1.123384846040628872e+03 1.016255968345982865e+03 9.102154506112749459e+02 7.978284830011457416e+02 6.748160619346499516e+02 5.400220775241834872e+02 3.904292959536114722e+02 2.182085672111200438e+03 3.743469584644730276e+03 3.170430918619073964e+03 2.250106257657572314e+03 1.660294263582803069e+03 1.390790990492086166e+03 1.250061323174983499e+03 1.086198520195995570e+03 8.572917593873013402e+02 6.346062766157714350e+02 4.747073691882099524e+02 2.910775817937932857e+02 2.031603092177658993e+02 7.617725590007020173e+02 3.529562683878187272e+03 6.531157451473110314e+02 2.840076039450786993e+02 4.314958782920372187e+02 5.727975802345083594e+02 6.018461488961647774e+02 6.092235267633736839e+02 5.967418176976946143e+02 5.716217002197766988e+02 5.421540230875623365e+02 5.116267679584121879e+02 4.776167293692395219e+02 4.358187639103377364e+02 3.845285234327369608e+02 3.245075758410204116e+02 2.569910427355330285e+02
3.361765826153588023e+03 4.334521666536373232e+03 4.005531134412330175e+03 3.452089485241606781e+03 3.073049548713862350e+03 2.883407016194216339e+03 2.790032090014728055e+03 2.711914605679346096e+03 2.612347762002382296e+03 2.509296586126356488e+03 2.428317752557045424e+03 2.377612525196817842e+03 2.508838647268304612e+03 2.685740501037651484e+03 5.595802183040158525e+03 3.905119959836211638e+04 4.923251311028021519e+03 2.152230178153557063e+03 1.827692217979144516e+03 1.586204252084187601e+03 1.462467281637350879e+03 1.340656140664192662e+03 1.217769716260566383e+03 1.095536275491326933e+03 9.765702269909950246e+02 8.587508539190696411e+02 7.358975749028950304e+02 6.014680007676097375e+02 4.514388348231020700e+02 2.819380195748811957e+02 2.107078654248521161e+03 3.766284140170581395e+03 3.155489213803107305e+03 2.185727511222865360e+03 1.561628734964425803e+03 1.261942037859590528e+03 1.107885761974842353e+03 9.647481235002019275e+02 7.827117905765585419e+02 6.002312268945370306e+02 4.596840612745912722e+02 3.698015244364439127e+02 2.270779851401918563e+02 1.373655606363206232e+02 5.933111293036769212e+02 3.197488084487738433e+03 6.164623521131711641e+02 2.067268798250328530e+02 3.450557942469929458e+02 4.733239564524817524e+02 5.004664150561133624e+02 5.071057775660947300e+02 4.956653971448681659e+02 4.717531132589471667e+02 4.415196512512366098e+02 4.066118273561488081e+02 3.646144456462835706e+02 3.124973447444457406e+02 2.487183837977357825e+02 1.736140221406349724e+02
2.871439771955362630e+03 3.766824541528912050e+03 3.567031540886125185e+03 3.132292606450476342e+03 2.814128712421119417e+03 2.637055431154312828e+03 2.529834896285654395e+03 2.438895605203411833e+03 2.346244649435875544e+03 2.267459635625627016e+03 2.211245433681082432e+03 2.174732962342739484e+03 2.144210203719533638e+03 2.252257760937458443e+03 2.397202520868682768e+03 4.923251311028021519e+03 3.412447225969628198e+04 4.373418027668298237e+03 1.946598089203120480e+03 1.656062674169754473e+03 1.435372598871733771e+03 1.315015587109070566e+03 1.193171388798193675e+03 1.066666495332787690e+03 9.362402888352202126e+02 8.030951024578687338e+02 6.647219702258299776e+02 5.156186716641504972e+02 3.497578487784156778e+02 1.609690289389005216e+02 1.754168856648513611e+03 3.284176177016921883e+03 2.846755606782134237e+03 2.027239150837748184e+03 1.469728080104055607e+03 1.178046711284346657e+03 1.008299133003083398e+03 8.599929641544938477e+02 6.994917203972843254e+02 5.526787580929712931e+02 4.398889841317021023e+02 3.621565197086075614e+02 3.001649007270100924e+02 1.662313973031454282e+02 7.668744447622350435e+01 4.807660345812776654e+02 2.849918425270010630e+03 3.645588522914554233e+02 1.547918905367688751e+02 2.790416303836282168e+02 3.901878677057146092e+02 4.121816795703869047e+02 4.151163542223802096e+02 4.005787530029113555e+02 3.726015771216403891e+02 3.353667407397064153e+02 2.899150675128252033e+02 2.347260852579103982e+02 1.670868655545442323e+02 8.540645997523660071e+01
2.457143945305198031e+03 3.141639791993964991e+03 3.066578434689084133e+03 2.779719039989350676e+03 2.547427695728440085e+03 2.411960242938881493e+03 2.317223825594089703e+03 2.221352636578513739e+03 2.123448318228725839e+03 2.049167865367747254e+03 2.007805521816859255e+03 1.987917093967973415e+03 1.968322001656710654e+03 1.937876454845457374e+03 2.024858753379827704e+03 2.152230178153557063e+03 4.373418027668298237e+03 3.015655937862436258e+04 3.933779235939563023e+03 1.765526760882177314e+03 1.497150672487957308e+03 1.286784661659144831e+03 1.162072556572236408e+03 1.031844994329568635e+03 8.926395846243616461e+02 7.441793516006716800e+02 5.869647929175852141e+02 4.186968332919326485e+02 2.342354842104411432e+02 2.602075059475420460e+01 1.343176009964708555e+03 2.535159797575259290e+03 2.328369285116415085e+03 1.763330518829780885e+03 1.339920921438136475e+03 1.102338634129530419e+03 9.439434697210689365e+02 7.904360039881703415e+02 6.322995999075687905e+02 5.017834984970069172e+02 4.120879876039837200e+02 3.526486359412690490e+02 2.993965454315633679e+02 2.378167523163853616e+02 1.088138955445882914e+02 2.882964795698832816e+01 4.047497421976164560e+02 1.994319861622921508e+03 3.329349088100229892e+02 1.184225733885579359e+02 2.213202240986769596e+02 3.164124428619275022e+02 3.304192606611601377e+02 3.257677044106513904e+02 3.031288570724826741e+02 2.650421181804747448e+02 2.148028834278901513e+02 1.537686218876963551e+02 8.048594148986917673e+01 -7.644052827987903420e+00
2.216074693385920000e+03 2.714501417458525793e+03 2.670906121364074352e+03 2.462549977201376350e+03 2.287284280030726222e+03 2.191581040289222074e+03 2.125070349224767142e+03 2.041901198626258747e+03 1.942940480321490213e+03 1.863646167808387645e+03 1.822427791602023035e+03 1.811870100328230819e+03 1.805739960458678979e+03 1.785265971028272133e+03 1.752131768979613526e+03 1.827692217979144516e+03 1.946598089203120480e+03 3.933779235939563023e+03 2.686493351183792402e+04 3.527220295402958072e+03 1.587733530471622998e+03 1.331448473341061799e+03 1.121607344246030607e+03 9.843027377652157384e+02 8.369539939220284168e+02 6.756463314547709160e+02 4.996106641915205273e+02 3.092145825870696854e+02 1.022181819836373506e+02 -1.274562417595547856e+02 1.097582823891887983e+03 1.977947793284575482e+03 1.876730041697705929e+03 1.491658097812457072e+03 1.183204883609875196e+03 1.009352595777622810e+03 8.858210553934657128e+02 7.451996865852256633e+02 5.882893041336476472e+02 4.600992233968344181e+02 3.795113091093264757e+02 3.350320615188930446e+02 2.960305884897738906e+02 2.424439922496821964e+02 1.778418574339488600e+02 6.170631877046115221e+01 -1.826203786232652559e+00 2.921446166847017025e+02 1.714905435729138389e+03 2.815428031899277812e+02 7.494440627530914867e+01 1.617931718664081586e+02 2.390417724768069547e+02 2.416679863907065737e+02 2.251396887030479377e+02 1.891389642797777810e+02 1.355206836282873439e+02 6.749761889261139913e+01 -1.379596288154732164e+01 -1.097871376463882598e+02
2.116395187569787595e+03 2.544506103067009008e+03 2.459328521232449020e+03 2.236450389069923403e+03 2.065544185949366693e+03 1.984522462897942205e+03 1.939742634818847591e+03 1.877666132026079140e+03 1.789411344057376482e+03 1.708998091117799504e+03 1.662139123178423233e+03 1.649854252812107006e+03 1.651027851270168640e+03 1.642298005942539930e+03 1.617495062729627534e+03 1.586204252084187601e+03 1.656062674169754473e+03 1.765526760882177314e+03 3.527220295402958072e+03 2.411550391194370604e+04 3.126033219140755136e+03 1.393844112508966191e+03 1.138508070401855093e+03 9.203001443904124699e+02 7.619164235547432327e+02 5.884762897343046006e+02 3.959524320224440430e+02 1.835115795585212481e+02 -4.861602565239802232e+01 -3.027909541640639759e+02 1.061995701886002735e+03 1.813611903954062655e+03 1.683793580601235590e+03 1.318467239094387878e+03 1.044870365922101882e+03 9.056944791465571143e+02 8.156921897615748094e+02 7.017842959251604498e+02 5.576100433574073350e+02 4.311124644022923462e+02 3.504572067922725864e+02 3.107067319605067723e+02 2.834003658353800574e+02 2.425307266729868161e+02 1.851275428147847038e+02 1.253030417298288057e+02 2.793253689158632724e+01 -2.761838188429086927e+01 2.191777177309180615e+02 1.698042476556553993e+03 1.685049136572401380e+02 2.077146317221986749e+01 8.905060621396380327e+01 1.449798059124858582e+02 1.324360393921927255e+02 9.941429844410275507e+01 4.517669644833374321e+01 -2.856110389576982200e+01 -1.189067114332368362e+02 -2.248611538733471775e+02
2.070707062677038266e+03 2.549564274452382961e+03 2.382793419240024377e+03 2.097454926026287467e+03 1.898565440092345625e+03 1.807143883842265723e+03 1.765546927154438436e+03 1.717879392641156528e+03 1.646072771280012148e+03 1.574206573162368841e+03 1.526023083350997013e+03 1.507855941445189274e+03 1.506671339659138084e+03 1.503867197445837064e+03 1.488369413510578852e+03 1.462467281637350879e+03 1.435372598871733771e+03 1.497150672487957308e+03 1.587733530471622998e+03 3.126033219140755136e+03 2.161662142785236574e+04 2.773901472617898435e+03 1.165968870284359809e+03 9.021017633138442307e+02 6.653866296853479980e+02 4.772334156686067672e+02 2.689310313381926107e+02 3.666250120685077007e+01 -2.203355671434966041e+02 -5.005805488967696419e+02 1.173594568129171421e+03 1.994483473289654739e+03 1.727526932005461504e+03 1.266840119377834526e+03 9.587328104007591492e+02 8.145635196063548165e+02 7.374087643712507543e+02 6.470601074217379391e+02 5.244002516751631902e+02 4.080452308920341693e+02 3.280120790895081768e+02 2.866325842269076247e+02 2.626077503043301249e+02 2.321747087895200821e+02 1.858312317423894342e+02 1.314745247881711521e+02 8.244528461543558251e+01 -1.716378324207750605e+00 -5.246931690870283660e+01 1.683586675818956735e+02 1.107792136041242429e+03 1.331717972220129411e+02 -5.299778328049944776e+01 -1.026490288243065407e+01 2.390642039133222596e+01 -8.069489737568597221e+00 -6.217775320465153754e+01 -1.392293558585386677e+02 -2.374982052978306228e+02 -3.542940160992615688e+02
1.954376057240158843e+03 2.507951350172482307e+03 2.313169873436801026e+03 1.990180444191351853e+03 1.771966181026836466e+03 1.665507040857801258e+03 1.613599739357764065e+03 1.567366434216070274e+03 1.507449511699971026e+03 1.448726507090273117e+03 1.406884378781968508e+03 1.386270316743815783e+03 1.378683798712441330e+03 1.372781500457282164e+03 1.360938359983663531e+03 1.340656140664192662e+03 1.315015587109070566e+03 1.286784661659144831e+03 1.331448473341061799e+03 1.393844112508966191e+03 2.773901472617898435e+03 1.946781467568169683e+04 2.378512600675916929e+03 8.898349850506326675e+02 6.066336133627248728e+02 3.426252045401427608e+02 1.162374378121999570e+02 -1.351151832121037444e+02 -4.147408907593684262e+02 -7.198194016362369894e+02 1.212590081687459133e+03 2.153557265909071248e+03 1.810969393106663119e+03 1.264805206821794400e+03 9.162297607664199859e+02 7.513302539062472079e+02 6.669439644652227344e+02 5.858040701405798245e+02 4.822981322742086263e+02 3.824304816942330945e+02 3.096390805895589438e+02 2.675545980551676735e+02 2.413753881607552501e+02 2.138297439565554896e+02 1.763526847174292413e+02 1.304836671899327314e+02 8.457377746198449131e+01 4.362430000808382147e+01 -3.567292790644754064e+01 -9.081844037986043361e+01 1.015031135769369115e+02 7.318895573048664573e+02 3.018618967201217629e+01 -1.589740674285220052e+02 -1.373067027854570483e+02 -1.306867161765461560e+02 -1.865145593007509319e+02 -2.663512772865232137e+02 -3.704102673635559881e+02 -4.968837545948680940e+02
1.763061828477804511e+03 2.315586272112973347e+03 2.156723849468601657e+03 1.862400962172848722e+03 1.656990653400775955e+03 1.549574696953402054e+03 1.488651014957789357e+03 1.435902736852075122e+03 1.378945867391804313e+03 1.329635813428491929e+03 1.296928653648311411e+03 1.279492107058447800e+03 1.267782579984374252e+03 1.254557556449761933e+03 1.237920280224821227e+03 1.217769716260566383e+03 1.193171388798193675e+03 1.162072556572236408e+03 1.121607344246030607e+03 1.138508070401855093e+03 1.165968870284359809e+03 2.378512600675916929e+03 1.750108450086291123e+04 1.976388485365317138e+03 5.507263375538917671e+02 2.395302057045737172e+02 -6.071674971405147403e+01 -3.330711359305931865e+02 -6.343681726033537416e+02 -9.611767520799105569e+02 1.113253629813268617e+03 2.056603239005600244e+03 1.750182666722113936e+03 1.225381897895451857e+03 8.815849140354077917e+02 7.104517309931713953e+02 6.154623393623684251e+02 5.311794223596916709e+02 4.371269591519986761e+02 3.519550451802050475e+02 2.906478698134322940e+02 2.528103323235148139e+02 2.249478025061518451e+02 1.952010175954690396e+02 1.598563389943666948e+02 1.203667550721230981e+02 7.981069905543709808e+01 3.950717598659882412e+01 -2.474618217644101836e+00 -8.578960765667106614e+01 -1.552574641467983270e+02 -4.332383721444298175e+01 8.929198596612677647e+02 -1.079352433839816001e+02 -2.918869393786974911e+02 -3.007992144594513775e+02 -3.240906082604062703e+02 -4.083856727817590127e+02 -5.176987047542131677e+02 -6.517406273363919809e+02
1.549783379880071834e+03 2.019318645928622118e+03 1.924324800250824637e+03 1.700825119922928934e+03 1.534867715820923422e+03 1.443043686951626569e+03 1.384133918557130073e+03 1.327147211517639107e+03 1.267550458574418371e+03 1.220416738332064142e+03 1.192937589756796115e+03 1.180059575508246553e+03 1.168326533725304216e+03 1.149085659264018659e+03 1.123384846040628872e+03 1.095536275491326933e+03 1.066666495332787690e+03 1.031844994329568635e+03 9.843027377652157384e+02 9.203001443904124699e+02 9.021017633138442307e+02 8.898349850506326675e+02 1.976388485365317138e+03 1.571103398195004229e+04 1.486470911530216654e+03 1.362124796289954531e+02 -2.112753125146047068e+02 -5.552749681388911540e+02 -8.791635470169003383e+02 -1.224873280812283156e+03 9.185439730679734112e+02 1.727669349795452490e+03 1.526394639468203422e+03 1.113320365281930208e+03 8.260159424406060680e+02 6.737298887092008499e+02 5.797601161804220737e+02 4.913657348250425230e+02 3.984305993200058538e+02 3.208727181961018573e+02 2.690487019501145483e+02 2.382014193408673464e+02 2.124448271124280723e+02 1.805467993438662972e+02 1.426895696710897994e+02 1.036759343105867543e+02 6.639820861941824148e+01 2.836615794509983601e+01 -1.518625561795945877e+01 -6.718032051636592428e+01 -1.625917356414176425e+02 -2.465053515921340193e+02 -1.242856292881382956e+02 3.081869401092436647e+02 -2.513654727041139267e+02 -4.651299986503299806e+02 -5.058121075524053936e+02 -5.625025814528853516e+02 -6.783511825489354123e+02 -8.190871105889485762e+02
1.382504491626230447e+03 1.740218195535799623e+03 1.693477223057913307e+03 1.534447104532869162e+03 1.407145823613504035e+03 1.336737385010885646e+03 1.289012966474191444e+03 1.235535372546859435e+03 1.174548194446527305e+03 1.124842769766311449e+03 1.096209765040955745e+03 1.083911163496643894e+03 1.072715629508588336e+03 1.050445796451297610e+03 1.016255968345982865e+03 9.765702269909950246e+02 9.362402888352202126e+02 8.926395846243616461e+02 8.369539939220284168e+02 7.619164235547432327e+02 6.653866296853479980e+02 6.066336133627248728e+02 5.507263375538917671e+02 1.486470911530216654e+03 1.405681361064781231e+04 9.394648152293186740e+02 -3.674499237336673900e+02 -7.585022999752600299e+02 -1.151405921043173521e+03 -1.515591069803548635e+03 7.394515438152930074e+02 1.359141329916175891e+03 1.257046692004464148e+03 9.666492586855175659e+02 7.478788182063491377e+02 6.283380363158962609e+02 5.483255109919566621e+02 4.636982974744901185e+02 3.709581229329885446e+02 2.948464646981462920e+02 2.468475915253816027e+02 2.209296693331473307e+02 1.992884315828405022e+02 1.682327474356295909e+02 1.276156731990102173e+02 8.495962826192288730e+01 4.581504885981883035e+01 8.087678332160225025e+00 -3.570278269370410129e+01 -9.117836860308608493e+01 -1.591801931744627154e+02 -2.686149944421964619e+02 -3.652493243577852127e+02 -2.955015306815191707e+02 3.617444419446300117e+02 -4.766012040916279489e+02 -6.842903616029498153e+02 -7.590145135100997322e+02 -8.521036992096176164e+02 -1.000463278800001035e+03
1.291697549488460936e+03 1.578930649307988460e+03 1.537086535920237111e+03 1.400324406383149835e+03 1.290029820223846173e+03 1.232536513257885190e+03 1.196666692147882713e+03 1.151885875870698328e+03 1.094143596357976548e+03 1.042104390618476600e+03 1.008150718574534949e+03 9.907186914748913296e+02 9.761736372098914671e+02 9.508522539104707221e+02 9.102154506112749459e+02 8.587508539190696411e+02 8.030951024578687338e+02 7.441793516006716800e+02 6.756463314547709160e+02 5.884762897343046006e+02 4.772334156686067672e+02 3.426252045401427608e+02 2.395302057045737172e+02 1.362124796289954531e+02 9.394648152293186740e+02 1.245295664789193688e+04 3.096213225975869250e+02 -9.711700157644996807e+02 -1.409676067730550130e+03 -1.832938614761411600e+03 6.590168298505973326e+02 1.153995503225238963e+03 1.081526057496056183e+03 8.494077474193923081e+02 6.702064310632836168e+02 5.752242766725223646e+02 5.128881913376272905e+02 4.395043682752045129e+02 3.516136144477084144e+02 2.758997397792622905e+02 2.271226727411001889e+02 2.016025558963326034e+02 1.822451720958280816e+02 1.535840867003959715e+02 1.124834481897543554e+02 6.576862676356061854e+01 2.123429392111280123e+01 -2.061806345442400357e+01 -6.638788415818734734e+01 -1.241491720905030718e+02 -1.973929313951987297e+02 -2.834537415203898263e+02 -4.076529252638857770e+02 -5.244139572941028291e+02 -4.772303836986955048e+02 1.121124951975700412e+02 -7.038631922314516487e+02 -9.552864818475651418e+02 -1.068061108554278462e+03 -1.196342483862048539e+03
