8.356608724570684135e+07 1.236205794744116254e+07 6.018352410259244498e+05 1.446540513401814133e+04 -7.494455498468497535e+04 -5.926702876816887874e+04 -5.339394619945745217e+04 -3.927867711046589829e+04 -1.182883217647218044e+04 6.531210472501786171e+03 8.908108338241898309e+03 -1.763398073265220319e+03 -1.129402935112736850e+04 -8.716234390999277821e+03 3.202610661529029585e+03 1.403667919283557785e+04 1.497528761986284371e+04 6.657529795197122439e+03 -1.941933760805877682e+03 -4.500073227011995186e+03 1.463584182536114895e+03 8.480935458078187366e+03 1.149003081875733551e+04 8.054133211349148041e+03 2.405104135951795342e+03 -1.204133013379137537e+03 1.242128701880126016e+02 4.029610974778478521e+03 6.810684595803770208e+03 6.528497563247076869e+03 5.841816417636132240e+07 3.150052344708901644e+07 3.140950740854251198e+06 6.072489799609277397e+05 1.008682661132152425e+05 7.970712304487597430e+04 6.214331531332634040e+04 5.990936091487764497e+04 7.815984570296941092e+04 8.601819794139929581e+04 7.536369287644633732e+04 4.945211850017734105e+04 2.830907110796130291e+04 2.741606366694551980e+04 4.154080677609618579e+04 5.420353925459671882e+04 5.155722567308961879e+04 3.474488375978749536e+04 1.831749258994462798e+04 1.226685575731776771e+04 2.050187554993615049e+04 3.048785245351877893e+04 3.392779020074475557e+04 2.681382757229059644e+04 1.625616845710611233e+04 9.304048359280688601e+03 1.076368370598676847e+04 1.660138554781168932e+04 2.057205928027120535e+04 1.942863766559745272e+04
1.236205794744116254e+07 3.166244620250607282e+07 3.824208751383114606e+06 8.485938616568832367e+04 -7.202046042065089568e+04 -1.143586190039945359e+05 -1.102983759372548666e+05 -8.288378313765715575e+04 -2.415449351458701130e+04 2.047482865248639428e+04 2.591207619449908088e+04 -5.937528205065484599e+02 -2.641451107246489119e+04 -2.338685303810510595e+04 4.753015134706776735e+03 3.227067001508026442e+04 3.640772718324734888e+04 1.690587165112920047e+04 -5.608870128527007182e+03 -1.284557801332213421e+04 3.603004578641376838e+02 1.860296963658711320e+04 2.680082400141860853e+04 1.947986797479806410e+04 5.216869272997878397e+03 -4.106153635339022003e+03 -1.640748947160297575e+03 8.022691999611985921e+03 1.545262387775593015e+04 1.527525506490097541e+04 7.631193110998384655e+06 2.111969731296201423e+07 9.320296964193195105e+06 1.356693143602350960e+06 4.964900473574383068e+05 2.235278978997260274e+05 1.721297706675472728e+05 1.630756543813199969e+05 2.013621770719738561e+05 2.249772440320115420e+05 1.996383492121099844e+05 1.356245697634466051e+05 7.979040202786045847e+04 7.249220799778857327e+04 1.056169439316113712e+05 1.379829438894978084e+05 1.338817825516347657e+05 9.357270708625516272e+04 5.055241977636936645e+04 3.402909053046802728e+04 5.157906424601693288e+04 7.743264878536708420e+04 8.668427001448516967e+04 7.064866373735744855e+04 4.375352467536507174e+04 2.577213825044632540e+04 2.783928185148361081e+04 4.204731915324080182e+04 5.249944641910998325e+04 5.025952289065999503e+04
6.018352410259244498e+05 3.824208751383114606e+06 9.764069830034203827e+06 1.111270985786201898e+06 -1.553197146478980903e+04 -7.008526954571058741e+04 -8.981210357595127425e+04 -6.654217218274099287e+04 -2.230332102426805795e+04 1.473310903531846634e+04 2.263591052601419142e+04 5.547905113331658868e+03 -1.330956306150230375e+04 -1.332491569718444953e+04 5.339342729989351938e+03 2.526416923392000899e+04 2.968703831307473229e+04 1.722694931821092177e+04 8.955504788316478653e+02 -5.237129374789808935e+03 2.471391793388659153e+03 1.514342039876851413e+04 2.145334278419891780e+04 1.712563686548278201e+04 7.188951438657781182e+03 1.976698857579928017e+02 1.038446476027799235e+03 7.286964397053327957e+03 1.264754535745824978e+04 1.283282119590421644e+04 6.208551760362512432e+05 3.869173158917669207e+06 6.348454955107807182e+06 2.704753350147861056e+06 5.562490430064701941e+05 2.827476950911649619e+05 1.640407314864784712e+05 1.538848172753589170e+05 1.742891779351799341e+05 1.913700691533457139e+05 1.749281955670081079e+05 1.295689305646886933e+05 8.697623586621534196e+04 7.558615713066532044e+04 9.394973839942927589e+04 1.150569442005767487e+05 1.130187890936307667e+05 8.589911053180563613e+04 5.414459314895386342e+04 3.991998431126297510e+04 4.849001645395429659e+04 6.533578310046633123e+04 7.200525523922403227e+04 6.167262865050660912e+04 4.263859940527208528e+04 2.892337310169785633e+04 2.840621161283509718e+04 3.695923584427540482e+04 4.412879486221222032e+04 4.280250611490946903e+04
1.446540513401814133e+04 8.485938616568832367e+04 1.111270985786201898e+06 3.262548079647945706e+06 3.841664377288930118e+05 -2.500399469034127105e+04 -4.684355702550019487e+04 -4.182371511631840986e+04 -1.550239342227612360e+04 6.551841123500075810e+03 1.400800715039046008e+04 7.668218888294607495e+03 -1.242791237507304686e+03 -2.246060959268895203e+03 5.701645584826343111e+03 1.522947262541186865e+04 1.819170056593212212e+04 1.312268865842508239e+04 5.414338317741748142e+03 1.714475940837403414e+03 4.360345018436466489e+03 9.846155743123812499e+03 1.306141474979352279e+04 1.147755615273075819e+04 6.977883801831214441e+03 3.372050609338894901e+03 3.161217855535996023e+03 5.610690459548182844e+03 8.043335203816970534e+03 8.242180562314115377e+03 1.889121830361600732e+05 5.783014479249685537e+05 1.542424679228450870e+06 1.954431296343212016e+06 9.513824469498950057e+05 2.471231904601237620e+05 1.468704852789761790e+05 1.083253605487221648e+05 1.151288572038161074e+05 1.210293461938621185e+05 1.136489582542894932e+05 9.220981854297159589e+04 7.013740875852515455e+04 6.067371533873074804e+04 6.492177042787650134e+04 7.240315988470222510e+04 7.112584863306063926e+04 5.878563554201494844e+04 4.324399596142517112e+04 3.446684473608067492e+04 3.586764511880531791e+04 4.195909233407797001e+04 4.473935272938793059e+04 4.019263129058296909e+04 3.128022618933977355e+04 2.402485185742994508e+04 2.237659661085689004e+04 2.511954005637794035e+04 2.794266007665179131e+04 2.723266635799276628e+04
-7.494455498468497535e+04 -7.202046042065089568e+04 -1.553197146478980903e+04 3.841664377288930118e+05 1.342532623497604392e+06 1.654743670723756659e+05 -2.105092808940399118e+04 -2.292366893291284214e+04 -1.167955367260848652e+04 1.784997517033072199e+03 7.593627387332709986e+03 6.419709284482702060e+03 3.029821255597631534e+03 2.366670236463874971e+03 5.385860670605521591e+03 9.429623231756169844e+03 1.108492007488889067e+04 9.382230192877979789e+03 6.164276180138375821e+03 4.183847430753422486e+03 4.714584862819674527e+03 6.676428062264138134e+03 8.047955502441643148e+03 7.598640614207224644e+03 5.791675230409584401e+03 4.088420458624343610e+03 3.635258837709503041e+03 4.342045597976853969e+03 5.222574392309446921e+03 5.263283493899618406e+03 1.094228829821633844e+05 3.310275618423874257e+05 3.583641473607452353e+05 6.415153318796048407e+05 7.792072797019323334e+05 4.208585348481751280e+05 1.243709672571607225e+05 8.711440543356421404e+04 7.490276026234179153e+04 7.594374680659189471e+04 7.209166373880545143e+04 6.308310508487763582e+04 5.287871772973056068e+04 4.657807069169828173e+04 4.534144974113538046e+04 4.618163190998118807e+04 4.469452045895750052e+04 3.938999832285102457e+04 3.243655451271376296e+04 2.750764221867114975e+04 2.634154923959564621e+04 2.746190599851678417e+04 2.796413541805606292e+04 2.599924837228813703e+04 2.216953781218306540e+04 1.860352902437869488e+04 1.701024723507785166e+04 1.725803259995742701e+04 1.786096785317048852e+04 1.723400029004891258e+04
-5.926702876816887874e+04 -1.143586190039945359e+05 -7.008526954571058741e+04 -2.500399469034127105e+04 1.654743670723756659e+05 6.896735103803719394e+05 8.179206672087442712e+04 -1.260133867243738860e+04 -7.315673113508650204e+03 -6.206451078330010205e+02 3.993021603746891742e+03 4.586341457620184883e+03 3.786894216936090288e+03 3.800236603571530395e+03 5.148610205190870147e+03 6.865871051241998430e+03 7.642932323659266331e+03 7.074009118422116444e+03 5.756266703717981727e+03 4.756106991863192889e+03 4.678199149828124064e+03 5.234432267716636488e+03 5.709809060175957711e+03 5.548708649270405658e+03 4.815437163337050151e+03 4.000704209418205210e+03 3.605196024261073944e+03 3.674490317960212451e+03 3.870534482087972265e+03 3.742431208517163213e+03 8.517015064280803199e+04 2.334533700587053900e+05 2.355405343986116932e+05 1.876916721825475688e+05 3.119960029003095115e+05 3.864889406697701197e+05 2.270820885041475412e+05 7.706086373182806710e+04 6.169665811316359031e+04 5.374413542272528866e+04 5.103977659336260695e+04 4.678061976973548735e+04 4.223859806312496949e+04 3.845019502669126086e+04 3.587879103122862580e+04 3.410025852930243127e+04 3.205643469207391536e+04 2.925005910531023255e+04 2.595577746356813441e+04 2.315571067117075290e+04 2.149465635013217252e+04 2.074316530240858992e+04 2.012802647918702132e+04 1.893024791775881749e+04 1.713867702488142095e+04 1.529570693030309667e+04 1.404036125611664465e+04 1.344731953451311347e+04 1.309169682827744691e+04 1.233327667843856034e+04
-5.339394619945745217e+04 -1.102983759372548666e+05 -8.981210357595127425e+04 -4.684355702550019487e+04 -2.105092808940399118e+04 8.179206672087442712e+04 4.024937942565579433e+05 4.813964799238702835e+04 -2.516896802609571751e+03 1.017045285577367395e+03 2.672792196338606118e+03 3.462844945909808757e+03 3.758605447495591761e+03 4.585574177042097290e+03 5.636258374824676139e+03 6.328420903475560408e+03 6.328716931513763484e+03 5.861129345869738245e+03 5.299406338842190962e+03 4.957149924677887611e+03 4.886623722148240631e+03 4.904244040396699347e+03 4.830745470283931354e+03 4.574366630666050696e+03 4.203029878772218581e+03 3.849501194272919747e+03 3.623715375823761860e+03 3.495612948898574359e+03 3.351437262722448395e+03 3.047759443593005926e+03 6.655553133093070937e+04 1.795600336133318488e+05 1.708665575617931609e+05 1.327860083138340269e+05 1.046032368217811745e+05 1.792850563849190949e+05 2.260643556144652539e+05 1.373459796614926308e+05 5.746105673492892674e+04 4.768189169749662688e+04 4.044498265253000136e+04 3.744645007087095291e+04 3.545308218833942374e+04 3.392332062721833063e+04 3.182387556453998695e+04 2.911279123901992716e+04 2.623462461210579932e+04 2.383611935567334149e+04 2.201380465600543539e+04 2.060216130517314014e+04 1.930341022623570461e+04 1.796115936494396010e+04 1.663113949595431768e+04 1.538620489408132926e+04 1.428810143503367362e+04 1.333635394178538991e+04 1.251772402156321186e+04 1.174389617432785963e+04 1.092922997840999233e+04 9.945965049944537895e+03
-3.927867711046589829e+04 -8.288378313765715575e+04 -6.654217218274099287e+04 -4.182371511631840986e+04 -2.292366893291284214e+04 -1.260133867243738860e+04 4.813964799238702835e+04 2.443497766282954253e+05 3.397567779898876324e+04 4.138080814382487006e+03 4.001227250394480507e+03 3.169763706546849789e+03 3.687505367118355480e+03 5.023449108368338784e+03 6.286267190411974298e+03 6.625548325461460990e+03 6.049386615858213190e+03 5.280376808024266211e+03 4.873577394633732183e+03 4.916300822716577386e+03 5.064723417962381063e+03 4.967771607742197375e+03 4.586762230834432557e+03 4.111989763848730945e+03 3.771102518071370469e+03 3.622877944440553620e+03 3.574685664406806609e+03 3.451263227763189207e+03 3.174766148671268638e+03 2.753630922572092459e+03 6.429720346342287667e+04 1.701329900837753667e+05 1.597269724989397218e+05 1.132468975143100542e+05 8.442894611160416389e+04 7.143079310937313130e+04 1.187579339129108412e+05 1.336149224509265623e+05 9.162771807113359682e+04 4.428683340715315717e+04 3.598554949206122546e+04 3.030941887517336727e+04 2.927042573762420943e+04 2.938400510894262334e+04 2.858902404521162680e+04 2.607855697756874724e+04 2.268710101521812976e+04 1.997082721134732128e+04 1.853973819459447259e+04 1.800322854448868748e+04 1.739826462919196638e+04 1.617556582024449017e+04 1.453436152931452671e+04 1.301575571329657032e+04 1.202017834725572902e+04 1.149349294961734995e+04 1.110354084716122816e+04 1.048180406922478505e+04 9.558533599347241761e+03 8.444414164141806395e+03
-1.182883217647218044e+04 -2.415449351458701130e+04 -2.230332102426805795e+04 -1.550239342227612360e+04 -1.167955367260848652e+04 -7.315673113508650204e+03 -2.516896802609571751e+03 3.397567779898876324e+04 1.528012844387171790e+05 2.546762852834533987e+04 5.327371002063920969e+03 3.755848862706990076e+03 3.408883442674658454e+03 4.741353004000073270e+03 6.048873328154131741e+03 6.383935691902802319e+03 5.679407392370732850e+03 4.764355062390945022e+03 4.312222361987365730e+03 4.437931822307466973e+03 4.705721898079422317e+03 4.660559576587649644e+03 4.232336151843203879e+03 3.672851755163912458e+03 3.293421570492077080e+03 3.186322139476628763e+03 3.217627695215879157e+03 3.154688492173980194e+03 2.896358389159721810e+03 2.487230324453129469e+03 8.217809295944393671e+04 2.077193537242466700e+05 1.793361852194595849e+05 1.190053608899753453e+05 7.879028913562535308e+04 6.249231233672094822e+04 5.655477916181521141e+04 8.213817178330782917e+04 8.993384229646869062e+04 6.099595318026781024e+04 3.043407116279071124e+04 2.470323878348548533e+04 2.237012876524346211e+04 2.320504834591187682e+04 2.338831630348219915e+04 2.172958105232792877e+04 1.870968738959220354e+04 1.604825158290731997e+04 1.470652453287591925e+04 1.450513788502872194e+04 1.438788773400121499e+04 1.356730584974472731e+04 1.209931604102318488e+04 1.058851394756106674e+04 9.608849603754475538e+03 9.225351969814109907e+03 9.076740466944153013e+03 8.691494732414830651e+03 7.926018566675984403e+03 6.925456995926311720e+03
6.531210472501786171e+03 2.047482865248639428e+04 1.473310903531846634e+04 6.551841123500075810e+03 1.784997517033072199e+03 -6.206451078330010205e+02 1.017045285577367395e+03 4.138080814382487006e+03 2.546762852834533987e+04 9.891148091833178478e+04 1.795947819928665558e+04 3.988229251296467737e+03 3.268125864387858201e+03 3.842617546787084393e+03 4.947735732367749733e+03 5.322504701126603322e+03 4.832826677021159412e+03 4.077341231382218211e+03 3.640651623228793142e+03 3.689987283645573370e+03 3.908184028872379713e+03 3.907839538288287258e+03 3.582595671887523167e+03 3.110732782822251465e+03 2.758742195904428627e+03 2.635596354012198390e+03 2.653854529610184727e+03 2.619377468068293638e+03 2.432795317267263272e+03 2.117554489865674896e+03 8.896257070719065086e+04 2.295455592368769285e+05 1.948080067575008143e+05 1.235079289888096537e+05 7.838128517061356979e+04 5.665559180691621441e+04 4.898179657360407145e+04 4.418875532928662142e+04 5.655694720673986012e+04 5.832990746101129480e+04 3.863251423242398596e+04 1.934915687603324113e+04 1.702311165069870913e+04 1.685737171851095627e+04 1.736690136665353930e+04 1.646619648180864897e+04 1.436531254778536459e+04 1.231200458968584644e+04 1.117825416894811315e+04 1.098901075916278023e+04 1.097730201524450240e+04 1.046850271312318000e+04 9.401362943252395780e+03 8.204556248925488035e+03 7.369016893866932151e+03 7.020983060862487037e+03 6.919154975436015775e+03 6.675095239009741817e+03 6.135566810798791266e+03 5.386505958960802673e+03
8.908108338241898309e+03 2.591207619449908088e+04 2.263591052601419142e+04 1.400800715039046008e+04 7.593627387332709986e+03 3.993021603746891742e+03 2.672792196338606118e+03 4.001227250394480507e+03 5.327371002063920969e+03 1.795947819928665558e+04 6.786417106892724405e+04 1.268904591844673996e+04 3.074715013362232185e+03 3.166294926788119938e+03 3.689079631237957528e+03 4.078803262904786607e+03 3.855361375354358643e+03 3.379994070469488179e+03 3.038643571308241008e+03 3.002494063055227343e+03 3.108852622457633515e+03 3.107643417152864913e+03 2.900427589826893382e+03 2.572736283388778702e+03 2.295342948472431090e+03 2.159916763917311982e+03 2.132542581698030517e+03 2.092095099039187971e+03 1.962700185813868757e+03 1.744407370263045777e+03 7.706118487156259653e+04 2.021365117057376774e+05 1.765005247723934299e+05 1.146055338418227911e+05 7.315427451498454320e+04 5.252976180803499301e+04 4.218945746268698713e+04 3.659532936602258997e+04 3.029085077725937299e+04 3.642602861379816750e+04 3.727796218244631018e+04 2.578224961130756856e+04 1.320413583840530919e+04 1.262206543641948156e+04 1.238725288335978621e+04 1.196283211291323096e+04 1.070874488205461967e+04 9.397488706101374191e+03 8.572189091740543518e+03 8.326827756198661518e+03 8.229883936897993408e+03 7.861939321638932597e+03 7.150071515959872158e+03 6.325637736518941892e+03 5.696850322230502570e+03 5.372285110829305268e+03 5.230090786544265939e+03 5.028537217786529254e+03 4.653460801714423724e+03 4.136946633616671534e+03
-1.763398073265220319e+03 -5.937528205065484599e+02 5.547905113331658868e+03 7.668218888294607495e+03 6.419709284482702060e+03 4.586341457620184883e+03 3.462844945909808757e+03 3.169763706546849789e+03 3.755848862706990076e+03 3.988229251296467737e+03 1.268904591844673996e+04 5.012307303744510136e+04 9.546180804737954531e+03 2.934516768408085227e+03 3.136138593239406873e+03 3.256332094965066062e+03 3.184097421235352158e+03 2.911128932628885195e+03 2.686154214576807135e+03 2.624130280791438054e+03 2.646871358106663138e+03 2.612476595853218896e+03 2.461140759610972964e+03 2.234117507923017001e+03 2.026751508310930149e+03 1.896993532175088603e+03 1.834634565170958922e+03 1.772463292370223826e+03 1.664580810383216885e+03 1.503553773515467810e+03 5.035582048205070896e+04 1.367951989869812387e+05 1.299230880952648586e+05 9.215709267537471897e+04 6.323965456107415957e+04 4.736022397707341588e+04 3.824903255173523939e+04 3.105351601497631782e+04 2.474862534239649540e+04 1.912957730420840380e+04 2.410468920462095411e+04 2.618527207267907215e+04 1.872081116331363592e+04 1.045566867268946953e+04 9.954545196687751741e+03 9.215388948704787254e+03 8.444367166486576025e+03 7.633699994028489527e+03 7.099668376071078455e+03 6.867573313280323418e+03 6.687469894414808550e+03 6.338724671201047386e+03 5.804918720290903366e+03 5.223197294755560506e+03 4.761266558179319873e+03 4.473789646701521633e+03 4.292842995961174893e+03 4.081599738287084620e+03 3.778566951901659195e+03 3.397114479210122681e+03
-1.129402935112736850e+04 -2.641451107246489119e+04 -1.330956306150230375e+04 -1.242791237507304686e+03 3.029821255597631534e+03 3.786894216936090288e+03 3.758605447495591761e+03 3.687505367118355480e+03 3.408883442674658454e+03 3.268125864387858201e+03 3.074715013362232185e+03 9.546180804737954531e+03 3.863418211696881917e+04 8.150100146980192221e+03 3.301515811657288396e+03 3.236895153716922323e+03 2.953495782771656650e+03 2.727868895907174192e+03 2.585375298888561701e+03 2.576975842450337950e+03 2.589072535009821877e+03 2.511460700880752029e+03 2.333798793607041262e+03 2.120708564582178042e+03 1.950069116905910960e+03 1.846236329074828063e+03 1.782293119779212702e+03 1.701790019639486218e+03 1.582015865486129996e+03 1.430409132808527829e+03 2.916045534462431533e+04 8.086478751314204419e+04 8.723205692862844444e+04 6.995997491419776634e+04 5.284994763535499806e+04 4.255700162518295110e+04 3.593586652099125786e+04 2.966599152061495624e+04 2.267947222740524739e+04 1.710711243375639970e+04 1.331606571475005330e+04 1.798851728333035499e+04 2.019489099531737884e+04 1.565048928870722921e+04 9.438449695381343190e+03 8.566390508488369960e+03 7.466278464663399973e+03 6.805151125904635592e+03 6.464285755483770117e+03 6.375796959896695626e+03 6.230245195086155945e+03 5.854042895032011074e+03 5.310694005775652840e+03 4.778354679755482721e+03 4.399679602695747235e+03 4.175875046275459681e+03 4.011759328509089755e+03 3.787951696122985140e+03 3.481369714894451590e+03 3.130960418025523722e+03
-8.716234390999277821e+03 -2.338685303810510595e+04 -1.332491569718444953e+04 -2.246060959268895203e+03 2.366670236463874971e+03 3.800236603571530395e+03 4.585574177042097290e+03 5.023449108368338784e+03 4.741353004000073270e+03 3.842617546787084393e+03 3.166294926788119938e+03 2.934516768408085227e+03 8.150100146980192221e+03 3.080554445055348333e+04 7.509984615032926740e+03 3.563527755004980463e+03 3.087255103954046717e+03 2.657388441893291201e+03 2.543460730519378558e+03 2.614247402485451403e+03 2.679654431737952109e+03 2.585915999486904184e+03 2.351456549782237744e+03 2.095367134785848975e+03 1.925910807758064266e+03 1.853914809745816001e+03 1.817516828207454182e+03 1.737470320003096504e+03 1.598210869871918931e+03 1.429985590155910131e+03 2.863220144619415441e+04 7.418291646329098148e+04 7.643178312230030133e+04 6.094119859519420424e+04 4.683355382872896735e+04 3.892017665879038395e+04 3.446572013787702599e+04 2.978407522816221899e+04 2.347340623770010279e+04 1.720430685838447971e+04 1.298098914289992535e+04 1.087475469776811224e+04 1.521825913859926732e+04 1.766544899502913540e+04 1.391438721438775246e+04 8.612554405949469583e+03 7.279212050532270950e+03 6.256552119456424407e+03 6.002158376772436895e+03 6.103858926719458395e+03 6.111748684047262941e+03 5.756488949347551170e+03 5.142343072118476812e+03 4.548027188473723072e+03 4.182409180479380666e+03 4.031591892755310710e+03 3.938854367947518313e+03 3.737875378181068299e+03 3.413257447799699548e+03 3.044213546155840049e+03
3.202610661529029585e+03 4.753015134706776735e+03 5.339342729989351938e+03 5.701645584826343111e+03 5.385860670605521591e+03 5.148610205190870147e+03 5.636258374824676139e+03 6.286267190411974298e+03 6.048873328154131741e+03 4.947735732367749733e+03 3.689079631237957528e+03 3.136138593239406873e+03 3.301515811657288396e+03 7.509984615032926740e+03 2.483664911517942528e+04 6.586477271083565029e+03 3.147717296912699567e+03 2.612128936140299629e+03 2.381387660521131693e+03 2.490516808329546620e+03 2.604482205409341987e+03 2.534866348585690503e+03 2.286495368649621923e+03 2.003388591269554581e+03 1.823934016609799528e+03 1.767663625806826303e+03 1.757669727880372648e+03 1.693588365237492781e+03 1.553466779246356964e+03 1.377248785802637940e+03 4.295911143938946771e+04 1.076773652267316065e+05 9.520322031644319941e+04 6.553022215582166973e+04 4.582577430560633366e+04 3.647251503376151959e+04 3.241704606763096308e+04 2.899998440573228072e+04 2.363692355988650525e+04 1.764882638424614197e+04 1.286171869888227957e+04 1.047585572931054776e+04 9.893238876355380853e+03 1.377236932311240162e+04 1.526529281283200362e+04 1.155881284681838588e+04 6.822396439242786073e+03 5.690420248050497321e+03 5.240572001780481514e+03 5.457726523690833346e+03 5.609151272866694853e+03 5.353030159995614667e+03 4.757806591837212181e+03 4.143440140573222379e+03 3.778994215484515735e+03 3.674730102823504239e+03 3.651854677600398645e+03 3.504621719642972494e+03 3.202161193054129399e+03 2.838536021919832365e+03
1.403667919283557785e+04 3.227067001508026442e+04 2.526416923392000899e+04 1.522947262541186865e+04 9.429623231756169844e+03 6.865871051241998430e+03 6.328420903475560408e+03 6.625548325461460990e+03 6.383935691902802319e+03 5.322504701126603322e+03 4.078803262904786607e+03 3.256332094965066062e+03 3.236895153716922323e+03 3.563527755004980463e+03 6.586477271083565029e+03 1.979359474200136901e+04 5.283056318991140870e+03 2.461278417299133707e+03 2.179110882844128355e+03 2.184045989221931450e+03 2.301205213732993798e+03 2.264576208324258459e+03 2.060306807079564351e+03 1.804558295472072132e+03 1.630845900571733637e+03 1.571636863568806348e+03 1.564468332799428936e+03 1.514479364677645208e+03 1.392752694997524486e+03 1.231269937619795655e+03 5.541311058776269783e+04 1.397347942723159213e+05 1.161094154242677032e+05 7.289421544917827123e+04 4.655549893512752897e+04 3.455246147162876150e+04 2.954288795878288511e+04 2.632942079146176184e+04 2.182645324100938160e+04 1.658619472499838230e+04 1.224420952137524364e+04 9.666524763114935922e+03 8.971238448681593582e+03 8.892144054557247728e+03 1.141675967825366752e+04 1.212895051041973056e+04 8.561682423922569797e+03 4.867239516354720763e+03 4.385636533312928805e+03 4.433777617198749795e+03 4.636848206754193598e+03 4.493065441900760561e+03 4.028926208528821462e+03 3.505414473289059970e+03 3.180050952583566868e+03 3.091098362483666278e+03 3.093345534943223356e+03 2.995796846539969920e+03 2.754271674500188965e+03 2.444966124136043163e+03
1.497528761986284371e+04 3.640772718324734888e+04 2.968703831307473229e+04 1.819170056593212212e+04 1.108492007488889067e+04 7.642932323659266331e+03 6.328716931513763484e+03 6.049386615858213190e+03 5.679407392370732850e+03 4.832826677021159412e+03 3.855361375354358643e+03 3.184097421235352158e+03 2.953495782771656650e+03 3.087255103954046717e+03 3.147717296912699567e+03 5.283056318991140870e+03 1.580726813935804603e+04 4.114205214322691063e+03 1.972013460750987633e+03 1.892670197895903812e+03 1.906447766604648905e+03 1.890860757633599633e+03 1.751013400321701738e+03 1.559618511872104591e+03 1.411903059958957328e+03 1.343354472676428031e+03 1.318934087394841072e+03 1.270741979855242107e+03 1.171462435832565006e+03 1.037637237288089636e+03 5.228271254889438569e+04 1.348583304330945830e+05 1.134236776649734529e+05 7.114382818723298260e+04 4.468864070791633276e+04 3.215728047266318026e+04 2.633236482243845967e+04 2.264145648860223810e+04 1.854974059173732530e+04 1.424762485232340987e+04 1.074741370565930993e+04 8.636565358762763935e+03 7.716022107608499937e+03 7.428503518216392877e+03 6.883743131368042668e+03 8.413437315600218426e+03 8.780006054849509383e+03 6.202922932046387359e+03 3.564327130403010415e+03 3.492166310061540571e+03 3.530293072574020243e+03 3.468854995477609918e+03 3.169039006375323879e+03 2.803662231137883282e+03 2.555503143858334624e+03 2.470090683940080453e+03 2.458769977611963441e+03 2.386100117320210302e+03 2.211728903095512578e+03 1.981069080261459476e+03
6.657529795197122439e+03 1.690587165112920047e+04 1.722694931821092177e+04 1.312268865842508239e+04 9.382230192877979789e+03 7.074009118422116444e+03 5.861129345869738245e+03 5.280376808024266211e+03 4.764355062390945022e+03 4.077341231382218211e+03 3.379994070469488179e+03 2.911128932628885195e+03 2.727868895907174192e+03 2.657388441893291201e+03 2.612128936140299629e+03 2.461278417299133707e+03 4.114205214322691063e+03 1.298125759038556862e+04 3.417056483055807803e+03 1.742945650642008331e+03 1.686545778801080814e+03 1.614517076032403111e+03 1.517098267918418060e+03 1.378630724627999825e+03 1.260824291694666726e+03 1.188477164113439585e+03 1.144888224594091753e+03 1.088077316234138834e+03 9.991400476548634515e+02 8.852545343541680722e+02 3.509505294038742431e+04 9.394032527423265856e+04 8.578137259579927195e+04 5.841432912488930015e+04 3.907398213010950712e+04 2.907110974828118924e+04 2.367473986596299801e+04 1.969726465016799921e+04 1.569376592335422356e+04 1.201725887168655026e+04 9.257763782876594632e+03 7.637230162420406486e+03 6.860958913153753201e+03 6.291582945180238312e+03 5.657329896463930709e+03 4.832433298327885495e+03 6.003463314713890213e+03 6.675397270500050581e+03 4.933961122851908840e+03 2.920520757425679676e+03 2.866737103496935106e+03 2.727441743300917551e+03 2.539279598808202991e+03 2.299415210775846390e+03 2.127680009837472880e+03 2.052806478601852177e+03 2.023339489943485205e+03 1.954259163042125692e+03 1.820356294005240215e+03 1.648505986776373447e+03
-1.941933760805877682e+03 -5.608870128527007182e+03 8.955504788316478653e+02 5.414338317741748142e+03 6.164276180138375821e+03 5.756266703717981727e+03 5.299406338842190962e+03 4.873577394633732183e+03 4.312222361987365730e+03 3.640651623228793142e+03 3.038643571308241008e+03 2.686154214576807135e+03 2.585375298888561701e+03 2.543460730519378558e+03 2.381387660521131693e+03 2.179110882844128355e+03 1.972013460750987633e+03 3.417056483055807803e+03 1.103524383874830164e+04 3.046153687784969406e+03 1.669124274807171787e+03 1.558022795660959218e+03 1.415040841037731752e+03 1.294016000305181478e+03 1.194325272363792919e+03 1.129023342966810787e+03 1.078218658074109953e+03 1.009796310179803640e+03 9.144816476957996656e+02 8.017229470890556513e+02 1.859419765305544934e+04 5.080698832643424976e+04 5.394408401699518436e+04 4.281873453513353888e+04 3.207440295103351673e+04 2.572652748771481129e+04 2.180129577030557266e+04 1.822204221299004712e+04 1.431399770549653476e+04 1.084165341003432331e+04 8.377579527869962476e+03 7.032748188983745422e+03 6.439534417345651491e+03 5.953810555503348951e+03 5.178966056385866978e+03 4.326844156338331231e+03 3.556793634393900447e+03 4.795380475962007040e+03 5.675616191009830800e+03 4.267286884037033815e+03 2.683644445587185146e+03 2.503806067642144626e+03 2.248770417529070983e+03 2.057335586914055966e+03 1.931850910197216763e+03 1.883531037297051626e+03 1.857385581146352024e+03 1.785508904910882393e+03 1.658172956417523892e+03 1.505400312161833426e+03
-4.500073227011995186e+03 -1.284557801332213421e+04 -5.237129374789808935e+03 1.714475940837403414e+03 4.183847430753422486e+03 4.756106991863192889e+03 4.957149924677887611e+03 4.916300822716577386e+03 4.437931822307466973e+03 3.689987283645573370e+03 3.002494063055227343e+03 2.624130280791438054e+03 2.576975842450337950e+03 2.614247402485451403e+03 2.490516808329546620e+03 2.184045989221931450e+03 1.892670197895903812e+03 1.742945650642008331e+03 3.046153687784969406e+03 9.600633780796497376e+03 2.861038851235025504e+03 1.634878337687654493e+03 1.446389820972187863e+03 1.267879672937885971e+03 1.169133508874683230e+03 1.115013615478531392e+03 1.071907245922638594e+03 9.972402387918878048e+02 8.859849718226510049e+02 7.574237635424067321e+02 1.272097356753644453e+04 3.458879799980729877e+04 4.002162055845877330e+04 3.428954361271551898e+04 2.733678343357708218e+04 2.307844946468369017e+04 2.051974714599813160e+04 1.780218661605728994e+04 1.421191385656094462e+04 1.072735346666469923e+04 8.180961545504353126e+03 6.827188286731743574e+03 6.362498096919905947e+03 6.057681261341173013e+03 5.389942960765212774e+03 4.400011003002753569e+03 3.512894451509951978e+03 3.000542510178667271e+03 4.265208039183092296e+03 5.067921512776203599e+03 4.058405505778465795e+03 2.585545594645696838e+03 2.265669756937797501e+03 1.976137026877435346e+03 1.861971046131151979e+03 1.846257685432190556e+03 1.850365001512277104e+03 1.785533690090853270e+03 1.646982569533583955e+03 1.481521122894457676e+03
1.463584182536114895e+03 3.603004578641376838e+02 2.471391793388659153e+03 4.360345018436466489e+03 4.714584862819674527e+03 4.678199149828124064e+03 4.886623722148240631e+03 5.064723417962381063e+03 4.705721898079422317e+03 3.908184028872379713e+03 3.108852622457633515e+03 2.646871358106663138e+03 2.589072535009821877e+03 2.679654431737952109e+03 2.604482205409341987e+03 2.301205213732993798e+03 1.906447766604648905e+03 1.686545778801080814e+03 1.669124274807171787e+03 2.861038851235025504e+03 8.447536644032703407e+03 2.638425438284041775e+03 1.478694201819969294e+03 1.259020601927022199e+03 1.115031540785424568e+03 1.065755720893374018e+03 1.031941555632789914e+03 9.586954604772133735e+02 8.359170875330662511e+02 6.893465816826644641e+02 2.113114980749133247e+04 5.244572991691776406e+04 4.890543881065394089e+04 3.595355739821114548e+04 2.637517496642256810e+04 2.158001461329987796e+04 1.936152095454773371e+04 1.732595155856939527e+04 1.420730935143040188e+04 1.080394727534472258e+04 8.145910229887898822e+03 6.687686774227015121e+03 6.244248880920938973e+03 6.084669767512612452e+03 5.552213749957360051e+03 4.602543717567184103e+03 3.566422485549326666e+03 2.951075454339339558e+03 2.787100843339563198e+03 4.052055915944223216e+03 4.859456469209502757e+03 3.735855508593704144e+03 2.279489455608287699e+03 1.931507782472277540e+03 1.745325792909725578e+03 1.752449684166305360e+03 1.790003918586597592e+03 1.746673861014507565e+03 1.607530983332687128e+03 1.429656322714434737e+03
8.480935458078187366e+03 1.860296963658711320e+04 1.514342039876851413e+04 9.846155743123812499e+03 6.676428062264138134e+03 5.234432267716636488e+03 4.904244040396699347e+03 4.967771607742197375e+03 4.660559576587649644e+03 3.907839538288287258e+03 3.107643417152864913e+03 2.612476595853218896e+03 2.511460700880752029e+03 2.585915999486904184e+03 2.534866348585690503e+03 2.264576208324258459e+03 1.890860757633599633e+03 1.614517076032403111e+03 1.558022795660959218e+03 1.634878337687654493e+03 2.638425438284041775e+03 7.355296528399894669e+03 2.246310409576903112e+03 1.206799684695713722e+03 1.037244569175777087e+03 9.508879271729633729e+02 9.155265840457179820e+02 8.435215430932034906e+02 7.196021563165891166e+02 5.651754117830554378e+02 3.111130494741102302e+04 7.830764885009537102e+04 6.579610331992790452e+04 4.210144857583093108e+04 2.753919515049359325e+04 2.085541972964922024e+04 1.804044496841832733e+04 1.612947187003515501e+04 1.341579286197395231e+04 1.031650671571523708e+04 7.784650574950741429e+03 6.332141839305526446e+03 5.854618177966098301e+03 5.714493565361555738e+03 5.279115461928378863e+03 4.435741571935907814e+03 3.471966100052517504e+03 2.792425725933679132e+03 2.584354582554848548e+03 2.648947419353474288e+03 3.734994071348403850e+03 4.273563539107434735e+03 3.111704133495053611e+03 1.784632963703689256e+03 1.570935729122136763e+03 1.527029353457062371e+03 1.579359726520057393e+03 1.558145557461588851e+03 1.439847999960107472e+03 1.272990458469942496e+03
1.149003081875733551e+04 2.680082400141860853e+04 2.145334278419891780e+04 1.306141474979352279e+04 8.047955502441643148e+03 5.709809060175957711e+03 4.830745470283931354e+03 4.586762230834432557e+03 4.232336151843203879e+03 3.582595671887523167e+03 2.900427589826893382e+03 2.461140759610972964e+03 2.333798793607041262e+03 2.351456549782237744e+03 2.286495368649621923e+03 2.060306807079564351e+03 1.751013400321701738e+03 1.517098267918418060e+03 1.415040841037731752e+03 1.446389820972187863e+03 1.478694201819969294e+03 2.246310409576903112e+03 6.280199237760045435e+03 1.821621681782328778e+03 9.404505473078684190e+02 8.251000715129810033e+02 7.489010138036064745e+02 6.719965656781562302e+02 5.508093985287407577e+02 3.986865832462491426e+02 3.438178458874401986e+04 8.729283742685374455e+04 7.225387480553940986e+04 4.473543448158675164e+04 2.792696583958232804e+04 2.013519178366079723e+04 1.661548582504740625e+04 1.441277069058363486e+04 1.189202746333947107e+04 9.202399273455048387e+03 7.023920826027151634e+03 5.744329789880135650e+03 5.256548898581060712e+03 5.049954428740558797e+03 4.637649191193594561e+03 3.925170809048614956e+03 3.120720515555550264e+03 2.546677405053531402e+03 2.286384637861563533e+03 2.291069286963795093e+03 2.292313881619939821e+03 3.065549526324969520e+03 3.380147182660081853e+03 2.411497064560911895e+03 1.353937146306957402e+03 1.278104750570895249e+03 1.274306178532154718e+03 1.265498204412639325e+03 1.176556643741797188e+03 1.041036614850567730e+03
8.054133211349148041e+03 1.947986797479806410e+04 1.712563686548278201e+04 1.147755615273075819e+04 7.598640614207224644e+03 5.548708649270405658e+03 4.574366630666050696e+03 4.111989763848730945e+03 3.672851755163912458e+03 3.110732782822251465e+03 2.572736283388778702e+03 2.234117507923017001e+03 2.120708564582178042e+03 2.095367134785848975e+03 2.003388591269554581e+03 1.804558295472072132e+03 1.559618511872104591e+03 1.378630724627999825e+03 1.294016000305181478e+03 1.267879672937885971e+03 1.259020601927022199e+03 1.206799684695713722e+03 1.821621681782328778e+03 5.371183258202440811e+03 1.477524623281950653e+03 7.201089201987103934e+02 6.100197832353749163e+02 4.976222717281262931e+02 3.751243661739570712e+02 2.257565201893219182e+02 2.707407357882284850e+04 7.094571302810285124e+04 6.165883214461723401e+04 3.999770126235931821e+04 2.581311307272012345e+04 1.880586295415936183e+04 1.525297358482006894e+04 1.279726277322952956e+04 1.030618741212515670e+04 7.943698455989855574e+03 6.140819563187002132e+03 5.102753051068961213e+03 4.665632596513778481e+03 4.402430645986611125e+03 3.975731079694926848e+03 3.356188135751583104e+03 2.707461798154197822e+03 2.254879211882327581e+03 2.040304325165243426e+03 1.962222719989473262e+03 1.906324999275108894e+03 1.765034099131057474e+03 2.336447187773476799e+03 2.732711345601305766e+03 1.911085439202463476e+03 1.082568843787385504e+03 1.037608883508596364e+03 9.870830689485330822e+02 9.205686193681465284e+02 8.163377838328091229e+02
2.405104135951795342e+03 5.216869272997878397e+03 7.188951438657781182e+03 6.977883801831214441e+03 5.791675230409584401e+03 4.815437163337050151e+03 4.203029878772218581e+03 3.771102518071370469e+03 3.293421570492077080e+03 2.758742195904428627e+03 2.295342948472431090e+03 2.026751508310930149e+03 1.950069116905910960e+03 1.925910807758064266e+03 1.823934016609799528e+03 1.630845900571733637e+03 1.411903059958957328e+03 1.260824291694666726e+03 1.194325272363792919e+03 1.169133508874683230e+03 1.115031540785424568e+03 1.037244569175777087e+03 9.404505473078684190e+02 1.477524623281950653e+03 4.634521347017249354e+03 1.204313635644369242e+03 5.206159098815739981e+02 3.799183894383006646e+02 2.263057636077268171e+02 7.152533279225878005e+01 1.643109136381468124e+04 4.391594578560958325e+04 4.251738532363186823e+04 3.101155563208764579e+04 2.192691360496790003e+04 1.696344205673095712e+04 1.410970861073775995e+04 1.176675153432858860e+04 9.301806682838083361e+03 7.087980351315814914e+03 5.490893309717877855e+03 4.617022471106540252e+03 4.262817401449490717e+03 4.015142641717835431e+03 3.592090932432422051e+03 3.011563579863994619e+03 2.436935491264246593e+03 2.056629967101109287e+03 1.885225867232369637e+03 1.817251290195500815e+03 1.700676517891548883e+03 1.533270355830607514e+03 1.337815894205608174e+03 1.883371076292058206e+03 2.213376356814821520e+03 1.658022482444984917e+03 9.272200541736622199e+02 8.491030956980559949e+02 7.510552176625108132e+02 6.618180283825780634e+02
-1.204133013379137537e+03 -4.106153635339022003e+03 1.976698857579928017e+02 3.372050609338894901e+03 4.088420458624343610e+03 4.000704209418205210e+03 3.849501194272919747e+03 3.622877944440553620e+03 3.186322139476628763e+03 2.635596354012198390e+03 2.159916763917311982e+03 1.896993532175088603e+03 1.846236329074828063e+03 1.853914809745816001e+03 1.767663625806826303e+03 1.571636863568806348e+03 1.343354472676428031e+03 1.188477164113439585e+03 1.129023342966810787e+03 1.115013615478531392e+03 1.065755720893374018e+03 9.508879271729633729e+02 8.251000715129810033e+02 7.201089201987103934e+02 1.204313635644369242e+03 4.032559240842097552e+03 9.545083719469864718e+02 3.027108668886157830e+02 1.201217639903363903e+02 -6.927572054375411881e+01 9.520151975667931765e+03 2.600966186306341842e+04 2.888505275541396259e+04 2.383007172067185456e+04 1.842043246003029344e+04 1.516890514216231531e+04 1.320150799633249335e+04 1.128251576653265874e+04 8.957821136302376544e+03 6.772719520333117543e+03 5.191062621475432934e+03 4.348172506421076832e+03 4.054965289027295057e+03 3.879634670555223238e+03 3.501812149690299520e+03 2.933209049194199906e+03 2.357057141341742863e+03 1.982303188792609035e+03 1.833683691648762533e+03 1.796003556683977877e+03 1.700398053250709154e+03 1.487935153104069286e+03 1.258702488840881870e+03 1.087811925102721034e+03 1.615812724552374220e+03 2.053392259911653127e+03 1.491347248336327539e+03 8.247008402098838360e+02 6.992995844554262703e+02 5.727581460746685025e+02
