4.190311365720210969e+07 1.741634854930078611e+06 9.601263167257426539e+04 4.223209316964751633e+04 1.889774530405001860e+04 1.606012720563450785e+04 1.449895776427274905e+04 1.358461735671110000e+04 1.247635333870981412e+04 1.073732375726332612e+04 8.885903961634094230e+03 7.460010402126148620e+03 6.747435879108781592e+03 6.530700600531874443e+03 6.304298319522209567e+03 5.770090573004661564e+03 4.956096625531698919e+03 4.176530792466155617e+03 3.701408124378582215e+03 3.540837253444089583e+03 3.533219863342950703e+03 3.405332090225487264e+03 3.103078782767444864e+03 2.696636111793924101e+03 2.366819889614246677e+03 2.191969705933639489e+03 2.158590764957373722e+03 2.136774065553972832e+03 2.037370519876135404e+03 1.857577762041298683e+03 1.260409733598079532e+07 4.448732308747824864e+05 -4.895223434916327824e+04 1.644290272792525229e+03 2.161685186051540222e+04 1.790435318907012697e+04 1.588016620014596992e+04 1.483769623491453967e+04 1.382018663360057326e+04 1.198833096891735840e+04 9.819072404019640089e+03 7.961879331751623795e+03 6.987682515642189173e+03 6.823100951652106232e+03 6.815315671570951963e+03 6.422717748307584770e+03 5.518207210327243956e+03 4.484597631713226292e+03 3.803959949250049249e+03 3.604918332365839888e+03 3.736976222878860426e+03 3.743422310351877059e+03 3.467754698467490016e+03 2.951462736204913654e+03 2.484203559708173998e+03 2.235817637989931427e+03 2.240702692156763078e+03 2.303162477052964277e+03 2.252130117034867453e+03 2.050312108936477671e+03
1.741634854930078611e+06 9.299048394687671214e+06 4.886968982514424715e+05 5.622935210218919383e+04 3.239956411799807029e+04 1.994686810895227245e+04 1.761940238038691314e+04 1.658063383146165870e+04 1.592705304685395822e+04 1.440051747260419143e+04 1.208488923014262036e+04 9.813777626872830297e+03 8.437022400188478059e+03 8.124128603837652918e+03 8.215394868029241479e+03 7.921957360169320964e+03 6.957070574774015768e+03 5.683767536530756843e+03 4.742129183730877230e+03 4.418075128450709599e+03 4.563240768076923814e+03 4.651426164014654205e+03 4.374913796449274741e+03 3.765261776709977312e+03 3.146370378508190697e+03 2.794489334715353834e+03 2.770574691554210403e+03 2.866169189412030846e+03 2.836606935858907491e+03 2.605718216543426024e+03 7.481112871218735818e+05 4.466042588038787246e+06 1.787688970833139028e+05 5.234912908505257292e+03 2.242788588933979918e+04 2.706179549080981087e+04 2.362789737172995956e+04 2.203326118066951312e+04 2.124815279826453479e+04 1.938592010369329000e+04 1.625758660767740184e+04 1.291134443500117595e+04 1.073445522527539288e+04 1.027261875450258412e+04 1.066691867270097828e+04 1.060141643155947168e+04 9.405541274680337665e+03 7.507805294968804446e+03 5.982381292098660197e+03 5.444805752336878868e+03 5.788278464270149925e+03 6.145052104872482232e+03 5.909186405204989569e+03 5.036408510091789140e+03 4.047971215713318543e+03 3.462994378327547565e+03 3.459360411149282299e+03 3.714863597938035127e+03 3.785464762987443009e+03 3.494683449834668863e+03
9.601263167257426539e+04 4.886968982514424715e+05 3.242739523163255304e+06 2.022668902077503735e+05 3.514384627129895671e+04 2.354430303584214562e+04 1.701753921161305334e+04 1.556922345696102275e+04 1.466269416457241823e+04 1.346693869240047934e+04 1.168339067231638364e+04 9.781387774922179233e+03 8.397298804609083163e+03 7.782943315161060127e+03 7.608249575707888653e+03 7.304926587730215033e+03 6.573582422422095988e+03 5.580143143122324545e+03 4.742619191880070503e+03 4.333966486613875531e+03 4.287690549434353670e+03 4.285363014924712843e+03 4.060921954486333561e+03 3.598892163259487461e+03 3.094938236995560146e+03 2.760690788822846571e+03 2.658591410533535054e+03 2.670814823293239897e+03 2.624968706053628011e+03 2.442171239381618761e+03 3.210267608855779690e+04 2.801733260942898924e+05 1.516805649655260146e+06 7.509885183251978015e+04 1.485216183744863156e+04 1.995997067357988999e+04 2.126399944453351054e+04 1.954461682896163256e+04 1.850754010644997470e+04 1.716047067384020920e+04 1.493400761483935639e+04 1.235510248003339439e+04 1.038120062686219717e+04 9.548555703516860376e+03 9.495317644899871084e+03 9.340009862961356703e+03 8.493830616362942237e+03 7.108682718133693925e+03 5.846971356384941828e+03 5.237884655470754296e+03 5.265537405773241517e+03 5.433528550813942275e+03 5.253486291498847095e+03 4.634209546964807487e+03 3.875794124433668912e+03 3.359603722349825148e+03 3.238566245215464733e+03 3.341764305614919067e+03 3.368289447564445254e+03 3.154495051172971216e+03
4.223209316964751633e+04 5.622935210218919383e+04 2.022668902077503735e+05 1.420781597923868336e+06 1.044486308795332443e+05 2.407303771860309644e+04 1.755512631278190383e+04 1.369389730674643943e+04 1.255995145224777661e+04 1.152023680287774368e+04 1.029042065691275275e+04 8.926916591995050112e+03 7.748749485540568458e+03 6.970731806626050457e+03 6.525086291938316208e+03 6.151056608913209857e+03 5.635734249163047025e+03 4.983559860351416319e+03 4.367332810328502092e+03 3.947308546368541556e+03 3.738108423900179332e+03 3.608631116660918451e+03 3.416928692819672506e+03 3.117003213226229491e+03 2.781044210965055754e+03 2.512276458210912551e+03 2.359474083820242413e+03 2.283460820315863202e+03 2.204714009855157656e+03 2.070613474265795958e+03 1.917128922532836441e+04 3.597806362870662997e+04 1.070601712476459506e+05 5.474039121541340137e+05 3.948189591936448414e+04 1.177933560452744860e+04 1.399650664803513973e+04 1.477781806773050994e+04 1.378492854545630689e+04 1.283323729212799299e+04 1.160030184865151023e+04 1.008485243553931468e+04 8.693002840746721631e+03 7.781419223390972547e+03 7.341501531061629066e+03 7.034835622086852709e+03 6.516398706851994575e+03 5.738410572839697124e+03 4.943369186004858420e+03 4.405568503916358168e+03 4.194413716884642781e+03 4.129063200473039615e+03 3.974634519411067231e+03 3.628930149632266875e+03 3.190013169336906230e+03 2.830595827623804325e+03 2.650867722830753337e+03 2.604063719373681124e+03 2.561217363859140278e+03 2.424708907731536783e+03
1.889774530405001860e+04 3.239956411799807029e+04 3.514384627129895671e+04 1.044486308795332443e+05 7.538628146773251938e+05 6.401925251130421384e+04 1.779325358915167453e+04 1.363677529394972044e+04 1.106836992111251675e+04 1.008482572411373621e+04 9.132068136854981276e+03 8.128067026841813458e+03 7.150476154979175590e+03 6.350472445299438732e+03 5.777517269558788939e+03 5.350483383847198638e+03 4.940221658170251430e+03 4.482337081830597526e+03 4.014597530613500567e+03 3.618854552885314661e+03 3.338552983495996159e+03 3.142488985905839399e+03 2.961653386011445036e+03 2.749145134560020779e+03 2.511433802666180327e+03 2.291020029896803862e+03 2.122633931904258134e+03 2.004904118524441856e+03 1.907152012220366259e+03 1.797264192717408605e+03 1.301409123517043736e+04 2.646875921612200909e+04 2.362461327494427678e+04 5.275516485961549915e+04 2.449532815136245918e+05 2.322286885066648392e+04 8.489269037780075450e+03 9.800735417490239342e+03 1.033467015335696487e+04 9.686793732314368754e+03 8.999399279401575768e+03 8.168591222480428769e+03 7.248318781141082582e+03 6.441906833336553973e+03 5.872763791485884212e+03 5.487784242242578330e+03 5.125599197143623314e+03 4.677243149608997555e+03 4.174849387941762870e+03 3.735578877053227188e+03 3.441255445883443826e+03 3.266218493853655673e+03 3.114455674444330725e+03 2.908613704025621246e+03 2.648459771056745922e+03 2.396228786526583463e+03 2.211496609915115187e+03 2.101082202769428932e+03 2.021785711916855689e+03 1.922655579910724100e+03
1.606012720563450785e+04 1.994686810895227245e+04 2.354430303584214562e+04 2.407303771860309644e+04 6.401925251130421384e+04 4.717078542736390955e+05 4.407844597634753154e+04 1.406077734993355625e+04 1.118554021359689068e+04 9.275412492576524528e+03 8.412323421772149231e+03 7.598524834113311044e+03 6.797913199001735848e+03 6.050859472262503914e+03 5.429061611167447154e+03 4.947006356644191328e+03 4.554045877938412559e+03 4.183647020952690582e+03 3.807604000333311888e+03 3.449133408098096879e+03 3.146297207183413320e+03 2.911252797678106617e+03 2.721574441018702601e+03 2.541945677223340681e+03 2.354390733601287138e+03 2.166261591007653806e+03 1.998126485198139108e+03 1.861254354441445912e+03 1.749351643241456713e+03 1.644292378185807820e+03 1.047096436306590113e+04 1.977683654449450842e+04 1.836745645986624004e+04 1.363685123641798782e+04 2.749322921566450532e+04 1.426421192906397046e+05 1.607248651158229040e+04 6.508110538539995105e+03 7.382371426815825544e+03 7.765021655736825778e+03 7.351394060303000515e+03 6.890238430440296725e+03 6.321075461454587639e+03 5.687385424890949253e+03 5.118545309770706808e+03 4.688037840775979021e+03 4.362808352630730951e+03 4.056116678876307560e+03 3.715845158723956956e+03 3.365191380359803588e+03 3.062272155518341606e+03 2.838102152122031384e+03 2.672115169056562536e+03 2.516317503999451674e+03 2.340983134796744253e+03 2.152782233654709671e+03 1.982038582687934195e+03 1.849475795360664733e+03 1.750295519358675847e+03 1.661519830398763588e+03
1.449895776427274905e+04 1.761940238038691314e+04 1.701753921161305334e+04 1.755512631278190383e+04 1.779325358915167453e+04 4.407844597634753154e+04 3.211711910518405493e+05 3.225187120142885396e+04 1.158743788452739136e+04 9.425766194542207813e+03 7.915342149523223270e+03 7.187246406946323987e+03 6.520844208356369563e+03 5.874513981509549922e+03 5.264780055472640015e+03 4.741580873684011749e+03 4.321196681764855384e+03 3.974630342971421214e+03 3.656444463779789658e+03 3.344690279813775305e+03 3.049912883688360125e+03 2.793681855474306758e+03 2.583846226545209902e+03 2.407374698818668548e+03 2.243777524595050636e+03 2.081536361398355439e+03 1.923493567044103884e+03 1.779605558568076503e+03 1.654746608811235546e+03 1.542568074030793014e+03 9.219640739934067824e+03 1.698109894869179698e+04 1.551838118800214397e+04 1.140816233669645953e+04 8.418518710766689765e+03 1.754732001433725964e+04 8.810342683559044963e+04 1.051556931236555465e+04 5.182550978526152903e+03 5.795100158618603018e+03 6.110277538591652956e+03 5.861476820303650129e+03 5.549527755746858929e+03 5.130978222834821281e+03 4.651712296919272376e+03 4.216146674354131392e+03 3.879466307740703996e+03 3.618584966254838491e+03 3.372641816360446228e+03 3.107631068471955587e+03 2.837975925946675034e+03 2.599962037043862438e+03 2.413001433638482013e+03 2.264769234856516050e+03 2.127933733826908792e+03 1.985005871922950973e+03 1.839066168379364626e+03 1.705686932840402278e+03 1.594993451714571165e+03 1.503727864668791426e+03
1.358461735671110000e+04 1.658063383146165870e+04 1.556922345696102275e+04 1.369389730674643943e+04 1.363677529394972044e+04 1.406077734993355625e+04 3.225187120142885396e+04 2.282548465373037034e+05 2.457398956802449538e+04 9.628363347236258051e+03 7.948078764456950012e+03 6.759547759071466317e+03 6.169262528159524663e+03 5.621033022513565811e+03 5.079488019029318821e+03 4.564457259498624808e+03 4.121826147220182975e+03 3.766817293665059424e+03 3.473486977366938845e+03 3.203997213509824178e+03 2.939110356261959623e+03 2.686637508081593296e+03 2.464196078643521105e+03 2.278901264677509516e+03 2.122049304994554404e+03 1.977563618802790188e+03 1.835223031929369199e+03 1.695125303599040080e+03 1.562987951081352094e+03 1.439208969672652756e+03 9.014247052971106314e+03 1.614365211679750792e+04 1.428663325571482164e+04 1.042820146412629401e+04 7.407632978965706570e+03 5.949023826910202843e+03 1.143256323586690633e+04 5.401113594476008439e+04 7.391904308007495274e+03 4.012690997801290905e+03 4.496499384140268376e+03 4.799383723919203476e+03 4.665942920764339760e+03 4.448017474192443842e+03 4.129372768155637459e+03 3.764330133508634844e+03 3.437531005757356070e+03 3.186807326557153829e+03 2.987836436982950090e+03 2.795047229019253791e+03 2.584864251252697159e+03 2.370565887125604604e+03 2.179915942934166196e+03 2.027167454755426888e+03 1.904373027084583100e+03 1.791763900373892056e+03 1.676240506461520454e+03 1.558989211611647761e+03 1.449783279826934177e+03 1.355215027579798971e+03
1.247635333870981412e+04 1.592705304685395822e+04 1.466269416457241823e+04 1.255995145224777661e+04 1.106836992111251675e+04 1.118554021359689068e+04 1.158743788452739136e+04 2.457398956802449538e+04 1.671027225131954765e+05 1.924863565171835944e+04 7.989485683590240114e+03 6.685142831202332673e+03 5.747044187810382027e+03 5.259131312427907687e+03 4.794612930399154720e+03 4.337670699539259658e+03 3.911485045510404234e+03 3.550463809257492812e+03 3.258219124831431145e+03 3.010297945871911452e+03 2.777407156236532501e+03 2.548479343145905659e+03 2.332553466850528821e+03 2.143189742890479465e+03 1.984316854506568234e+03 1.846604203326216975e+03 1.716182589101669009e+03 1.584784855168293689e+03 1.451941975132769130e+03 1.317943654739888643e+03 8.977551164916678317e+03 1.625659208520780521e+04 1.389330606838825406e+04 9.771600353760983126e+03 7.008271903085309532e+03 5.359884253044199795e+03 4.461576306528399982e+03 7.662849686253426626e+03 3.369411696436094644e+04 5.523564973564749380e+03 2.949647415079307393e+03 3.378938553991867138e+03 3.676790404822411801e+03 3.607357167887101241e+03 3.449902594715026680e+03 3.216296391355667765e+03 2.957662444938171120e+03 2.732462876931659594e+03 2.556529284110037224e+03 2.407708104357664979e+03 2.254874966957244396e+03 2.088097121712698936e+03 1.921718185503978248e+03 1.775871694919116180e+03 1.658946581800714512e+03 1.562317602603994146e+03 1.470917462233127480e+03 1.376435254089622958e+03 1.280229778317974024e+03 1.188641581088174007e+03
1.073732375726332612e+04 1.440051747260419143e+04 1.346693869240047934e+04 1.152023680287774368e+04 1.008482572411373621e+04 9.275412492576524528e+03 9.425766194542207813e+03 9.628363347236258051e+03 1.924863565171835944e+04 1.265314173545118974e+05 1.534751140940900586e+04 6.716975954099745650e+03 5.678900289874574810e+03 4.913773432626936483e+03 4.498792459360911380e+03 4.104544961782170503e+03 3.725040534935486448e+03 3.377424907318746591e+03 3.080773255855514435e+03 2.833586115750340014e+03 2.616963938535940542e+03 2.412503045249864044e+03 2.215008182841341295e+03 2.031259105223100050e+03 1.869387405861839625e+03 1.728672964770279577e+03 1.599853739810568641e+03 1.472235941820024209e+03 1.339346599483893897e+03 1.196245568388696029e+03 8.013291204539929822e+03 1.521654977197938933e+04 1.318608780808278243e+04 9.228490332143974229e+03 6.535409647729406970e+03 5.133446340618584145e+03 4.091865000220347156e+03 3.261928385068632451e+03 5.288209677152869517e+03 2.240609803876372462e+04 3.770286675470449154e+03 2.158210802364043047e+03 2.535786016686130097e+03 2.807396360105587519e+03 2.768586472256756679e+03 2.661003187289719335e+03 2.504469056107660435e+03 2.334465122424228866e+03 2.182426673503933216e+03 2.054676456969164519e+03 1.936678161149852031e+03 1.813674798697751612e+03 1.684218112935944191e+03 1.559068304010639395e+03 1.450282156783453047e+03 1.359797818215914958e+03 1.279888970438623801e+03 1.201324194018135358e+03 1.119108048256127859e+03 1.033656601308787685e+03
8.885903961634094230e+03 1.208488923014262036e+04 1.168339067231638364e+04 1.029042065691275275e+04 9.132068136854981276e+03 8.412323421772149231e+03 7.915342149523223270e+03 7.948078764456950012e+03 7.989485683590240114e+03 1.534751140940900586e+04 1.001194295666476246e+05 1.263402430179358998e+04 5.776139195873764038e+03 4.919601310797099359e+03 4.279809333981457712e+03 3.924136131571540318e+03 3.589625896954965356e+03 3.271720543477666070e+03 2.979492855834400871e+03 2.725264627121478952e+03 2.507656903374180729e+03 2.314741606202188450e+03 2.134164648520519677e+03 1.961133763804160481e+03 1.798895808337804965e+03 1.650409447225387794e+03 1.513189873111788984e+03 1.379958163335817062e+03 1.241820454660580481e+03 1.088241946043745429e+03 6.422524913939025282e+03 1.266250743890507147e+04 1.145899281532727036e+04 8.375613171307797529e+03 6.082761457259826784e+03 4.795365512906252661e+03 3.974965405655670565e+03 3.053576636246752969e+03 2.243620159504976073e+03 3.753332628617909904e+03 1.690382943479993992e+04 3.047965927661154637e+03 1.645012726430732982e+03 1.969991454670866233e+03 2.206804200114597734e+03 2.191106139629089739e+03 2.127410281728060909e+03 2.028769331760131763e+03 1.913350124182303261e+03 1.801182566597637106e+03 1.698790311902571830e+03 1.602023951034566835e+03 1.504315673102472829e+03 1.404291857817758228e+03 1.307808465109841563e+03 1.220195041582073827e+03 1.141696450347340715e+03 1.068285672363923823e+03 9.934675358722352030e+02 9.124541731090479288e+02
7.460010402126148620e+03 9.813777626872830297e+03 9.781387774922179233e+03 8.926916591995050112e+03 8.128067026841813458e+03 7.598524834113311044e+03 7.187246406946323987e+03 6.759547759071466317e+03 6.685142831202332673e+03 6.716975954099745650e+03 1.263402430179358998e+04 8.201191743719362421e+04 1.073603162574049020e+04 5.077378914715016435e+03 4.356993496319677433e+03 3.810130312403890457e+03 3.501779979178484155e+03 3.214063817670144999e+03 2.940134332094401543e+03 2.685217940748071214e+03 2.459049428238669861e+03 2.262839177808692511e+03 2.088263583381753506e+03 1.923949821475042882e+03 1.764005657464119849e+03 1.608061772462799581e+03 1.457108655606971752e+03 1.309419609782527004e+03 1.158266504776127022e+03 9.899929210682812482e+02 4.882563447685825849e+03 9.656533315001826850e+03 9.219096710780278954e+03 7.169465782170153034e+03 5.495230919514646303e+03 4.477961387167817520e+03 3.750446230336342978e+03 3.038207798264081248e+03 2.158250632288523775e+03 1.520919103842105415e+03 2.868927356817118380e+03 1.285944872561439661e+04 2.315469403488754324e+03 1.329953364873968667e+03 1.609594996774710580e+03 1.816194720589156987e+03 1.820862910586331964e+03 1.789073999632835239e+03 1.723564585966688355e+03 1.635803691553872341e+03 1.543462456698359347e+03 1.457623454013299806e+03 1.378470810754534341e+03 1.299660913642437208e+03 1.217997848740861173e+03 1.134885644683484998e+03 1.053924099690992534e+03 9.774109355607417911e+02 9.019852272247585461e+02 8.208998056226506606e+02
6.747435879108781592e+03 8.437022400188478059e+03 8.397298804609083163e+03 7.748749485540568458e+03 7.150476154979175590e+03 6.797913199001735848e+03 6.520844208356369563e+03 6.169262528159524663e+03 5.747044187810382027e+03 5.678900289874574810e+03 5.776139195873764038e+03 1.073603162574049020e+04 6.828027473512692086e+04 9.227753978666225521e+03 4.521567001401605012e+03 3.903527407650446094e+03 3.431301527407587855e+03 3.163423675623122108e+03 2.913147939199781831e+03 2.672016776958399532e+03 2.443521785505349726e+03 2.237769511831612363e+03 2.057167780678478266e+03 1.893497044931391201e+03 1.735475561698131287e+03 1.575228241578802681e+03 1.411149016339388481e+03 1.244539374966217565e+03 1.073051204438957029e+03 8.839023186132449155e+02 4.131011042096988604e+03 7.729135131077038750e+03 7.506034562451353850e+03 6.034831115117387526e+03 4.805824976020690883e+03 4.083664734538228913e+03 3.531884431654573291e+03 2.903369586948584583e+03 2.209820177990662614e+03 1.505976942415098620e+03 1.098485151073546604e+03 2.140663952674253778e+03 9.823236383157862292e+03 1.696382731325820714e+03 1.111941775611873709e+03 1.351471863322930176e+03 1.535832537968138240e+03 1.557239800082683360e+03 1.544690922012315696e+03 1.496946692322670515e+03 1.424179645548083499e+03 1.345795127196660815e+03 1.274081031705657551e+03 1.208036588410826198e+03 1.140692335801528770e+03 1.066264563289914804e+03 9.853710990325362218e+02 9.031909475847462545e+02 8.210695663567482825e+02 7.344063425755525714e+02
6.530700600531874443e+03 8.124128603837652918e+03 7.782943315161060127e+03 6.970731806626050457e+03 6.350472445299438732e+03 6.050859472262503914e+03 5.874513981509549922e+03 5.621033022513565811e+03 5.259131312427907687e+03 4.913773432626936483e+03 4.919601310797099359e+03 5.077378914715016435e+03 9.227753978666225521e+03 5.758097097838259651e+04 8.046154948109047837e+03 4.032289936249173479e+03 3.500098050619697005e+03 3.092980258139774378e+03 2.860638149333649835e+03 2.640263651668352395e+03 2.423405894921406798e+03 2.214456691091401353e+03 2.023349050502177533e+03 1.851150714722259181e+03 1.689522219665343528e+03 1.525972847571776583e+03 1.352452545372740133e+03 1.168039903217339997e+03 9.728311184729013803e+02 7.572038586456977782e+02 4.233747100531909382e+03 7.549533944311653613e+03 6.939783727403771991e+03 5.365517363726863550e+03 4.214765732304427729e+03 3.629780864532404848e+03 3.241800882084082332e+03 2.747136375871251403e+03 2.126305492315819265e+03 1.577256701349832383e+03 1.101453217694819159e+03 8.567594451679769918e+02 1.766588762773803637e+03 6.975046119022208586e+03 1.364196598757679567e+03 9.131486983199370115e+02 1.122053315877118621e+03 1.293522777353398851e+03 1.326613838948322154e+03 1.325199624213355037e+03 1.287982291406591230e+03 1.227115749506120665e+03 1.161651501099958750e+03 1.100965301445874957e+03 1.043030077840796366e+03 9.789060649804179093e+02 9.031109550839011035e+02 8.182607690525233011e+02 7.278136303214146210e+02 6.309858003934177759e+02
6.304298319522209567e+03 8.215394868029241479e+03 7.608249575707888653e+03 6.525086291938316208e+03 5.777517269558788939e+03 5.429061611167447154e+03 5.264780055472640015e+03 5.079488019029318821e+03 4.794612930399154720e+03 4.498792459360911380e+03 4.279809333981457712e+03 4.356993496319677433e+03 4.521567001401605012e+03 8.046154948109047837e+03 4.894623880029194697e+04 7.018870259726636505e+03 3.591959631072349111e+03 3.135510362675218403e+03 2.783571816670876160e+03 2.578692290794238943e+03 2.378919284987307037e+03 2.178385734359569142e+03 1.982103969709128251e+03 1.797591681282479840e+03 1.624537304837334432e+03 1.452890060274865391e+03 1.270662484269447987e+03 1.071478436438962945e+03 8.535084326673947999e+02 6.089836986440814144e+02 4.550688186007017066e+03 8.272323521990838344e+03 7.175697436481479599e+03 5.166423811979813763e+03 3.846222337071645597e+03 3.229404387489584224e+03 2.897969692689618569e+03 2.521389146450427688e+03 2.007651179747722153e+03 1.515357847935526024e+03 1.165958559663070218e+03 8.666980143685867688e+02 6.958533566135097317e+02 1.335701468146046409e+03 5.694655705369019415e+03 1.164691765521860816e+03 7.201456378836758176e+02 9.067311625119831433e+02 1.071464685031256522e+03 1.109985504055273623e+03 1.113138048759011781e+03 1.083102260279999655e+03 1.032686771132918238e+03 9.768797863418776615e+02 9.224692381411521183e+02 8.645470137526741610e+02 7.950063875890733698e+02 7.114206034414803526e+02 6.149953622070745496e+02 5.066677800458643333e+02
5.770090573004661564e+03 7.921957360169320964e+03 7.304926587730215033e+03 6.151056608913209857e+03 5.350483383847198638e+03 4.947006356644191328e+03 4.741580873684011749e+03 4.564457259498624808e+03 4.337670699539259658e+03 4.104544961782170503e+03 3.924136131571540318e+03 3.810130312403890457e+03 3.903527407650446094e+03 4.032289936249173479e+03 7.018870259726636505e+03 4.211502652952699282e+04 6.171330829292660383e+03 3.215056985109040397e+03 2.818395739440261423e+03 2.507098900910782504e+03 2.318272022615511560e+03 2.129253565607968540e+03 1.936285230781364135e+03 1.742761818176010365e+03 1.553967573116650783e+03 1.366679374415456323e+03 1.170990267899181390e+03 9.571898131595505674e+02 7.188271463082912760e+02 4.467001164776226574e+02 4.467262387761011269e+03 8.517259749786804605e+03 7.294167919459275254e+03 5.085979950105887838e+03 3.645341826090282666e+03 2.951088383814776535e+03 2.588860446668893928e+03 2.255693144002147164e+03 1.838436939944692540e+03 1.427770234038783428e+03 1.119272062200233449e+03 9.246706148246231578e+02 7.063258435885197741e+02 5.371379421256033311e+02 1.040453291056114722e+03 4.973990058047635102e+03 1.023698689462316565e+03 5.511572853285078963e+02 7.282233372072300881e+02 8.801975885172754488e+02 9.165482462621559989e+02 9.195798154227297800e+02 8.937347578867669426e+02 8.488637287678396888e+02 7.964672094347185975e+02 7.388622032223574934e+02 6.712606926298645931e+02 5.890738607485923239e+02 4.893537450787937928e+02 3.712856111694491119e+02
4.956096625531698919e+03 6.957070574774015768e+03 6.573582422422095988e+03 5.635734249163047025e+03 4.940221658170251430e+03 4.554045877938412559e+03 4.321196681764855384e+03 4.121826147220182975e+03 3.911485045510404234e+03 3.725040534935486448e+03 3.589625896954965356e+03 3.501779979178484155e+03 3.431301527407587855e+03 3.500098050619697005e+03 3.591959631072349111e+03 6.171330829292660383e+03 3.669123048684727837e+04 5.482864206670462409e+03 2.901740177728904200e+03 2.546227660113943330e+03 2.260031023286474465e+03 2.076112552490429152e+03 1.887862715183209502e+03 1.691183614252509415e+03 1.488076788810896687e+03 1.280412732688484539e+03 1.064230670946779355e+03 8.315167826761307879e+02 5.729171951365192399e+02 2.758301373910290977e+02 3.787919034038347490e+03 7.552392465682362854e+03 6.664084231912294854e+03 4.758873055367087545e+03 3.446889275262075898e+03 2.763445258363141875e+03 2.366805571414910446e+03 2.022523688793738756e+03 1.650619839585802538e+03 1.313183142731164025e+03 1.061114461627938454e+03 8.930158760150827675e+02 7.627845011448154082e+02 5.556606310125191612e+02 3.838401059428422286e+02 8.254585865629326236e+02 4.326864512134476172e+03 6.834268919988141988e+02 4.332813918769931547e+02 5.930869666651788066e+02 7.246795220218864415e+02 7.537906019547973528e+02 7.531576211986885028e+02 7.256665187825255998e+02 6.788143103737604633e+02 6.191654972283067764e+02 5.480100928110698533e+02 4.633377537550272791e+02 3.603364396069649729e+02 2.348907853799400414e+02
4.176530792466155617e+03 5.683767536530756843e+03 5.580143143122324545e+03 4.983559860351416319e+03 4.482337081830597526e+03 4.183647020952690582e+03 3.974630342971421214e+03 3.766817293665059424e+03 3.550463809257492812e+03 3.377424907318746591e+03 3.271720543477666070e+03 3.214063817670144999e+03 3.163423675623122108e+03 3.092980258139774378e+03 3.135510362675218403e+03 3.215056985109040397e+03 5.482864206670462409e+03 3.235432808514731005e+04 4.933116513029165617e+03 2.630791101119011728e+03 2.300017349031993945e+03 2.024779480900687759e+03 1.835448742248289818e+03 1.636601933635460455e+03 1.423886373858107618e+03 1.196778619125796013e+03 9.559675328576818174e+02 6.985138621192212440e+02 4.165439230027207032e+02 9.591918996989384993e+01 2.890747419338857071e+03 5.802843386777449268e+03 5.432068974072744822e+03 4.132538532490958460e+03 3.141276439582640705e+03 2.583782586421338237e+03 2.213649841976633979e+03 1.860260398681051129e+03 1.495687743959901127e+03 1.194121562609909688e+03 9.894148467161541021e+02 8.580063854784680188e+02 7.463311430728863343e+02 6.175431576653975299e+02 4.115576113676959267e+02 2.595299621643400769e+02 6.777556281440356543e+02 3.204871329279354541e+03 6.004380194472735184e+02 3.512098644958801970e+02 4.839110693809965937e+02 5.949881900520767886e+02 6.136075588479611724e+02 6.039274946918924343e+02 5.676940836563742323e+02 5.086338410885582562e+02 4.318439973724769629e+02 3.402011777093181308e+02 2.310709071866146758e+02 9.895731953961131921e+01
3.701408124378582215e+03 4.742129183730877230e+03 4.742619191880070503e+03 4.367332810328502092e+03 4.014597530613500567e+03 3.807604000333311888e+03 3.656444463779789658e+03 3.473486977366938845e+03 3.258219124831431145e+03 3.080773255855514435e+03 2.979492855834400871e+03 2.940134332094401543e+03 2.913147939199781831e+03 2.860638149333649835e+03 2.783571816670876160e+03 2.818395739440261423e+03 2.901740177728904200e+03 4.933116513029165617e+03 2.876324002503028169e+04 4.427434392530243713e+03 2.368851643187159880e+03 2.049766026562891966e+03 1.773251570435019403e+03 1.567778243478160675e+03 1.347111037798214966e+03 1.105461840931385041e+03 8.415364502429094955e+02 5.563513115660919084e+02 2.467474567998202417e+02 -9.833971412423966285e+01 2.305481476681609820e+03 4.385734683382561343e+03 4.288131158035150293e+03 3.461569243855519289e+03 2.763657709969477310e+03 2.361503618880276917e+03 2.072198413206650912e+03 1.748897368286650817e+03 1.390526210823347128e+03 1.097052442018198690e+03 9.123075807142590747e+02 8.103260354875947087e+02 7.261304753306533257e+02 6.138452941478326466e+02 4.778141374368983065e+02 2.933005575529879252e+02 1.768206086909476085e+02 5.143156018592604823e+02 2.731923814981551914e+03 5.059608824458553045e+02 2.699589575110942405e+02 3.804925351364383914e+02 4.690643004613987159e+02 4.727426117672358714e+02 4.483340479906953533e+02 3.949758658419394806e+02 3.153439767995037641e+02 2.151956537647353400e+02 9.643903723212233103e+01 -4.401673816519401328e+01
3.540837253444089583e+03 4.418075128450709599e+03 4.333966486613875531e+03 3.947308546368541556e+03 3.618854552885314661e+03 3.449133408098096879e+03 3.344690279813775305e+03 3.203997213509824178e+03 3.010297945871911452e+03 2.833586115750340014e+03 2.725264627121478952e+03 2.685217940748071214e+03 2.672016776958399532e+03 2.640263651668352395e+03 2.578692290794238943e+03 2.507098900910782504e+03 2.546227660113943330e+03 2.630791101119011728e+03 4.427434392530243713e+03 2.575147452659687406e+04 3.926670446251428075e+03 2.086370209320365575e+03 1.765780646545736317e+03 1.477283666513778826e+03 1.245623560160850957e+03 9.920110048803427389e+02 7.105102334445475663e+02 4.000401469681894469e+02 6.138020051296083324e+01 -3.094864109518213127e+02 2.209592026610575886e+03 3.961988901851760147e+03 3.793909578266527660e+03 3.037392801888038775e+03 2.436397208399572264e+03 2.119105389145939171e+03 1.907459461168499274e+03 1.644044066487274222e+03 1.314915554051435265e+03 1.027790574215694505e+03 8.446140168890917721e+02 7.522751931279428845e+02 6.902940831054463615e+02 6.025015930244269384e+02 4.815411754734278134e+02 3.576675933063539219e+02 2.091409142607111846e+02 1.174699054763134853e+02 4.024354552364175106e+02 2.574781808755370548e+03 3.489652774731259797e+02 1.763261175777734024e+02 2.619612419006621167e+02 3.239979061662918411e+02 3.081529815744709708e+02 2.623053601255263629e+02 1.850112600757699113e+02 7.916087109854504433e+01 -5.023874075841743547e+01 -2.013827401789025089e+02
3.533219863342950703e+03 4.563240768076923814e+03 4.287690549434353670e+03 3.738108423900179332e+03 3.338552983495996159e+03 3.146297207183413320e+03 3.049912883688360125e+03 2.939110356261959623e+03 2.777407156236532501e+03 2.616963938535940542e+03 2.507656903374180729e+03 2.459049428238669861e+03 2.443521785505349726e+03 2.423405894921406798e+03 2.378919284987307037e+03 2.318272022615511560e+03 2.260031023286474465e+03 2.300017349031993945e+03 2.368851643187159880e+03 3.926670446251428075e+03 2.300943922387880593e+04 3.471611394776147790e+03 1.760490590427354164e+03 1.427900714898907381e+03 1.116528753988618519e+03 8.491347104690735250e+02 5.534966524987114553e+02 2.239942573867807312e+02 -1.398793387548805640e+02 -5.344920127639347811e+02 2.468396138255119695e+03 4.438194187607565254e+03 3.945179528961742108e+03 2.937852290234139218e+03 2.244767181275424264e+03 1.913350387338897690e+03 1.729899078013787857e+03 1.518503730224454102e+03 1.235962927676061099e+03 9.708974991399702503e+02 7.903912424084945769e+02 6.956544093978436649e+02 6.402385800493134411e+02 5.725504844928025250e+02 4.732232960854615840e+02 3.612132113824848147e+02 2.638515441228892087e+02 1.444901873585070859e+02 6.572621052360065619e+01 3.143118180507904071e+02 1.839079941917359974e+03 2.703720394831404974e+02 5.640234027935618144e+01 1.100218112684478058e+02 1.447599739306209017e+02 1.037457373474337032e+02 3.064003276564463718e+01 -7.615250432648117851e+01 -2.132678532841670744e+02 -3.749798325158141097e+02
3.405332090225487264e+03 4.651426164014654205e+03 4.285363014924712843e+03 3.608631116660918451e+03 3.142488985905839399e+03 2.911252797678106617e+03 2.793681855474306758e+03 2.686637508081593296e+03 2.548479343145905659e+03 2.412503045249864044e+03 2.314741606202188450e+03 2.262839177808692511e+03 2.237769511831612363e+03 2.214456691091401353e+03 2.178385734359569142e+03 2.129253565607968540e+03 2.076112552490429152e+03 2.024779480900687759e+03 2.049766026562891966e+03 2.086370209320365575e+03 3.471611394776147790e+03 2.064679439301276579e+04 2.966072786244366398e+03 1.378070777053317215e+03 1.022507439476275295e+03 6.796836925647289718e+02 3.691440305136868574e+02 2.474094556977927084e+01 -3.572262202935716573e+02 -7.687003151770343266e+02 2.605002724362851950e+03 4.928752186410782087e+03 4.235225117118915477e+03 2.979020290078778999e+03 2.163594173715921897e+03 1.775119241979020444e+03 1.573067002653406689e+03 1.380895316639531757e+03 1.139296129103139720e+03 9.087559953300935831e+02 7.435584411623109418e+02 6.485973310991892049e+02 5.898671508594234183e+02 5.284789305660824539e+02 4.468195461316632873e+02 3.519095005523835198e+02 2.623704909591563137e+02 1.879125162419576895e+02 8.099731025133178264e+01 -2.727990234044840534e+00 2.084516341507032280e+02 1.340623850878071153e+03 1.168156453025259793e+02 -1.016753961610209132e+02 -7.576897829027774378e+01 -7.502770341005526689e+01 -1.462711005778037645e+02 -2.524139590835533795e+02 -3.926596996738445569e+02 -5.611840833669500626e+02
3.103078782767444864e+03 4.374913796449274741e+03 4.060921954486333561e+03 3.416928692819672506e+03 2.961653386011445036e+03 2.721574441018702601e+03 2.583846226545209902e+03 2.464196078643521105e+03 2.332553466850528821e+03 2.215008182841341295e+03 2.134164648520519677e+03 2.088263583381753506e+03 2.057167780678478266e+03 2.023349050502177533e+03 1.982103969709128251e+03 1.936285230781364135e+03 1.887862715183209502e+03 1.835448742248289818e+03 1.773251570435019403e+03 1.765780646545736317e+03 1.760490590427354164e+03 2.966072786244366398e+03 1.848837836768131820e+04 2.451226305283508736e+03 9.277763534469049773e+02 5.418149907301334451e+02 1.608718249713915327e+02 -1.982645936246125302e+02 -5.934111052602347627e+02 -1.012336437158058288e+03 2.437349526930850516e+03 4.804345580636258092e+03 4.159952631652074160e+03 2.918953918456091742e+03 2.096141640924532112e+03 1.685646711486652521e+03 1.457222218489166607e+03 1.257400484098976449e+03 1.035918817065835356e+03 8.365816963716210921e+02 6.953622714159457701e+02 6.097747434023393680e+02 5.490868130058164525e+02 4.848432004581895285e+02 4.088492187160497906e+02 3.274633769061554176e+02 2.496285145686193800e+02 1.788490156469586623e+02 1.099316901611221056e+02 -2.138042174946127361e+00 -1.048539839911388185e+02 1.458439921470205292e+01 1.408145187797164454e+03 -7.412056887988445908e+01 -2.906851728756535067e+02 -3.024221379831220133e+02 -3.379184860009470412e+02 -4.453442171909907188e+02 -5.868837914057253329e+02 -7.570563777811458976e+02
2.696636111793924101e+03 3.765261776709977312e+03 3.598892163259487461e+03 3.117003213226229491e+03 2.749145134560020779e+03 2.541945677223340681e+03 2.407374698818668548e+03 2.278901264677509516e+03 2.143189742890479465e+03 2.031259105223100050e+03 1.961133763804160481e+03 1.923949821475042882e+03 1.893497044931391201e+03 1.851150714722259181e+03 1.797591681282479840e+03 1.742761818176010365e+03 1.691183614252509415e+03 1.636601933635460455e+03 1.567778243478160675e+03 1.477283666513778826e+03 1.427900714898907381e+03 1.378070777053317215e+03 2.451226305283508736e+03 1.651897684569456032e+04 1.848013063003048728e+03 4.050210824695714678e+02 -1.484944596238364767e+01 -4.372134676996513463e+02 -8.423163550493479761e+02 -1.258598536990981302e+03 1.997159188112926586e+03 4.012538313459649089e+03 3.621793624963243474e+03 2.651942721588487984e+03 1.964882404289626948e+03 1.599332051330927243e+03 1.373283298722994232e+03 1.164457254990663841e+03 9.461824386466118995e+02 7.638788044607495067e+02 6.430612923853384473e+02 5.723370458643446455e+02 5.169342009158328892e+02 4.503502138074127288e+02 3.718595110330556963e+02 2.937326793438960522e+02 2.240767650483871876e+02 1.596424697984372756e+02 9.086805959486783024e+01 1.003213829306688964e+01 -1.191375844447076986e+02 -2.395225827960027800e+02 -1.133517656291078310e+02 7.048633401988042806e+02 -2.727821234440531839e+02 -5.221745114241678039e+02 -5.713345376395157018e+02 -6.477974768069414040e+02 -7.913126387251484175e+02 -9.595491483626019544e+02
2.366819889614246677e+03 3.146370378508190697e+03 3.094938236995560146e+03 2.781044210965055754e+03 2.511433802666180327e+03 2.354390733601287138e+03 2.243777524595050636e+03 2.122049304994554404e+03 1.984316854506568234e+03 1.869387405861839625e+03 1.798895808337804965e+03 1.764005657464119849e+03 1.735475561698131287e+03 1.689522219665343528e+03 1.624537304837334432e+03 1.553967573116650783e+03 1.488076788810896687e+03 1.423886373858107618e+03 1.347111037798214966e+03 1.245623560160850957e+03 1.116528753988618519e+03 1.022507439476275295e+03 9.277763534469049773e+02 1.848013063003048728e+03 1.470189834296804111e+04 1.194063827621521341e+03 -1.949479959168048424e+02 -6.510232073022127679e+02 -1.109783879406993037e+03 -1.517448122077734297e+03 1.584800226664430284e+03 3.084829801136402239e+03 2.927501642439754505e+03 2.279045976329198766e+03 1.770852860559768487e+03 1.488047335301124349e+03 1.296596641123301879e+03 1.097212849501371693e+03 8.806318159286120135e+02 7.031320875308498444e+02 5.915411192148171722e+02 5.318132183014424754e+02 4.856723190902119995e+02 4.224872330337489075e+02 3.414364019753230650e+02 2.594470886365503475e+02 1.891169463236872161e+02 1.276458628780873283e+02 6.119475115748679883e+01 -2.216392580549352687e+01 -1.242938542319133717e+02 -2.708717989940402049e+02 -4.053636628127013637e+02 -3.359366371444254469e+02 6.695682793880430381e+02 -5.569122843301297507e+02 -8.001507535973918266e+02 -8.906544079408981816e+02 -1.006400025056325376e+03 -1.172148634640562477e+03
2.191969705933639489e+03 2.794489334715353834e+03 2.760690788822846571e+03 2.512276458210912551e+03 2.291020029896803862e+03 2.166261591007653806e+03 2.081536361398355439e+03 1.977563618802790188e+03 1.846604203326216975e+03 1.728672964770279577e+03 1.650409447225387794e+03 1.608061772462799581e+03 1.575228241578802681e+03 1.525972847571776583e+03 1.452890060274865391e+03 1.366679374415456323e+03 1.280412732688484539e+03 1.196778619125796013e+03 1.105461840931385041e+03 9.920110048803427389e+02 8.491347104690735250e+02 6.796836925647289718e+02 5.418149907301334451e+02 4.050210824695714678e+02 1.194063827621521341e+03 1.295266822768788916e+04 4.790787326791137275e+02 -8.666001112189528612e+02 -1.348509635550001576e+03 -1.781287172015125407e+03 1.387428617273147211e+03 2.556564793171608471e+03 2.469918771560427558e+03 1.979058131338329986e+03 1.578422321887142516e+03 1.359020670677226008e+03 1.210617727981544249e+03 1.037935168731382646e+03 8.332628623955324656e+02 6.584107969055825151e+02 5.470993518743969162e+02 4.896182181070731190e+02 4.494191508812517668e+02 3.927537172962607883e+02 3.134423144695842893e+02 2.271481597030244757e+02 1.502084615193953709e+02 8.428499815594224742e+01 1.735601037366997446e+01 -6.639393523083586501e+01 -1.730186484831044709e+02 -2.965591199222353680e+02 -4.595894231400121726e+02 -6.119772815865708253e+02 -5.703441802390833573e+02 3.263514235350058925e+02 -8.400941184844108420e+02 -1.131431659338365534e+03 -1.260460239057700619e+03 -1.393929926961341607e+03
