1.069430972466743469e+09 3.224230792811332941e+08 2.855511169498810545e+07 5.761895256807448342e+06 1.862643888232199941e+06 1.574706380306652514e+06 1.403516833822705550e+06 1.235936430575657636e+06 1.037552949889593525e+06 8.486434457543194294e+05 7.103687475986569189e+05 6.283683969220685540e+05 5.783341067050234415e+05 5.309941996444069082e+05 4.744690766865428304e+05 4.146224744057363132e+05 3.620817239817903610e+05 3.241350825663211872e+05 2.987231995876508299e+05 2.785131749682503287e+05 2.592296759353870875e+05 2.374738896803385869e+05 2.156607150667542592e+05 1.959759873076155782e+05 1.801380302118137479e+05 1.679236896450652857e+05 1.581891341488478938e+05 1.488959445527921489e+05 1.392893733139172546e+05 1.293520741407777095e+05 1.199493506537183130e+05 1.119424215411646583e+05 1.054135764699431602e+05 1.001451545682875731e+05 9.513384476382339199e+04 8.996775477298366604e+04 8.467483272684202529e+04 7.957257667404558742e+04 7.514462313849796192e+04 7.139770098408043850e+04 1.974595953936677575e+08 3.094491317061249912e+07 9.396635591880200431e+06 -2.529603251869525760e+06 2.830730075756127015e+06 2.276254604821667075e+06 2.032897927733165212e+06 1.944835948230281007e+06 1.770189814148252830e+06 1.469701218852530234e+06 1.145164731695036404e+06 9.249401665875950130e+05 8.553230283086353447e+05 8.610441172550714109e+05 8.436426006448860280e+05 7.537581996550359763e+05 6.146887934275337029e+05 5.021509733181909542e+05 4.483615602016687626e+05 4.472703651794875041e+05 4.558993189214788144e+05 4.337143888116991147e+05 3.825513001303983619e+05 3.235674256552259903e+05 2.831270948365253862e+05 2.693280277928620344e+05 2.704162081281794235e+05 2.667523568954254733e+05 2.499749987373955082e+05 2.234248596404877026e+05 1.987681304156602127e+05 1.835060042021980044e+05 1.777308441456993460e+05 1.752970340816207463e+05 1.692263690642271540e+05 1.584206480959010660e+05 1.454637634914282826e+05 1.344458949059512233e+05 1.274362707892458711e+05 1.234033314155552653e+05
3.224230792811332941e+08 5.751668247398197651e+08 1.163113330177507699e+08 1.368666471386806667e+07 4.551298926740339026e+06 2.556811079904633109e+06 2.274791364825301804e+06 2.014644025234941859e+06 1.706727491403944790e+06 1.405053839433189016e+06 1.172252245768395718e+06 1.027060792341568507e+06 9.399047020314175170e+05 8.667666302794509102e+05 7.832861187422866933e+05 6.907112642428684048e+05 6.027754410957270302e+05 5.344062723123745527e+05 4.872587833819841035e+05 4.542443091202516807e+05 4.263668002753913170e+05 3.950482041863165796e+05 3.602546410203728592e+05 3.257586168940436328e+05 2.963942567869735649e+05 2.746957880916331778e+05 2.595068058297051175e+05 2.464325986742663663e+05 2.321571242290482624e+05 2.156854983644926688e+05 1.988855062765583280e+05 1.843298397481335269e+05 1.732584203398583340e+05 1.652116499014183355e+05 1.579020172158210771e+05 1.498354065096676350e+05 1.408366680216661771e+05 1.318205173265570193e+05 1.240310561845418124e+05 1.178621186557896726e+05 2.109243784817456603e+08 3.457230810468223095e+08 3.668727576813326776e+07 4.745055871043697000e+06 2.142256123076118529e+06 3.763181536530778743e+06 3.354396335756675340e+06 3.208982042515711859e+06 2.927967090328232385e+06 2.440838236113418825e+06 1.905586689610168338e+06 1.535534384413756663e+06 1.412231053956866264e+06 1.419361961892514490e+06 1.395390154002087656e+06 1.253265433294901159e+06 1.026204456942357589e+06 8.369145461954700295e+05 7.418735169985136017e+05 7.371519719467869727e+05 7.523388695405144244e+05 7.201272537557538599e+05 6.383132011271319352e+05 5.404899024282039609e+05 4.705719985586696421e+05 4.449659941116150003e+05 4.460991368172037764e+05 4.417638381061757682e+05 4.160618770435954211e+05 3.729425923208566383e+05 3.312705074814595282e+05 3.043717977697480237e+05 2.938728614258796442e+05 2.900092455285108881e+05 2.809575578574624378e+05 2.638535049109565443e+05 2.424313864682528074e+05 2.236288362362042535e+05 2.113201515655415133e+05 2.044172895177697646e+05
2.855511169498810545e+07 1.163113330177507699e+08 1.709393233211013675e+08 3.704260481942374259e+07 6.233369597394194454e+06 2.930093328906318173e+06 2.087810634196742438e+06 1.859583243816204835e+06 1.578947862120433245e+06 1.297272189841279294e+06 1.076580408015051857e+06 9.423487935877556447e+05 8.669742387236147188e+05 8.044406718244567746e+05 7.281579281569982413e+05 6.385102305293739773e+05 5.534575693626359571e+05 4.904138177644967800e+05 4.494342008180501871e+05 4.227546933527865913e+05 3.972206722740777768e+05 3.661891820383575978e+05 3.316099087325512082e+05 2.989225577632964123e+05 2.731503145316886948e+05 2.551687373724539648e+05 2.419075097981573199e+05 2.290735050439222832e+05 2.144575360130618210e+05 1.984007284962279373e+05 1.832042126601968193e+05 1.706594850585061940e+05 1.612338359844998340e+05 1.537033530154235195e+05 1.463426153146415600e+05 1.383299791278236080e+05 1.298601535782107676e+05 1.218601521517095534e+05 1.150612496445298893e+05 1.095652951423029735e+05 2.610316160698696971e+07 9.514255539099106193e+07 1.274641156933982670e+08 1.813151772269161046e+07 4.261858077781865373e+06 2.554882250036613550e+06 3.053380577336083166e+06 2.922519287214142270e+06 2.660248668774343096e+06 2.212839717689867597e+06 1.726388056990338955e+06 1.396380741577473469e+06 1.289974499456023099e+06 1.296497617362776306e+06 1.269884115633327980e+06 1.134516250488365069e+06 9.271163455055349041e+05 7.591020635838373564e+05 6.770108825038282666e+05 6.752774841794439126e+05 6.861892650514687411e+05 6.530198701096273726e+05 5.765955054500920232e+05 4.886453881243708311e+05 4.280203862021819223e+05 4.069989698251486989e+05 4.077055476116646314e+05 4.018280691860584775e+05 3.766258948700170731e+05 3.371021743035394466e+05 3.003768176476603840e+05 2.772937799514749204e+05 2.684311127027920447e+05 2.642921897902042838e+05 2.550721152095791767e+05 2.389536059867268777e+05 2.196036679855664552e+05 2.031595817480966216e+05 1.924799476814599475e+05 1.863048472163330007e+05
5.761895256807448342e+06 1.368666471386806667e+07 3.704260481942374259e+07 5.525425606995053589e+07 1.381704464619662613e+07 3.167778653260051273e+06 1.874155501171743497e+06 1.459017251119464636e+06 1.239463956243621418e+06 1.014492714906482492e+06 8.383599085969704902e+05 7.344850562433416490e+05 6.800031762895784341e+05 6.341421989332213998e+05 5.734811567410365678e+05 4.995639319125594920e+05 4.301862452537257923e+05 3.815337132894402603e+05 3.522822942575996276e+05 3.338641489406201290e+05 3.137844528512865654e+05 2.872787459585637553e+05 2.581926343412720889e+05 2.322613480517465505e+05 2.134503741910196550e+05 2.010511787416962616e+05 1.912011669031645579e+05 1.803236515104295395e+05 1.676294305158083444e+05 1.544222945501626818e+05 1.428787526793242432e+05 1.339086701179768424e+05 1.271281073527071567e+05 1.211413982067729230e+05 1.148137692493637296e+05 1.080508763402233890e+05 1.013321690387460694e+05 9.536157291073768283e+04 9.040338991794674075e+04 8.625190407126263017e+04 5.128208139991573058e+06 1.542079424681279063e+07 3.271073850241087750e+07 4.482250820416478813e+07 8.154318996341310441e+06 2.710053268368025776e+06 2.021366308186434675e+06 2.257642175674201921e+06 2.050824318904603831e+06 1.700010186594277853e+06 1.324310704515255056e+06 1.074749991075967439e+06 9.984658255454023601e+05 1.004732324063644744e+06 9.803180074828645447e+05 8.707275525090802694e+05 7.090193712832436431e+05 5.823041675401790999e+05 5.233014144272789708e+05 5.241697986479121610e+05 5.310678685529415961e+05 5.020592911276620580e+05 4.410144345804343466e+05 3.737439584231527988e+05 3.293930061317270156e+05 3.152535415120138205e+05 3.159304552964050090e+05 3.098849957392216893e+05 2.888266713355174288e+05 2.578871109672258026e+05 2.304046872356252279e+05 2.138538956085717946e+05 2.076687856415771530e+05 2.041490766743975109e+05 1.962141210110090906e+05 1.832246491328395205e+05 1.683568463948934223e+05 1.561828058185986010e+05 1.484444847710204485e+05 1.438182305073994503e+05
1.862643888232199941e+06 4.551298926740339026e+06 6.233369597394194454e+06 1.381704464619662613e+07 2.140074427471278608e+07 6.327133363567417488e+06 1.867341317199961981e+06 1.241410070406375220e+06 9.596905033665222581e+05 7.832031348264742410e+05 6.465541259620997589e+05 5.681110553683030885e+05 5.280738766424893402e+05 4.929913836389417993e+05 4.445113822931192117e+05 3.853569608288778109e+05 3.310268141528626438e+05 2.943945368627408752e+05 2.733511209525398444e+05 2.598704477610944887e+05 2.437459952566384454e+05 2.220026681244700449e+05 1.986743579999439535e+05 1.788003252899079816e+05 1.650972447065892629e+05 1.562337240215961356e+05 1.486636075028712221e+05 1.397064214020112413e+05 1.292812952212157543e+05 1.188738726541866636e+05 1.102242491580465285e+05 1.037232357997792133e+05 9.870879258274570748e+04 9.396423329240723979e+04 8.877436992122459924e+04 8.332447023323253961e+04 7.813136102321239014e+04 7.368469150394361350e+04 7.002424993962714507e+04 6.687036434933889541e+04 2.109846706179243512e+06 4.984055208466536365e+06 7.604152849805735983e+06 1.243731651292061061e+07 1.767519913752547652e+07 4.119753841139835306e+06 1.830144542476550210e+06 1.589281184047321556e+06 1.576858214436495444e+06 1.304114077512065880e+06 1.014467643230227870e+06 8.249524888412300497e+05 7.693089065373132471e+05 7.750624722035431769e+05 7.545134120739658829e+05 6.676226796618346125e+05 5.421767033020703821e+05 4.459185216357008321e+05 4.026766972575939726e+05 4.045439804151639109e+05 4.092425865528454306e+05 3.853380377551654819e+05 3.372307678606160916e+05 2.856679712345484877e+05 2.526773766030347906e+05 2.428412966221082897e+05 2.435259270055668021e+05 2.382131548011647246e+05 2.212165260907264310e+05 1.971434629350249306e+05 1.763712660538107739e+05 1.642481609056947054e+05 1.598445089335218654e+05 1.570287951871553087e+05 1.505525867573577561e+05 1.402731344573934330e+05 1.288427214217607398e+05 1.197169917093413533e+05 1.140171870553280896e+05 1.105516269887053932e+05
1.574706380306652514e+06 2.556811079904633109e+06 2.930093328906318173e+06 3.167778653260051273e+06 6.327133363567417488e+06 1.076279294830357097e+07 3.599044584765137173e+06 1.254860130202919943e+06 8.565825168352791807e+05 6.524888413746748120e+05 5.392551890664310195e+05 4.755431208357734140e+05 4.430107419908172451e+05 4.130620350724855671e+05 3.711042447746102698e+05 3.206932186744275969e+05 2.755568780958190328e+05 2.459305695046854089e+05 2.292110663197913673e+05 2.179902353589822305e+05 2.038405485876171733e+05 1.849657717531316739e+05 1.652459939594191674e+05 1.489774489435126889e+05 1.380636211110055447e+05 1.309321162837666634e+05 1.244643561922946683e+05 1.166225675388635427e+05 1.076406248864733789e+05 9.894929807457214338e+04 9.193462624644648167e+04 8.672358464909973554e+04 8.259523586049971345e+04 7.852314642043133790e+04 7.403258231698739110e+04 6.939805232547756168e+04 6.509632996678078780e+04 6.148372852779472305e+04 5.850691053378580546e+04 5.588606725133027066e+04 1.765967553429839201e+06 3.309924365307207219e+06 3.596169278913516551e+06 4.021679944312965497e+06 5.724912759980672970e+06 8.859009875575065613e+06 2.555826061179894023e+06 1.447173441550200339e+06 1.243130127470975742e+06 1.088062423829155974e+06 8.456539685861472972e+05 6.882915920947608538e+05 6.432676658276573289e+05 6.486337770387383644e+05 6.307575209356173873e+05 5.569270964913603384e+05 4.515086612679074169e+05 3.715059437556628836e+05 3.363117258948793169e+05 3.384710204680279130e+05 3.421862147277321783e+05 3.215050323014184833e+05 2.807483126256146934e+05 2.376642697242737922e+05 2.105749783850230160e+05 2.028398873127600236e+05 2.035298092226164881e+05 1.988309281564980629e+05 1.842688909686562256e+05 1.640012563922490226e+05 1.467845677880009753e+05 1.369277999738771468e+05 1.334304109130411525e+05 1.310579245286905498e+05 1.254943787365407334e+05 1.167725404925832991e+05 1.072118167457683885e+05 9.969039633663976565e+04 9.505213820480552386e+04 9.221218421325820964e+04
1.403516833822705550e+06 2.274791364825301804e+06 2.087810634196742438e+06 1.874155501171743497e+06 1.867341317199961981e+06 3.599044584765137173e+06 6.326525523436833173e+06 2.286612672988255974e+06 8.868647241359505570e+05 6.142931977287592599e+05 4.816431564024448744e+05 4.247417756872709142e+05 3.961638786965931067e+05 3.699006972988984780e+05 3.324618626087070443e+05 2.870482336963427952e+05 2.463167529052937462e+05 2.197774917287443532e+05 2.050951919261885341e+05 1.953759462329855887e+05 1.828020908592023770e+05 1.657313934441908496e+05 1.478323476239278098e+05 1.331638695120344055e+05 1.234887655390109867e+05 1.172916729698286508e+05 1.116095231940717495e+05 1.045491493762372411e+05 9.637940138175648462e+04 8.849677688224018493e+04 8.221540564147810801e+04 7.762853497025027173e+04 7.401294790234506945e+04 7.038672034675942268e+04 6.632274437189607124e+04 6.211301823509923997e+04 5.823304408068327757e+04 5.501733171860931179e+04 5.239637470455170114e+04 5.008595568444092351e+04 1.569272647043073550e+06 2.936211660552958958e+06 2.981233254996571690e+06 2.499224085228594951e+06 2.380891215212735347e+06 3.230912071756226011e+06 5.200336680184639059e+06 1.846696551734108943e+06 1.166146855533326510e+06 9.287995852823737077e+05 7.529388460772505496e+05 6.126534941067586187e+05 5.731572145054233260e+05 5.786084431027437095e+05 5.627321187533221673e+05 4.964056994374534115e+05 4.018611312847030349e+05 3.304153385016125394e+05 2.993611575191529701e+05 3.016951113653875655e+05 3.051246633540755138e+05 2.864469633955613244e+05 2.497649114480704884e+05 2.111950168238353799e+05 1.871566439088999177e+05 1.805108259389277373e+05 1.812821137978839106e+05 1.770561012215954252e+05 1.639156208799842861e+05 1.457183448388405086e+05 1.303724447347878158e+05 1.216977068058156874e+05 1.187004510201863886e+05 1.166277934484369180e+05 1.116250294690128358e+05 1.037813366825394914e+05 9.522963392949577246e+04 8.855767573601874756e+04 8.449002257929340703e+04 8.200250779882259667e+04
1.235936430575657636e+06 2.014644025234941859e+06 1.859583243816204835e+06 1.459017251119464636e+06 1.241410070406375220e+06 1.254860130202919943e+06 2.286612672988255974e+06 3.864985220200138632e+06 1.453150167088727932e+06 6.194651392428734107e+05 4.498977361220251769e+05 3.788330838311078260e+05 3.535801030598916113e+05 3.319462611926749814e+05 3.000608167729148408e+05 2.594708367544481880e+05 2.217276729908960988e+05 1.968052036874137702e+05 1.834236096189846285e+05 1.754599436667160480e+05 1.650661396839616937e+05 1.499922637620538590e+05 1.335158344680133741e+05 1.197192552977736341e+05 1.107229698838709883e+05 1.053285805000630498e+05 1.006247230932435486e+05 9.452828537254576804e+04 8.713192660173962940e+04 7.979125337441387819e+04 7.393292801428138046e+04 6.977793034571292810e+04 6.665714641797280638e+04 6.354353301454256871e+04 5.993011245910482830e+04 5.607748754353566619e+04 5.248394768721066794e+04 4.953673349574994791e+04 4.719917337264657544e+04 4.518449475841960520e+04 1.391546937075151596e+06 2.605594622813442722e+06 2.647018353010749444e+06 2.183125515427820385e+06 1.672095278858348262e+06 1.561082583383335266e+06 2.090982401456163265e+06 3.277272379795144778e+06 1.330678652980398852e+06 8.531952424841553438e+05 6.442755319915916771e+05 5.429640135070118122e+05 5.080473642889466719e+05 5.135799992470503785e+05 5.000483197833731538e+05 4.411020194854404544e+05 3.566180613686122815e+05 2.927152986451729084e+05 2.650727114864486502e+05 2.674404755419610301e+05 2.707992261307871668e+05 2.542626244507052470e+05 2.214791257009141264e+05 1.869702255120002665e+05 1.655249818870550953e+05 1.597240955203594058e+05 1.605884864819519571e+05 1.569336590926298522e+05 1.452311001603479963e+05 1.289659483360858576e+05 1.152681101814192079e+05 1.075826934120111255e+05 1.050049753314290720e+05 1.032433411454787711e+05 9.882509713470852876e+04 9.183585494438621390e+04 8.420906318937592732e+04 7.828085281959513668e+04 7.470029167097160826e+04 7.252307547717678244e+04
1.037552949889593525e+06 1.706727491403944790e+06 1.578947862120433245e+06 1.239463956243621418e+06 9.596905033665222581e+05 8.565825168352791807e+05 8.868647241359505570e+05 1.453150167088727932e+06 2.269947890320118982e+06 8.949465251789061585e+05 4.206809084912650287e+05 3.311211015003693756e+05 2.986670784950186498e+05 2.818934550611543236e+05 2.563173296563163167e+05 2.221171782918977260e+05 1.891508774282088270e+05 1.670543620596230612e+05 1.554423571297224844e+05 1.492511947281777393e+05 1.411671598618182470e+05 1.286164490594471281e+05 1.143257989811267762e+05 1.020810524786475289e+05 9.413430862988703302e+04 8.963993510317610344e+04 8.594796415594260907e+04 8.098115760559079354e+04 7.467120116256049369e+04 6.822670153973152628e+04 6.305433464324660599e+04 5.946466488066366583e+04 5.689299857263142621e+04 5.435944506130516675e+04 5.132684601045468298e+04 4.800286331587551103e+04 4.485868164732681907e+04 4.229373120496750926e+04 4.030506166027215659e+04 3.863290950664125558e+04 1.178611718918926083e+06 2.213233362984490581e+06 2.239406439388152678e+06 1.841482011772486614e+06 1.410967810526423156e+06 1.121531160947470460e+06 1.113987803769131657e+06 1.424443135780111421e+06 2.007866315548579209e+06 8.745138306792225922e+05 5.534532320076911710e+05 4.399133480137895094e+05 4.254778060031922068e+05 4.304940957557496149e+05 4.195573566798831453e+05 3.701968958264656249e+05 2.990081742204736220e+05 2.450162088810092537e+05 2.216321440288812155e+05 2.237137631539044669e+05 2.267425328750616463e+05 2.129699166282784136e+05 1.853864941968600033e+05 1.562553553781509981e+05 1.381328160948664299e+05 1.332696603710686904e+05 1.340952009465539886e+05 1.311295635479476186e+05 1.213410952785663540e+05 1.076537448700349487e+05 9.610950468892835488e+04 8.964938492925511673e+04 8.752810325330439082e+04 8.611375858554846491e+04 8.245167652055440703e+04 7.660079432795452885e+04 7.019480143733503064e+04 6.521751080932530749e+04 6.222660552299054689e+04 6.040766930561653135e+04
8.486434457543194294e+05 1.405053839433189016e+06 1.297272189841279294e+06 1.014492714906482492e+06 7.832031348264742410e+05 6.524888413746748120e+05 6.142931977287592599e+05 6.194651392428734107e+05 8.949465251789061585e+05 1.342612745075442595e+06 5.632903735926621594e+05 2.935684330248899641e+05 2.500401239747091313e+05 2.295665404127780348e+05 2.091026202568183071e+05 1.813935389483699983e+05 1.544806041902098805e+05 1.363843460488499841e+05 1.269072243179149227e+05 1.219563365540286177e+05 1.154807309531332285e+05 1.052881337930944574e+05 9.359309873253502883e+04 8.352496962956138304e+04 7.698720873996560113e+04 7.332086169899601373e+04 7.034301025342982030e+04 6.631585111446252267e+04 6.116065816565856221e+04 5.586679976854091365e+04 5.161017292327858013e+04 4.866289841169783904e+04 4.656722093436865543e+04 4.451028884666740487e+04 4.203825645450925367e+04 3.931598707716702484e+04 3.673330656854101107e+04 3.462647431385999516e+04 3.299833005621286429e+04 3.164015333493165963e+04 9.654765058005454484e+05 1.820724766265145037e+06 1.834334181177176535e+06 1.501246479198265355e+06 1.147187596648132894e+06 9.188803593676058808e+05 8.121859880234200973e+05 8.333751102499202825e+05 9.458503071780520258e+05 1.207750526489207987e+06 5.338000039681962226e+05 3.614159837828786112e+05 3.335607658533548238e+05 3.473839361070209998e+05 3.385903373313080519e+05 2.987239601167612127e+05 2.411412066140934476e+05 1.973948810881320969e+05 1.783727042408270354e+05 1.799852982754887780e+05 1.824339723953114590e+05 1.713335334253727924e+05 1.490497056724152644e+05 1.254778463860098855e+05 1.107796535299167736e+05 1.068165220989377412e+05 1.074911095291540259e+05 1.051340756566444761e+05 9.726953918604613864e+04 8.623439802024836536e+04 7.691273176836123457e+04 7.169511165224354772e+04 6.999589511114853667e+04 6.888415195583956665e+04 6.596323577143339207e+04 6.127033370733819902e+04 5.611894447211302759e+04 5.211290799761532980e+04 4.970819404163100990e+04 4.822900756256002205e+04
7.103687475986569189e+05 1.172252245768395718e+06 1.076580408015051857e+06 8.383599085969704902e+05 6.465541259620997589e+05 5.392551890664310195e+05 4.816431564024448744e+05 4.498977361220251769e+05 4.206809084912650287e+05 5.632903735926621594e+05 8.567389888819966000e+05 3.865295024613859132e+05 2.223647374423466972e+05 1.934875425565039332e+05 1.711986942458482808e+05 1.484272822526443633e+05 1.269537324654035037e+05 1.127037387046607473e+05 1.051098216046430753e+05 1.007282591799194051e+05 9.495886748621534207e+04 8.640438519986710162e+04 7.693389761934379931e+04 6.893900636506857700e+04 6.372309786808025092e+04 6.063838008098908904e+04 5.798854343139824050e+04 5.452768383235744841e+04 5.027745032603637083e+04 4.602175844502323889e+04 4.261593001569033368e+04 4.021071496728370403e+04 3.842530901026775246e+04 3.665343314257096790e+04 3.458432904517130373e+04 3.236107704355166061e+04 3.027736504619653351e+04 2.856973744990752311e+04 2.722407034913766984e+04 2.608463810625550104e+04 8.002305244779287605e+05 1.510086516532609705e+06 1.519531864518936956e+06 1.241770215421679430e+06 9.478447761903158389e+05 7.587522706312249647e+05 6.780878810075775255e+05 6.407504873140642885e+05 6.078672239111876115e+05 6.110275277391178533e+05 7.421524762082825182e+05 3.508595583679409465e+05 2.758068713609784027e+05 2.782259753641495481e+05 2.774132631610607496e+05 2.446106988009811030e+05 1.973978996058121556e+05 1.615425424995354260e+05 1.458775897249541595e+05 1.470531021279350389e+05 1.489216494828205323e+05 1.397609500510267098e+05 1.214993163731163077e+05 1.022037007679902308e+05 9.014789788085746113e+04 8.685413064280047547e+04 8.735780113750378950e+04 8.541112759144278243e+04 7.898971104103332618e+04 6.998666021509771235e+04 6.237808990769670345e+04 5.811272812427932513e+04 5.671962104326915869e+04 5.581378842748673924e+04 5.344055659648068831e+04 4.962726719889635569e+04 4.543872369822817564e+04 4.217848725275030301e+04 4.021846031609830970e+04 3.898734341629022674e+04
6.283683969220685540e+05 1.027060792341568507e+06 9.423487935877556447e+05 7.344850562433416490e+05 5.681110553683030885e+05 4.755431208357734140e+05 4.247417756872709142e+05 3.788330838311078260e+05 3.311211015003693756e+05 2.935684330248899641e+05 3.865295024613859132e+05 6.101231064998982474e+05 2.981089911389029585e+05 1.814439896754960355e+05 1.531576840822866070e+05 1.297418826296094630e+05 1.115522174300055194e+05 9.969932192625978496e+04 9.325097883072141849e+04 8.907396720799387549e+04 8.352008622354001272e+04 7.580006951293896418e+04 6.762049939316803648e+04 6.089632816082103818e+04 5.648925426025474735e+04 5.370826689817241277e+04 5.116180978505878011e+04 4.795246315199675155e+04 4.419737117449246580e+04 4.055786023374268552e+04 3.766710753225382359e+04 3.557559830702823820e+04 3.394043537565950828e+04 3.229446112798547983e+04 3.043302435013134527e+04 2.849228450268036977e+04 2.670300147530484173e+04 2.522955135126540335e+04 2.404046365599547426e+04 2.301501257898097538e+04 6.980487129114181735e+05 1.313302463347851299e+06 1.329084988548904192e+06 1.091010366614627885e+06 8.349045859340651659e+05 6.692068489190596156e+05 5.980003354689766420e+05 5.712295991451984737e+05 5.097973856922371779e+05 4.346757029564202530e+05 4.021103165366387693e+05 5.074682065496997675e+05 2.762395813055263134e+05 2.446796639668626594e+05 2.385522734493541939e+05 2.142860206463090435e+05 1.728358632385928358e+05 1.413866055077241617e+05 1.275929505792463606e+05 1.284844413735318230e+05 1.299724243124576460e+05 1.218534593204045959e+05 1.058254297395675676e+05 8.892910286489731516e+04 7.835811889221295132e+04 7.543223770504903223e+04 7.582249393304873956e+04 7.409170229687169194e+04 6.847767943165743782e+04 6.062315930472812033e+04 5.398857079817903286e+04 5.026622883024073963e+04 4.904747902054112637e+04 4.825751135945651185e+04 4.619447224229163839e+04 4.288256358641714178e+04 3.924540477950949571e+04 3.641360077635223570e+04 3.470922702861460129e+04 3.361077482446117938e+04
5.783341067050234415e+05 9.399047020314175170e+05 8.669742387236147188e+05 6.800031762895784341e+05 5.280738766424893402e+05 4.430107419908172451e+05 3.961638786965931067e+05 3.535801030598916113e+05 2.986670784950186498e+05 2.500401239747091313e+05 2.223647374423466972e+05 2.981089911389029585e+05 4.729989266624424490e+05 2.444545014101249981e+05 1.516802800323205884e+05 1.242542114013183455e+05 1.047885461999865074e+05 9.372937605809317029e+04 8.774450780494438368e+04 8.387031933056641719e+04 7.866369765611959156e+04 7.139686622671358055e+04 6.369798241185455117e+04 5.737991574928862246e+04 5.324891504853699007e+04 5.064179510753415525e+04 4.824185351722219639e+04 4.520941990921048273e+04 4.166407703167380532e+04 3.823463783704882371e+04 3.551683845731047040e+04 3.355202761542105873e+04 3.201169007923163008e+04 3.045655956188926211e+04 2.869780969990558879e+04 2.686661724987449270e+04 2.518145363014800387e+04 2.379561777089769021e+04 2.267721575506519730e+04 2.171629918909585103e+04 6.404201049969531596e+05 1.199430009296925273e+06 1.222027142967914930e+06 1.009535198638889007e+06 7.754158378062930424e+05 6.228244085680062417e+05 5.571297428606252652e+05 5.322794870645864867e+05 4.803319684553258703e+05 3.903989909958899952e+05 3.101061962539287051e+05 2.938778100584739586e+05 3.925076367090137210e+05 2.489023419047862990e+05 2.216383390991663036e+05 1.956269462913089665e+05 1.603668908669881639e+05 1.310286598038051452e+05 1.181442990387548052e+05 1.189351134584872198e+05 1.202821442046870070e+05 1.126928068866197136e+05 9.774948512351018144e+04 8.201245279541407945e+04 7.216513016144864378e+04 6.943448031549509324e+04 6.979356649105544784e+04 6.818879651127697434e+04 6.298137864264823293e+04 5.569422044891740370e+04 4.954309043306072999e+04 4.609913180184761586e+04 4.498271582914183819e+04 4.426655283449984563e+04 4.236872564780504035e+04 3.931240083350245550e+04 3.595416278259389946e+04 3.334170625541323534e+04 3.177264801731980697e+04 3.074149224522647273e+04
5.309941996444069082e+05 8.667666302794509102e+05 8.044406718244567746e+05 6.341421989332213998e+05 4.929913836389417993e+05 4.130620350724855671e+05 3.699006972988984780e+05 3.319462611926749814e+05 2.818934550611543236e+05 2.295665404127780348e+05 1.934875425565039332e+05 1.814439896754960355e+05 2.444545014101249981e+05 3.722146835271439631e+05 1.973615583676930401e+05 1.238986171434514399e+05 1.012303594339341507e+05 8.852702338596963091e+04 8.279008794160929392e+04 7.945246978679881431e+04 7.491957509721574024e+04 6.817070052718139777e+04 6.073541813952554367e+04 5.449989354425958300e+04 5.045139120262124197e+04 4.803864890065311920e+04 4.592066663833332132e+04 4.314996523381194856e+04 3.977472434333973797e+04 3.642387206657852221e+04 3.375870511777314096e+04 3.187428913623902918e+04 3.045702259815522848e+04 2.903739651293693169e+04 2.738688957825415127e+04 2.562598991375036348e+04 2.398599225411968655e+04 2.264540877511999133e+04 2.158610349072261306e+04 2.069778381670168164e+04 5.935541370726244058e+05 1.110822324229654390e+06 1.132718186366975075e+06 9.372371251104215626e+05 7.207062563400022918e+05 5.793072139182272367e+05 5.188092512817811221e+05 4.963105551924163010e+05 4.481602561852597282e+05 3.681313082128186943e+05 2.810951671943096444e+05 2.323352535728451330e+05 2.427504647460682318e+05 3.265775229572843527e+05 2.199505634527023067e+05 1.817034701261802111e+05 1.464358971873103292e+05 1.214783005263196537e+05 1.093935311082147236e+05 1.101547495348017837e+05 1.114703963980900880e+05 1.044141709947208292e+05 9.044579298293514876e+04 7.571716754591921926e+04 6.649994509809794545e+04 6.396018152522135642e+04 6.432967976489629655e+04 6.287000367340398952e+04 5.803574675341755210e+04 5.124609788652727730e+04 4.551558558438174077e+04 4.231972563822843949e+04 4.130705541900458047e+04 4.067231546082835121e+04 3.893073731455967936e+04 3.610234346940532123e+04 3.298803820082384482e+04 3.056834134292614544e+04 2.912235297163459472e+04 2.815878798911893682e+04
4.744690766865428304e+05 7.832861187422866933e+05 7.281579281569982413e+05 5.734811567410365678e+05 4.445113822931192117e+05 3.711042447746102698e+05 3.324618626087070443e+05 3.000608167729148408e+05 2.563173296563163167e+05 2.091026202568183071e+05 1.711986942458482808e+05 1.531576840822866070e+05 1.516802800323205884e+05 1.973615583676930401e+05 2.851225400353759178e+05 1.525502299086768471e+05 9.664512861568894004e+04 8.183352120041492162e+04 7.516123536386693013e+04 7.242964534668330452e+04 6.868494586245036044e+04 6.267288130493441713e+04 5.576343673914742249e+04 4.983428916895302245e+04 4.600495040849787620e+04 4.385508386382448953e+04 4.207533597319851833e+04 3.965269332149749971e+04 3.656353392659836391e+04 3.340997077591383277e+04 3.088949135094896701e+04 2.914596271968383371e+04 2.789347350509870012e+04 2.665262874952276252e+04 2.516500457951645512e+04 2.353508558424159128e+04 2.199681394290836397e+04 2.074604218615248828e+04 1.977920796299712310e+04 1.899021613160314882e+04 5.374865479975652415e+05 1.009961524395134766e+06 1.023868035189981456e+06 8.429861253998820903e+05 6.465141878059732262e+05 5.190012903934464557e+05 4.648670376458373503e+05 4.452572984470425872e+05 4.024084365419112728e+05 3.305444153959522955e+05 2.549834103996628546e+05 2.036510123175860499e+05 1.926429562839070277e+05 2.112598066249123658e+05 2.636651904781308840e+05 1.718589677365226089e+05 1.302000448475638404e+05 1.063479266616369569e+05 9.736278420374562847e+04 9.805732726218065363e+04 9.929979391367304197e+04 9.301048844054629444e+04 8.046486315673289937e+04 6.720436735572555335e+04 5.889571110111716553e+04 5.661717524125250930e+04 5.698296698214941716e+04 5.571607721204324480e+04 5.140753845771244960e+04 4.532415422085365572e+04 4.018560678521654336e+04 3.732962485176677001e+04 3.644676433284406812e+04 3.591095189857327205e+04 3.437852639627369354e+04 3.186340105786389177e+04 2.908521348282934196e+04 2.692803283871718304e+04 2.564557456933552749e+04 2.477967874986061724e+04
4.146224744057363132e+05 6.907112642428684048e+05 6.385102305293739773e+05 4.995639319125594920e+05 3.853569608288778109e+05 3.206932186744275969e+05 2.870482336963427952e+05 2.594708367544481880e+05 2.221171782918977260e+05 1.813935389483699983e+05 1.484272822526443633e+05 1.297418826296094630e+05 1.242542114013183455e+05 1.238986171434514399e+05 1.525502299086768471e+05 2.128846482417736261e+05 1.133103956246723246e+05 7.432343660941845155e+04 6.642555663521298266e+04 6.309183519463313860e+04 5.992786898466701678e+04 5.473407526774644793e+04 4.869857008742968901e+04 4.348712713318412716e+04 4.012294718985104555e+04 3.825970306206615351e+04 3.674036142875265068e+04 3.465165617318732984e+04 3.195764690962575696e+04 2.918813231894704222e+04 2.697124446941300994e+04 2.544489484561622157e+04 2.436032644846334006e+04 2.328937260686238733e+04 2.199615123493586725e+04 2.056971019552215876e+04 1.921877350048222434e+04 1.812140902507358260e+04 1.727775112726242151e+04 1.659700961975032988e+04 4.727032375605806010e+05 8.927923149880149867e+05 8.966201741965688998e+05 7.322999174843726214e+05 5.590764298322505783e+05 4.476997086169637041e+05 4.005604626797300298e+05 3.836626304812142625e+05 3.468555425193095580e+05 2.849165110977998702e+05 2.197060572818703367e+05 1.774486149937054142e+05 1.635176425553461304e+05 1.665532548031894839e+05 1.732776951478325645e+05 1.955565404304091062e+05 1.176315555604315014e+05 9.018026833543527755e+04 8.171243918869618210e+04 8.377265012254702742e+04 8.484193444748394541e+04 7.944649775803685770e+04 6.865776579526017304e+04 5.723599147164310853e+04 5.006360826985667518e+04 4.808928191647928907e+04 4.841029012757246528e+04 4.734333629503089469e+04 4.366269222356507089e+04 3.844632791007128253e+04 3.403488412500082632e+04 3.158579018950883619e+04 3.084010466840532899e+04 3.040017643660912654e+04 2.910548951824680262e+04 2.696356035441043787e+04 2.459079553232702892e+04 2.274784174230080680e+04 2.165516112223134405e+04 2.090496235988980334e+04
3.620817239817903610e+05 6.027754410957270302e+05 5.534575693626359571e+05 4.301862452537257923e+05 3.310268141528626438e+05 2.755568780958190328e+05 2.463167529052937462e+05 2.217276729908960988e+05 1.891508774282088270e+05 1.544806041902098805e+05 1.269537324654035037e+05 1.115522174300055194e+05 1.047885461999865074e+05 1.012303594339341507e+05 9.664512861568894004e+04 1.133103956246723246e+05 1.586608708465954114e+05 8.652244760081637651e+04 5.981194805719932629e+04 5.516693898950874427e+04 5.141693490168220887e+04 4.687977932459951262e+04 4.178106767243154172e+04 3.745741780315813958e+04 3.465344385565552511e+04 3.301965205388182949e+04 3.161407015355666954e+04 2.974647246935893781e+04 2.742928876994231905e+04 2.510161735126849817e+04 2.324645440373424935e+04 2.194544291199495638e+04 2.098298291104300006e+04 2.002315109084540745e+04 1.889476624781831197e+04 1.767766108568329219e+04 1.653760723683817196e+04 1.560764279140700819e+04 1.487995702199975130e+04 1.428572675180059014e+04 4.096323906010714127e+05 7.759508673968533985e+05 7.766636150849459227e+05 6.317479460956214461e+05 4.810854557393469731e+05 3.846694028055088711e+05 3.436405544388091657e+05 3.286706083891554736e+05 2.969213020508199697e+05 2.438733487751053181e+05 1.881185716315202008e+05 1.519697072966484702e+05 1.416275133605167211e+05 1.412009815483658458e+05 1.378023226561649935e+05 1.286509277376497630e+05 1.344389845047332346e+05 8.030782412153892801e+04 6.850121970734615752e+04 6.986851644632569514e+04 7.190354958274634555e+04 6.727561380034743343e+04 5.807570007843373605e+04 4.834213227077096235e+04 4.221286548933490121e+04 4.050228908803247032e+04 4.075349760042208072e+04 3.984265291963099298e+04 3.672232824302957306e+04 3.229724681388205499e+04 2.855170412766980735e+04 2.647000911065746186e+04 2.583790811342865345e+04 2.547178643838742573e+04 2.438447720012480568e+04 2.257935103003116819e+04 2.057600735397134122e+04 1.901843223232832315e+04 1.809480004933706005e+04 1.744431436906986346e+04
3.241350825663211872e+05 5.344062723123745527e+05 4.904138177644967800e+05 3.815337132894402603e+05 2.943945368627408752e+05 2.459305695046854089e+05 2.197774917287443532e+05 1.968052036874137702e+05 1.670543620596230612e+05 1.363843460488499841e+05 1.127037387046607473e+05 9.969932192625978496e+04 9.372937605809317029e+04 8.852702338596963091e+04 8.183352120041492162e+04 7.432343660941845155e+04 8.652244760081637651e+04 1.259351742811948643e+05 7.166533947953258757e+04 5.131134838796562690e+04 4.643983524423310882e+04 4.163895096585271676e+04 3.718494310906079772e+04 3.350318230266490718e+04 3.110308060331281013e+04 2.960963336718804203e+04 2.824088967053556553e+04 2.648979424432563974e+04 2.441905017947971646e+04 2.240292054396228195e+04 2.080654083402502874e+04 1.965944036379668614e+04 1.876639655043128732e+04 1.786452703505544923e+04 1.683797840307007573e+04 1.576239165690121808e+04 1.477014030469512363e+04 1.395640925906457778e+04 1.330466339645444168e+04 1.276299659059256737e+04 3.615748108523486881e+05 6.830817025612310972e+05 6.881093352676113136e+05 5.623266404967806302e+05 4.292113400487547042e+05 3.435513261768311495e+05 3.067757470570761361e+05 2.929630307744848542e+05 2.643579151003888692e+05 2.170633112501614087e+05 1.675236603038139874e+05 1.354112087164808181e+05 1.261457747558109113e+05 1.269806384425586730e+05 1.217941466080950195e+05 1.069804077321731020e+05 9.060455722074225196e+04 9.651177081397466827e+04 6.279248082206320396e+04 6.084256117524052388e+04 6.247549461065357900e+04 5.929666640736367845e+04 5.113000217274858005e+04 4.250373121076924144e+04 3.706044892746995902e+04 3.551938012042398623e+04 3.571648763362731552e+04 3.490013291136980115e+04 3.214413081118465925e+04 2.823952211450958566e+04 2.493348852814408747e+04 2.309360853861225405e+04 2.253411764104790927e+04 2.221372633143888379e+04 2.126123253498291524e+04 1.967793205299656256e+04 1.791908422539239109e+04 1.655034044929335505e+04 1.573784634807170733e+04 1.515005262120388397e+04
2.987231995876508299e+05 4.872587833819841035e+05 4.494342008180501871e+05 3.522822942575996276e+05 2.733511209525398444e+05 2.292110663197913673e+05 2.050951919261885341e+05 1.834236096189846285e+05 1.554423571297224844e+05 1.269072243179149227e+05 1.051098216046430753e+05 9.325097883072141849e+04 8.774450780494438368e+04 8.279008794160929392e+04 7.516123536386693013e+04 6.642555663521298266e+04 5.981194805719932629e+04 7.166533947953258757e+04 1.056951335079618293e+05 6.264265695814951323e+04 4.505769309338707535e+04 3.953264187048972963e+04 3.484269621663853468e+04 3.145260523396316785e+04 2.924071689746321863e+04 2.783157572345786321e+04 2.650948622619658636e+04 2.483681383483712852e+04 2.289186833167942677e+04 2.102128075660224567e+04 1.954513272143344511e+04 1.847498004473088076e+04 1.762565044020806818e+04 1.676326701398290243e+04 1.579261124450466014e+04 1.478674031323858071e+04 1.386464499875305955e+04 1.310727506002305745e+04 1.249540198072506792e+04 1.198451435494927500e+04 3.304662412394288694e+05 6.201223383786280174e+05 6.306402148817772977e+05 5.200666407098346390e+05 3.989918642672210699e+05 3.202188339560470777e+05 2.862573603212283924e+05 2.733151884040546138e+05 2.464841501382242423e+05 2.023182293842054205e+05 1.561469733806871809e+05 1.262353603168903210e+05 1.175921003192982171e+05 1.183159844053495326e+05 1.145448986062599288e+05 9.933870064487968921e+04 7.934434233784562093e+04 6.718816950218635611e+04 7.709809785634744912e+04 5.757231642672833550e+04 5.709733934893636615e+04 5.409978546013663436e+04 4.729648320292521385e+04 3.926575911757258291e+04 3.419438132941641379e+04 3.275111452070221276e+04 3.292580046783316357e+04 3.216482994308282650e+04 2.960726107295706606e+04 2.598456629417778822e+04 2.291778680366920889e+04 2.121161522298225100e+04 2.069493723159038200e+04 2.040225931474885874e+04 1.952466791974141233e+04 1.806289239679537422e+04 1.643787651765027840e+04 1.517318947468067927e+04 1.442276384495200909e+04 1.386947129766102444e+04
