3.226238039540655613e+08 3.745965975028860569e+07 1.959662483025138732e+06 -1.575069522683336399e+05 -3.989797689684727229e+05 -3.178912023401341867e+05 -2.991010703046055278e+05 -2.326180110196262540e+05 -9.558456442088988842e+04 6.096324442239333621e+03 3.009287464376384742e+04 -2.365518719230188799e+04 -7.525979495828182553e+04 -7.194482488148666744e+04 -1.714988502917317601e+04 4.702842711907207558e+04 6.118149395142533467e+04 2.604564458523970825e+04 -1.712024879625135873e+04 -4.016171607811001013e+04 -1.496838881016857340e+04 2.144983685595130373e+04 4.338946471825861954e+04 3.480581686436729797e+04 8.048037707836392656e+03 -1.366998931037209695e+04 -1.251651696204047403e+04 4.279259113419318965e+03 2.162334304470278948e+04 2.545885312273920863e+04 2.424998469721965790e+08 3.301580263625166938e+07 5.592611114993312396e+06 1.286170293428467121e+06 4.281676953350955737e+05 3.268345978152152966e+05 2.351631661044932262e+05 2.219162178499487927e+05 3.016109784354501171e+05 3.474790767863949295e+05 3.147376857936923625e+05 1.983955789104026044e+05 1.001056677257201809e+05 8.375294444001537340e+04 1.399630543026051018e+05 2.101555938370736549e+05 2.110369295615599840e+05 1.452777910939799622e+05 7.223432535598232062e+04 3.059669204949689447e+04 6.060659550919594767e+04 1.067184762521069206e+05 1.317553530310721835e+05 1.125886362990122725e+05 6.776826774137411849e+04 3.148366888414088680e+04 2.984444674925266372e+04 5.161425438771570771e+04 7.422210353431809926e+04 7.680383954009821173e+04
3.745965975028860569e+07 1.346510092777078152e+08 1.154428102349921316e+07 1.623625721125839045e+05 -4.245239333005509106e+05 -5.628634130076502915e+05 -5.653041277789664455e+05 -4.492147288375310600e+05 -1.719462527482337318e+05 5.498067654107000271e+04 1.035518566706557031e+05 -1.924747709122620654e+04 -1.500741106041487074e+05 -1.552646976932037505e+05 -3.473166523530555423e+04 1.099398016097847431e+05 1.498001918449671357e+05 7.304419075447908835e+04 -3.259894123688554828e+04 -8.646756525265108212e+04 -3.807183187867703964e+04 4.829147311262316362e+04 1.005635692405962182e+05 8.452179732044605771e+04 2.294215718196862144e+04 -2.849297629103452346e+04 -2.972733433765174414e+04 8.318047765792376595e+03 4.879826684631704120e+04 5.992958260499618336e+04 2.442770855082190037e+07 1.206201181660861075e+08 1.256687612383853830e+07 3.445616617636238225e+06 1.395846815210871864e+06 8.936057307761930861e+05 6.471271056774317985e+05 5.888123803394949064e+05 7.444929758113814751e+05 8.614763935693858657e+05 7.863560114575088955e+05 5.236155050587364240e+05 2.796911620257809991e+05 2.231349221453038044e+05 3.449800143815517658e+05 5.023322220035853097e+05 5.156524126889408799e+05 3.702209011026407825e+05 1.920103547820646199e+05 9.457214344694369356e+04 1.479383744770649355e+05 2.571330135555635788e+05 3.165837818628135137e+05 2.775069744736013236e+05 1.739400949011959019e+05 8.788246791295452567e+04 7.757267959251508000e+04 1.260693380166417483e+05 1.782613515439928160e+05 1.872213252656382974e+05
1.959662483025138732e+06 1.154428102349921316e+07 3.891605875975943357e+07 2.947926681869180873e+06 -1.839757203858834109e+05 -3.626017777473577880e+05 -4.444475439195293584e+05 -3.534497424062710488e+05 -1.570569124799158308e+05 2.047678627172780034e+04 7.237348811561134062e+04 2.923575853480553178e+03 -8.667924822108802618e+04 -9.962334872394936974e+04 -2.435654909143715122e+04 7.153910569474633667e+04 1.066569415913769626e+05 6.355416121105829370e+04 -7.940541458894364041e+03 -4.582570786521115224e+04 -2.190636057249283476e+04 3.369006206165136973e+04 7.097595209908313700e+04 6.405061131635140919e+04 2.545915568818573229e+04 -9.486666535976613886e+03 -1.409113827059365394e+04 8.619445237508231003e+03 3.526869853523797065e+04 4.506770396392270777e+04 2.049383678652436007e+06 1.054230934896557406e+07 2.838564425231184810e+07 3.684682334909026511e+06 1.312456019107463304e+06 8.497628463387936354e+05 5.719670332578582456e+05 5.086495316496263258e+05 5.819179083160816226e+05 6.640457463241675869e+05 6.238876881832231302e+05 4.582386886995505774e+05 2.842788828531324398e+05 2.215757527146806824e+05 2.830839728892426938e+05 3.774016182810720056e+05 3.939000521737679373e+05 3.068554661738883005e+05 1.844141191288614064e+05 1.132297665533362888e+05 1.317989461373014492e+05 1.975979067453418102e+05 2.384931897418131412e+05 2.169633947442328208e+05 1.509746349150404567e+05 9.147664913647485082e+04 7.712419537875978858e+04 1.035384019430749759e+05 1.363919735016277118e+05 1.451588721567609464e+05
-1.575069522683336399e+05 1.623625721125839045e+05 2.947926681869180873e+06 1.200081746361026168e+07 8.955185459282335360e+05 -1.559240419630099204e+05 -2.448574904510308988e+05 -2.222467521481277363e+05 -1.120893962992341985e+05 -1.167333962444359167e+04 2.971124444392992882e+04 8.431239139704754052e+03 -3.021548115845573921e+04 -4.012576468625730195e+04 -1.009605336406010065e+04 3.317710056514298049e+04 5.337805845706543187e+04 3.921551905331300804e+04 8.597160439573992335e+03 -1.073192903713517444e+04 -4.029365608599609004e+03 1.833381067362373142e+04 3.604703290233612643e+04 3.541009920206021343e+04 1.993218966326961527e+04 4.001381355999062635e+03 -1.871638864386639511e+02 7.870830238797032507e+03 1.938009104705076243e+04 2.496062471502797416e+04 7.855288294011757243e+05 2.395425092030252330e+06 3.160506560662610456e+06 1.147528959101957828e+07 1.353713161305691348e+06 6.486540393201851984e+05 4.029769240845966851e+05 3.263933463260610588e+05 3.442254245831376174e+05 3.749113085245145485e+05 3.636208021668228321e+05 2.948702586359138368e+05 2.122626664263500716e+05 1.683818168641822995e+05 1.789853045034325914e+05 2.121720924908252200e+05 2.207051243293303996e+05 1.869788068374923023e+05 1.324929256301904679e+05 9.422496242567014997e+04 9.274763892787240911e+04 1.147376504009242199e+05 1.321434423618276778e+05 1.250177808520793769e+05 9.747903659330110531e+04 6.945603862925697467e+04 5.837104036578995874e+04 6.538344227488340402e+04 7.815002315701390035e+04 8.305882797472405946e+04
-3.989797689684727229e+05 -4.245239333005509106e+05 -1.839757203858834109e+05 8.955185459282335360e+05 4.326107805681673810e+06 3.153114045468021068e+05 -1.312169414480452251e+05 -1.317991048840887961e+05 -8.211262386893460643e+04 -2.339227373816939507e+04 5.834254375117448035e+03 4.585791748744331926e+03 -8.695179516056230568e+03 -1.336643175036664252e+04 -2.446145833470471189e+03 1.551112371410956985e+04 2.590786728741341358e+04 2.286697275565082236e+04 1.160439490540911720e+04 2.712769839400133151e+03 3.346411048929668596e+03 1.100415177214786308e+04 1.829939147510397015e+04 1.932425092757906532e+04 1.404634915370119052e+04 7.488889319415655336e+03 4.718485196114587779e+03 6.820103926187799516e+03 1.111154318488912031e+04 1.378055472649482545e+04 4.772788926210621139e+05 1.340908636511506047e+06 1.176260004625698552e+06 1.339833583817356732e+06 3.045427030415885150e+06 5.373370668353582732e+05 2.766099834811891778e+05 2.194950624959339038e+05 2.072276890899781138e+05 2.151231017946660868e+05 2.110078664776484366e+05 1.861460047203325666e+05 1.507631080332868150e+05 1.246236847805124125e+05 1.179431354028917267e+05 1.239433349322117574e+05 1.256558677333958331e+05 1.135546851884408097e+05 9.162883913903785287e+04 7.244456633016362321e+04 6.583721254320422304e+04 6.975493053761139163e+04 7.481772683495616366e+04 7.264826850934437243e+04 6.227001365228583745e+04 4.999409183792689146e+04 4.281820856950739108e+04 4.268008196470813709e+04 4.621102999952073151e+04 4.804668769000451721e+04
-3.178912023401341867e+05 -5.628634130076502915e+05 -3.626017777473577880e+05 -1.559240419630099204e+05 3.153114045468021068e+05 2.061722519355037715e+06 1.256292359456968261e+05 -8.340166769362121704e+04 -5.869594690915464889e+04 -2.672125193287074217e+04 -4.798787207871602732e+03 -1.231448124948774421e+02 -2.719083616097086633e+03 -3.440252452199179061e+03 1.479463486315802811e+03 9.253584222794575908e+03 1.443931779990307768e+04 1.450257200368342819e+04 1.066255911282433226e+04 6.788683236788173417e+03 6.053190006417385121e+03 8.241046680502135132e+03 1.102621032719636423e+04 1.189715176967454317e+04 1.030593095264091608e+04 7.672046425082724454e+03 6.029731902804305719e+03 6.224201333211830388e+03 7.599143389840333839e+03 8.679446925293512322e+03 3.600453908646700438e+05 9.425018225040393881e+05 8.316409436537597794e+05 6.279729256518108305e+05 5.371609662684639916e+05 1.820874018758054357e+06 2.952169155485823285e+05 1.775889751590631204e+05 1.526930374775201199e+05 1.461394696951546939e+05 1.423907152227171464e+05 1.321349428383309278e+05 1.169901368638057611e+05 1.017802654847454833e+05 9.186924083483760478e+04 8.768367405750154285e+04 8.488929126228523091e+04 7.924502937331964495e+04 6.978409160713963502e+04 5.976528204857395031e+04 5.317156944466705318e+04 5.085696028911342728e+04 5.061294060331243963e+04 4.910100884658825817e+04 4.489840181412262609e+04 3.921809561601898167e+04 3.462079654375274549e+04 3.253914840122451278e+04 3.244551077779989282e+04 3.241074282561789005e+04
-2.991010703046055278e+05 -5.653041277789664455e+05 -4.444475439195293584e+05 -2.448574904510308988e+05 -1.312169414480452251e+05 1.256292359456968261e+05 1.137559562629422406e+06 6.306805541996804823e+04 -3.790799645753572986e+04 -1.863893990556270001e+04 -7.432997926026080677e+03 -2.527280709973527337e+03 -9.166035172218264506e+02 1.715566813778989399e+03 5.565586435643330333e+03 9.037999995550118911e+03 1.060449346123278883e+04 1.054733326484576901e+04 9.449985078606205207e+03 8.370728291186085698e+03 8.006331574118244134e+03 8.181652380586354411e+03 8.567801552053993873e+03 8.617444312906525738e+03 8.124837151099658513e+03 7.336998851482740065e+03 6.662455692586794612e+03 6.373397257920420088e+03 6.418795165552188337e+03 6.438578921675221864e+03 2.627973165692255134e+05 6.852073339832606725e+05 6.029349874762720428e+05 4.160012731873437297e+05 2.828170419016361702e+05 3.134448675131542259e+05 8.708228425896771951e+05 1.843788699675361859e+05 1.295350848217262537e+05 1.195477182622839318e+05 1.102127359289609303e+05 1.030809484466696740e+05 9.624649070341652259e+04 8.897372101663812646e+04 8.099914759615442017e+04 7.343181058349792147e+04 6.697021140921532060e+04 6.184254471844655200e+04 5.695683273895256571e+04 5.195283883144909487e+04 4.718142258810906787e+04 4.308846757874936156e+04 4.007435637875909742e+04 3.771794615177564992e+04 3.535258978308412770e+04 3.274384673873063730e+04 3.010006838426175091e+04 2.786280385189086519e+04 2.623450140585968620e+04 2.487024125362164341e+04
-2.326180110196262540e+05 -4.492147288375310600e+05 -3.534497424062710488e+05 -2.222467521481277363e+05 -1.317991048840887961e+05 -8.340166769362121704e+04 6.306805541996804823e+04 6.703780566446643788e+05 4.666678305995160918e+04 -5.625543783797949800e+03 -1.336401684968878726e+03 -1.794400909289152878e+03 5.930623038860264842e+02 5.096500013445375771e+03 9.539525042261826457e+03 1.133196265995651629e+04 1.042213019357488884e+04 9.050393139066143704e+03 8.472363195617837846e+03 8.867734591411299334e+03 9.331705905433369480e+03 9.028002691436164241e+03 8.139797360423644932e+03 7.226207437533733355e+03 6.755186176859713669e+03 6.734645691538298706e+03 6.799405135948982206e+03 6.585600354866588532e+03 6.069688025166349689e+03 5.409182525807652382e+03 2.493854195632706396e+05 6.263228394277251791e+05 5.373270613684833515e+05 3.481828883958242950e+05 2.345260472018184373e+05 1.934882599089881405e+05 2.021909104069371533e+05 5.592105599333830178e+05 1.283629592057663831e+05 1.024314993785156403e+05 9.050501157811048324e+04 8.047227957019281166e+04 7.635536908666644013e+04 7.427780636334267911e+04 7.059595453712149174e+04 6.372963848390187195e+04 5.552873437431293860e+04 4.914360682248281228e+04 4.530843025626445888e+04 4.309234743681942928e+04 4.068501421904409654e+04 3.713727173950918950e+04 3.313244599891252437e+04 2.976188539964290612e+04 2.756991286882797431e+04 2.629111847551856044e+04 2.515844149327414925e+04 2.357323180765053985e+04 2.159256779615196501e+04 1.950758269270190067e+04
-9.558456442088988842e+04 -1.719462527482337318e+05 -1.570569124799158308e+05 -1.120893962992341985e+05 -8.211262386893460643e+04 -5.869594690915464889e+04 -3.790799645753572986e+04 4.666678305995160918e+04 3.778849462582531851e+05 4.140596033259198884e+04 5.090733695801867725e+03 1.921967450884073969e+03 1.832428665359633897e+03 6.252102628967291821e+03 1.055780757610192450e+04 1.186673593309015996e+04 1.015715216432225861e+04 8.157193313455707539e+03 7.423872467578017677e+03 8.147123199859422130e+03 8.943023059156974341e+03 8.654736107607299346e+03 7.456100881011529054e+03 6.160591483238793444e+03 5.549390077062515957e+03 5.694663533915983862e+03 6.018348913831243408e+03 5.938044063552915759e+03 5.331690964403143880e+03 4.489474684493382483e+03 3.269488408894391032e+05 7.793708825953619089e+05 6.083236161943115294e+05 3.631922351447372930e+05 2.245976054366034223e+05 1.693343689715077635e+05 1.456470295954021276e+05 1.422655110999941244e+05 2.864281525571758975e+05 8.681779306661090232e+04 6.893848441346519394e+04 5.922392350288241141e+04 5.492282275323818612e+04 5.503169598519218562e+04 5.445497364386537811e+04 5.025529698598255345e+04 4.317027560137699766e+04 3.688964845761361357e+04 3.323781925644712464e+04 3.205422102388302301e+04 3.117092626418352302e+04 2.888608692405014153e+04 2.543403418542440340e+04 2.206693763991251762e+04 1.990685839694342576e+04 1.907237929105340299e+04 1.868078642788997240e+04 1.779806080546570229e+04 1.618437982037799884e+04 1.418438342246570573e+04
6.096324442239333621e+03 5.498067654107000271e+04 2.047678627172780034e+04 -1.167333962444359167e+04 -2.339227373816939507e+04 -2.672125193287074217e+04 -1.863893990556270001e+04 -5.625543783797949800e+03 4.140596033259198884e+04 2.322626465865541832e+05 2.999616704954718443e+04 4.119890316487011660e+03 2.936878684673483804e+03 5.141787325930730731e+03 8.564083508106683439e+03 9.698267347488334053e+03 8.450818532028548361e+03 6.851749504567292206e+03 6.158341245343520313e+03 6.646230669848184334e+03 7.244984330764635160e+03 7.016713941396363225e+03 6.054567464222636772e+03 4.978987657099210992e+03 4.428667974278108886e+03 4.505533326438513541e+03 4.752499338813521717e+03 4.686958446937004737e+03 4.198381996091406108e+03 3.510364610537575572e+03 3.672281334221588331e+05 8.883415120407959912e+05 6.839508442292339168e+05 3.888010870746716973e+05 2.275549355311960389e+05 1.595061725389906787e+05 1.322126594578037038e+05 1.129924772237630677e+05 9.474676621415345289e+04 1.713725920815414574e+05 5.339712518040032592e+04 4.122659351166027773e+04 3.776804277302927221e+04 3.770219147180950677e+04 3.816076469722796901e+04 3.602628871854511090e+04 3.136679839298004663e+04 2.669943052352611994e+04 2.368172050059451431e+04 2.266153808187114191e+04 2.216424614952692355e+04 2.074449385189273016e+04 1.834099115540244384e+04 1.579262880927539663e+04 1.402431395795741628e+04 1.331114828392231175e+04 1.305780787110964229e+04 1.250438004409096175e+04 1.138680525262894298e+04 9.890632153938622650e+03
3.009287464376384742e+04 1.035518566706557031e+05 7.237348811561134062e+04 2.971124444392992882e+04 5.834254375117448035e+03 -4.798787207871602732e+03 -7.432997926026080677e+03 -1.336401684968878726e+03 5.090733695801867725e+03 2.999616704954718443e+04 1.458311472768312669e+05 1.987428361032828252e+04 3.483286253636994843e+03 4.231790961223954582e+03 5.846054816508237309e+03 6.741633180922295651e+03 6.124964930695436124e+03 5.321985862418063334e+03 4.966590576130775844e+03 5.232916993784811893e+03 5.445442268218694153e+03 5.121649995830106491e+03 4.420396364175090639e+03 3.740423922072089226e+03 3.429693919822967473e+03 3.483650259898161494e+03 3.575308210705594320e+03 3.426571440225207880e+03 3.019671934979624893e+03 2.538248564607148182e+03 3.277239556457831059e+05 8.030519727720071096e+05 6.352021383078217041e+05 3.709795576344238943e+05 2.179318222209694795e+05 1.503757243569081184e+05 1.186331745313919091e+05 9.721611526454598061e+04 7.408224369658925571e+04 5.757902076188825595e+04 1.068672220465536520e+05 3.245943561631930061e+04 2.638224509630093598e+04 2.595095469301418052e+04 2.601386423800559714e+04 2.488806019876090431e+04 2.218236146363112857e+04 1.936657575131288468e+04 1.728875170052558678e+04 1.631473925837059869e+04 1.565426213995320722e+04 1.452023203832964282e+04 1.289191075795684810e+04 1.122933305424202263e+04 1.002979229949698311e+04 9.447151203929985058e+03 9.121908495521802251e+03 8.614727626928219252e+03 7.789986303488765770e+03 6.758110499272383095e+03
-2.365518719230188799e+04 -1.924747709122620654e+04 2.923575853480553178e+03 8.431239139704754052e+03 4.585791748744331926e+03 -1.231448124948774421e+02 -2.527280709973527337e+03 -1.794400909289152878e+03 1.921967450884073969e+03 4.119890316487011660e+03 1.987428361032828252e+04 1.028130786316332233e+05 1.535177719922892538e+04 4.655296547133844797e+03 5.096570401998935267e+03 4.946325484187086658e+03 4.518046290252903418e+03 4.289705391063543175e+03 4.395145490215001701e+03 4.664673431476754558e+03 4.546112868765485473e+03 3.936883622062726317e+03 3.238031598884026607e+03 2.813818039382495044e+03 2.778194759184046234e+03 2.932976209535160706e+03 2.931315685511615811e+03 2.641022150360191063e+03 2.187546012111262371e+03 1.800840027866811852e+03 2.068565074809240759e+05 5.333531785946625751e+05 4.635061137533575529e+05 2.975166744834861020e+05 1.891171316509107128e+05 1.363857104512042715e+05 1.078550760472611000e+05 8.440936519694323943e+04 6.201661845304948656e+04 4.370247346846800065e+04 3.524289038866672490e+04 6.904993924975141999e+04 2.241866532758064568e+04 1.975637534656826756e+04 1.948482204584831197e+04 1.834620488689859485e+04 1.654280431215794670e+04 1.488672420021621110e+04 1.365732665892310979e+04 1.287207731821506241e+04 1.200684143945816322e+04 1.076384098039562741e+04 9.388406858333120908e+03 8.252370062838241211e+03 7.533080161871250311e+03 7.163304945360687270e+03 6.796238676642784412e+03 6.201161694019663628e+03 5.425040025709322435e+03 4.612710683343944766e+03
-7.525979495828182553e+04 -1.500741106041487074e+05 -8.667924822108802618e+04 -3.021548115845573921e+04 -8.695179516056230568e+03 -2.719083616097086633e+03 -9.166035172218264506e+02 5.930623038860264842e+02 1.832428665359633897e+03 2.936878684673483804e+03 3.483286253636994843e+03 1.535177719922892538e+04 7.721630258105415851e+04 1.450294312570746661e+04 6.469496389593277854e+03 5.370412720148171502e+03 4.114652314541873238e+03 3.997732678030654824e+03 4.481610910085704745e+03 5.002916542602488335e+03 4.746185078945232817e+03 3.771153021453732890e+03 2.793857032408945088e+03 2.364580467926027268e+03 2.526296871752556399e+03 2.871528294247245867e+03 2.889702390146393554e+03 2.464063555582300978e+03 1.857049806103274022e+03 1.427795753022840245e+03 1.078767904051913938e+05 2.884659839488783618e+05 2.887090691015454940e+05 2.141132803992903209e+05 1.528279997853523237e+05 1.201287548989490606e+05 9.979482655948001775e+04 7.905610945816431195e+04 5.685719555406813743e+04 3.940820546528408158e+04 2.853273662484772285e+04 2.510239929674877931e+04 4.764370147959579481e+04 1.844270709450221329e+04 1.707748388977293143e+04 1.574984100844572640e+04 1.369186289212412521e+04 1.232875000815182648e+04 1.164700550557433053e+04 1.131171388824716632e+04 1.050299279006690995e+04 9.035916066842919463e+03 7.468751110280769353e+03 6.405542717553094917e+03 5.967801525570850572e+03 5.882365391507240929e+03 5.618110602091042892e+03 4.941792207295746266e+03 4.049505195047762300e+03 3.222215886563052663e+03
-7.194482488148666744e+04 -1.552646976932037505e+05 -9.962334872394936974e+04 -4.012576468625730195e+04 -1.336643175036664252e+04 -3.440252452199179061e+03 1.715566813778989399e+03 5.096500013445375771e+03 6.252102628967291821e+03 5.141787325930730731e+03 4.231790961223954582e+03 4.655296547133844797e+03 1.450294312570746661e+04 6.046207347713205672e+04 1.380969863921990691e+04 6.511622794806112324e+03 4.633314291385278921e+03 3.973091379823360512e+03 4.526882751091590762e+03 5.282035115481940011e+03 5.160005153160702321e+03 4.093004805665943877e+03 2.906960974705395074e+03 2.325915358449195537e+03 2.488948794095015728e+03 2.937437819423168548e+03 3.039584768059999988e+03 2.605683485630122050e+03 1.919426251524069812e+03 1.418110201235821023e+03 9.297495552144557587e+04 2.344821606391820242e+05 2.284534248877276550e+05 1.720573898019851767e+05 1.278665414339717390e+05 1.056059374977866682e+05 9.291719812444903073e+04 7.723298628956219181e+04 5.709884517540671368e+04 3.947897930054357857e+04 2.804419833386480241e+04 2.250174094397493172e+04 2.124852676098644588e+04 3.636439628001427627e+04 1.668918051724438556e+04 1.471055471024412327e+04 1.235694357210147427e+04 1.071416811980933198e+04 1.022239762965228874e+04 1.035528343821119415e+04 9.933295886668271123e+03 8.516910706376987946e+03 6.769933092201510590e+03 5.547379979832495337e+03 5.144100124803893777e+03 5.250168807837168060e+03 5.170567905106265243e+03 4.551013601919177745e+03 3.599222982103101913e+03 2.699143800777186698e+03
-1.714988502917317601e+04 -3.473166523530555423e+04 -2.435654909143715122e+04 -1.009605336406010065e+04 -2.446145833470471189e+03 1.479463486315802811e+03 5.565586435643330333e+03 9.539525042261826457e+03 1.055780757610192450e+04 8.564083508106683439e+03 5.846054816508237309e+03 5.096570401998935267e+03 6.469496389593277854e+03 1.380969863921990691e+04 4.622017565205454594e+04 1.100620012901285190e+04 4.951880477292486830e+03 3.948867935884294184e+03 4.015827703073123303e+03 4.745055409884142136e+03 4.890353988367429338e+03 4.165969560533996628e+03 3.141272697775454617e+03 2.484307329059474341e+03 2.466660846020683948e+03 2.805479325456268271e+03 2.956378677876640722e+03 2.666339584937837571e+03 2.101953597927251394e+03 1.621195774328529978e+03 1.501211548934389721e+05 3.582387486665108590e+05 2.920317000809799065e+05 1.844039545571492054e+05 1.224373182485426660e+05 9.658802807861779002e+04 8.562995957992717740e+04 7.421176948268023261e+04 5.714161517074472795e+04 4.043164374261857301e+04 2.854574700959694019e+04 2.257092570972119574e+04 2.046742387118175611e+04 1.947940679407196876e+04 2.851590514769216679e+04 1.379883756420182544e+04 1.119524051159884220e+04 9.545168133323930306e+03 8.954961962515670166e+03 9.285905575508317270e+03 9.292494494515594852e+03 8.313814993335545296e+03 6.777727577857432152e+03 5.514284224562623422e+03 4.988636375102451893e+03 5.054472321889537852e+03 5.083997258730353678e+03 4.649916712642712810e+03 3.842463419324170900e+03 2.995599991489938020e+03
4.702842711907207558e+04 1.099398016097847431e+05 7.153910569474633667e+04 3.317710056514298049e+04 1.551112371410956985e+04 9.253584222794575908e+03 9.037999995550118911e+03 1.133196265995651629e+04 1.186673593309015996e+04 9.698267347488334053e+03 6.741633180922295651e+03 4.946325484187086658e+03 5.370412720148171502e+03 6.511622794806112324e+03 1.100620012901285190e+04 3.383783542748661421e+04 7.765224682487483733e+03 3.565313306473587545e+03 3.207931102800781446e+03 3.512723591044513341e+03 3.856594984232788647e+03 3.652403564148227815e+03 3.078202082458523819e+03 2.527844587225070427e+03 2.316822084942182300e+03 2.416719634990771738e+03 2.533940054401233283e+03 2.431989293098478811e+03 2.116796699070885552e+03 1.763707351120288877e+03 2.192063216265669325e+05 5.142797160618274356e+05 3.856395173388003604e+05 2.173370012464565225e+05 1.282752385239767609e+05 9.226722191437840229e+04 7.798497002981601690e+04 6.749924297807821131e+04 5.327810243185352010e+04 3.866623568317547324e+04 2.777131575332802458e+04 2.185748482009440340e+04 1.966168381146609318e+04 1.831762934773950474e+04 1.619417383882282229e+04 2.191420578218826995e+04 1.001167075055924579e+04 8.327552177136596583e+03 7.709419390616436431e+03 7.933351883424636981e+03 8.158844663993439099e+03 7.707743701700186648e+03 6.706590924501822883e+03 5.672430350067219479e+03 5.070229579035360075e+03 4.949132990538231752e+03 4.945503860965030981e+03 4.699589558321476943e+03 4.166149877366906367e+03 3.522613724644441390e+03
6.118149395142533467e+04 1.498001918449671357e+05 1.066569415913769626e+05 5.337805845706543187e+04 2.590786728741341358e+04 1.443931779990307768e+04 1.060449346123278883e+04 1.042213019357488884e+04 1.015715216432225861e+04 8.450818532028548361e+03 6.124964930695436124e+03 4.518046290252903418e+03 4.114652314541873238e+03 4.633314291385278921e+03 4.951880477292486830e+03 7.765224682487483733e+03 2.504598239927557734e+04 5.510745435195005484e+03 2.487220846960006838e+03 2.469335579750959369e+03 2.693072346980364273e+03 2.809065710504002709e+03 2.616079304041238174e+03 2.268394624353238214e+03 2.007694567958131756e+03 1.943377933447482974e+03 1.989149327013093625e+03 1.985917605868196461e+03 1.859713260199406704e+03 1.646099518568678377e+03 2.174547170856555458e+05 5.237417269722773926e+05 3.990663321667922428e+05 2.237716422286964371e+05 1.284326098976474605e+05 8.821159916005516425e+04 7.049431264354087762e+04 5.862919046262453776e+04 4.584934045164719282e+04 3.381289780316272663e+04 2.493885079315517578e+04 2.000602722695517878e+04 1.773265187730568869e+04 1.619709714147950581e+04 1.399573006111431459e+04 1.145733795762456066e+04 1.440895716453882051e+04 7.004380301961803525e+03 6.255033149370852698e+03 6.353991453840038957e+03 6.558771422949754196e+03 6.432216729310239316e+03 5.917322918486397612e+03 5.243554221039283220e+03 4.720797120563716817e+03 4.479115665473475019e+03 4.389070548207964748e+03 4.235147786553803599e+03 3.923793896279053115e+03 3.502265869609312176e+03
2.604564458523970825e+04 7.304419075447908835e+04 6.355416121105829370e+04 3.921551905331300804e+04 2.286697275565082236e+04 1.450257200368342819e+04 1.054733326484576901e+04 9.050393139066143704e+03 8.157193313455707539e+03 6.851749504567292206e+03 5.321985862418063334e+03 4.289705391063543175e+03 3.997732678030654824e+03 3.973091379823360512e+03 3.948867935884294184e+03 3.565313306473587545e+03 5.510745435195005484e+03 1.944146745641131565e+04 4.288104218987065906e+03 2.177624329575118281e+03 2.204973027981204723e+03 2.167650107978907727e+03 2.051076536205860975e+03 1.842772540670582657e+03 1.686144789613537341e+03 1.637532673109012194e+03 1.642181947854833652e+03 1.608538475170419133e+03 1.501316575785227087e+03 1.347237789666165554e+03 1.495380418106739526e+05 3.750473646792307263e+05 3.093060642349125119e+05 1.880792470824878255e+05 1.148186816656391311e+05 8.126148275443047169e+04 6.421890379945238237e+04 5.131436108596714621e+04 3.886180655007378664e+04 2.855521053052943171e+04 2.156010658807775326e+04 1.780026799178176589e+04 1.587656737968405105e+04 1.414988892789274178e+04 1.196296141964701746e+04 9.464914648369107454e+03 7.408807726087457922e+03 1.062783568224505507e+04 4.954543343580324290e+03 4.872472781099917484e+03 4.989526006661349129e+03 4.884578536146555052e+03 4.559570837227025550e+03 4.141416095288959696e+03 3.804669408676775674e+03 3.615293133063112236e+03 3.499353465916570713e+03 3.338625503554167153e+03 3.090234447633547461e+03 2.781980593092947856e+03
-1.712024879625135873e+04 -3.259894123688554828e+04 -7.940541458894364041e+03 8.597160439573992335e+03 1.160439490540911720e+04 1.066255911282433226e+04 9.449985078606205207e+03 8.472363195617837846e+03 7.423872467578017677e+03 6.158341245343520313e+03 4.966590576130775844e+03 4.395145490215001701e+03 4.481610910085704745e+03 4.526882751091590762e+03 4.015827703073123303e+03 3.207931102800781446e+03 2.487220846960006838e+03 4.288104218987065906e+03 1.604452825379237947e+04 4.063078309759948752e+03 2.312626853666050010e+03 2.011385596592036109e+03 1.676497060999005043e+03 1.500618593061522461e+03 1.478839190373248584e+03 1.545583475814837584e+03 1.556039815149526930e+03 1.443212802719333467e+03 1.254044408850780655e+03 1.086236566906653252e+03 7.572795174889502232e+04 1.957133528528832830e+05 1.859499224376187776e+05 1.329073700586385967e+05 9.231542899862705963e+04 7.121808523268089630e+04 5.875997547738942376e+04 4.693872114736643562e+04 3.472105900165364437e+04 2.506588499395400140e+04 1.896538707973987039e+04 1.598743335405937978e+04 1.457704365197040534e+04 1.305915238853595292e+04 1.081915666217871512e+04 8.285183541964077449e+03 6.139102433925189871e+03 5.018464041545144937e+03 6.867934937917087154e+03 3.886744060984099178e+03 3.913545285317487469e+03 3.717160915034941354e+03 3.344457656724415301e+03 3.013296114370344185e+03 2.844263127187312421e+03 2.806066631360998144e+03 2.738321761585569220e+03 2.540389764635850952e+03 2.247100111852616465e+03 1.945422592482163964e+03
-4.016171607811001013e+04 -8.646756525265108212e+04 -4.582570786521115224e+04 -1.073192903713517444e+04 2.712769839400133151e+03 6.788683236788173417e+03 8.370728291186085698e+03 8.867734591411299334e+03 8.147123199859422130e+03 6.646230669848184334e+03 5.232916993784811893e+03 4.664673431476754558e+03 5.002916542602488335e+03 5.282035115481940011e+03 4.745055409884142136e+03 3.512723591044513341e+03 2.469335579750959369e+03 2.177624329575118281e+03 4.063078309759948752e+03 1.387766470459488846e+04 3.994128275546726400e+03 2.217548396499132650e+03 1.702312021585572893e+03 1.399012986797560188e+03 1.428892592539138150e+03 1.585469482267068997e+03 1.637238552365316082e+03 1.488836926215285075e+03 1.229276984023322257e+03 1.018503255416825141e+03 3.470018097926693736e+04 9.934918290683077066e+04 1.157982178994475107e+05 9.543010259396971378e+04 7.368104205733901472e+04 6.155865992155918502e+04 5.400464253681174159e+04 4.488536179772995820e+04 3.361661297564084816e+04 2.404590442985427944e+04 1.789232566047582077e+04 1.499647678619467843e+04 1.395157020028189436e+04 1.288125932581193047e+04 1.086925729545136346e+04 8.255438997835623013e+03 5.958366787417773594e+03 4.650775389038481080e+03 4.031663694134162597e+03 5.778345544893329134e+03 3.535968230663633221e+03 3.283430949449236323e+03 2.823849542950001251e+03 2.443361906287927923e+03 2.331804645374720167e+03 2.416145650900473811e+03 2.439359559541197086e+03 2.244840781123499710e+03 1.899909753358179614e+03 1.553914844084722517e+03
-1.496838881016857340e+04 -3.807183187867703964e+04 -2.190636057249283476e+04 -4.029365608599609004e+03 3.346411048929668596e+03 6.053190006417385121e+03 8.006331574118244134e+03 9.331705905433369480e+03 8.943023059156974341e+03 7.244984330764635160e+03 5.445442268218694153e+03 4.546112868765485473e+03 4.746185078945232817e+03 5.160005153160702321e+03 4.890353988367429338e+03 3.856594984232788647e+03 2.693072346980364273e+03 2.204973027981204723e+03 2.312626853666050010e+03 3.994128275546726400e+03 1.184190288285337374e+04 3.539004227076305142e+03 1.951917108543885888e+03 1.571406410547947871e+03 1.460326091758516668e+03 1.575889494149183065e+03 1.655945775499202682e+03 1.571935625840366356e+03 1.358300580727507850e+03 1.145927056990472238e+03 6.551898607867397368e+04 1.541652012828910374e+05 1.358017837682752870e+05 9.512493512922842638e+04 6.797219610156386625e+04 5.570501474996066827e+04 4.990142537453153636e+04 4.313224771076960315e+04 3.333919279471513437e+04 2.406942426291586162e+04 1.767249071081554575e+04 1.452120742624781633e+04 1.351207172357787931e+04 1.281311602015966128e+04 1.121762178536576903e+04 8.823327695695486909e+03 6.516965466781617579e+03 5.113408567581629541e+03 4.525946405282477826e+03 4.308441913159219439e+03 5.508954494613199131e+03 3.434675123755949244e+03 3.055665757781050161e+03 2.645852465422583009e+03 2.474393015682584519e+03 2.544267322418122149e+03 2.617763026213997364e+03 2.499183812221638618e+03 2.200306467861981218e+03 1.857403296533888124e+03
2.144983685595130373e+04 4.829147311262316362e+04 3.369006206165136973e+04 1.833381067362373142e+04 1.100415177214786308e+04 8.241046680502135132e+03 8.181652380586354411e+03 9.028002691436164241e+03 8.654736107607299346e+03 7.016713941396363225e+03 5.121649995830106491e+03 3.936883622062726317e+03 3.771153021453732890e+03 4.093004805665943877e+03 4.165969560533996628e+03 3.652403564148227815e+03 2.809065710504002709e+03 2.167650107978907727e+03 2.011385596592036109e+03 2.217548396499132650e+03 3.539004227076305142e+03 9.963144793964514975e+03 3.050431410261994642e+03 1.767983731881249696e+03 1.503067919949557108e+03 1.433363753185490168e+03 1.502764809871164744e+03 1.527930686589008701e+03 1.448201190074929400e+03 1.291228767013528341e+03 1.116027846365237638e+05 2.635060898527327226e+05 2.019265299384644022e+05 1.175075179128349409e+05 7.224641174037652672e+04 5.376165768097138789e+04 4.623543933771150478e+04 4.014786955891468097e+04 3.170216970305526047e+04 2.328147535125395734e+04 1.715111023094262055e+04 1.392427984413499871e+04 1.276794639347361590e+04 1.214022065007711717e+04 1.092479982437363651e+04 8.997259255265020329e+03 7.011740657347387241e+03 5.667005149740578418e+03 5.032309854963904399e+03 4.833871080778627402e+03 4.486860182180649645e+03 4.834725291833441588e+03 3.386844483565043902e+03 3.095668931895717833e+03 2.858865246438040231e+03 2.821827889736939142e+03 2.875651332776592426e+03 2.852443193519537999e+03 2.684814597305728512e+03 2.422778487815121935e+03
4.338946471825861954e+04 1.005635692405962182e+05 7.097595209908313700e+04 3.604703290233612643e+04 1.829939147510397015e+04 1.102621032719636423e+04 8.567801552053993873e+03 8.139797360423644932e+03 7.456100881011529054e+03 6.054567464222636772e+03 4.420396364175090639e+03 3.238031598884026607e+03 2.793857032408945088e+03 2.906960974705395074e+03 3.141272697775454617e+03 3.078202082458523819e+03 2.616079304041238174e+03 2.051076536205860975e+03 1.676497060999005043e+03 1.702312021585572893e+03 1.951917108543885888e+03 3.050431410261994642e+03 8.388383971878254670e+03 2.605335484125314906e+03 1.472876151728695731e+03 1.263007427847035842e+03 1.254005152245528279e+03 1.351874330396786263e+03 1.388676523546046838e+03 1.303137967839265912e+03 1.357928716702982201e+05 3.217721223736027023e+05 2.419475842018618132e+05 1.343850265702197794e+05 7.696215535663443734e+04 5.330017969858182187e+04 4.312951538710316527e+04 3.624839108118884906e+04 2.851604649610417982e+04 2.119258761552819487e+04 1.585957594648273880e+04 1.294617886148778416e+04 1.170085981767492922e+04 1.093713984873373556e+04 9.879954314706687001e+03 8.407809405169351521e+03 6.884130737294841310e+03 5.764091406982041008e+03 5.135534470946693546e+03 4.868080528144275377e+03 4.641931211892351712e+03 4.177277715855700080e+03 4.302344106982689482e+03 3.182758184098669972e+03 2.964132641191945368e+03 2.841627268655097396e+03 2.852724122938681376e+03 2.888672200254191011e+03 2.844205039679208312e+03 2.690990717497908008e+03
3.480581686436729797e+04 8.452179732044605771e+04 6.405061131635140919e+04 3.541009920206021343e+04 1.932425092757906532e+04 1.189715176967454317e+04 8.617444312906525738e+03 7.226207437533733355e+03 6.160591483238793444e+03 4.978987657099210992e+03 3.740423922072089226e+03 2.813818039382495044e+03 2.364580467926027268e+03 2.325915358449195537e+03 2.484307329059474341e+03 2.527844587225070427e+03 2.268394624353238214e+03 1.842772540670582657e+03 1.500618593061522461e+03 1.399012986797560188e+03 1.571406410547947871e+03 1.767983731881249696e+03 2.605335484125314906e+03 7.043033217125779629e+03 2.043792851717218127e+03 1.131608225739483260e+03 1.070600168268352718e+03 1.129331472973728978e+03 1.196543779674357665e+03 1.151728203338062485e+03 1.155292873935285897e+05 2.810550074614158366e+05 2.190748003888548410e+05 1.263061920937376854e+05 7.406935725896863732e+04 5.117515372152441705e+04 4.024758912978153967e+04 3.247879157871214557e+04 2.487593263794753148e+04 1.844300239294159837e+04 1.402312112275234722e+04 1.165391335606999564e+04 1.051696172251677308e+04 9.629867258416832556e+03 8.545680338454052617e+03 7.295021540971174545e+03 6.120893465410797944e+03 5.259419583514662008e+03 4.731543484765998073e+03 4.430926750260621702e+03 4.180446601375186219e+03 3.844849388107604682e+03 3.336173190601067290e+03 3.422753036498485017e+03 2.503232269025407277e+03 2.453257234325740683e+03 2.446225283133334415e+03 2.496465803351016802e+03 2.504199599646329261e+03 2.424148082865198376e+03
8.048037707836392656e+03 2.294215718196862144e+04 2.545915568818573229e+04 1.993218966326961527e+04 1.404634915370119052e+04 1.030593095264091608e+04 8.124837151099658513e+03 6.755186176859713669e+03 5.549390077062515957e+03 4.428667974278108886e+03 3.429693919822967473e+03 2.778194759184046234e+03 2.526296871752556399e+03 2.488948794095015728e+03 2.466660846020683948e+03 2.316822084942182300e+03 2.007694567958131756e+03 1.686144789613537341e+03 1.478839190373248584e+03 1.428892592539138150e+03 1.460326091758516668e+03 1.503067919949557108e+03 1.472876151728695731e+03 2.043792851717218127e+03 5.839926726644376686e+03 1.669440825263978013e+03 1.016343500301539962e+03 1.002130303923335305e+03 9.868779766298729328e+02 9.374459556566923766e+02 7.005745980079995934e+04 1.765110278046207968e+05 1.522733724637828127e+05 9.815226145828011795e+04 6.317642079045665741e+04 4.645568900911367382e+04 3.735780922217821353e+04 2.976351266647978628e+04 2.221749165417815311e+04 1.621553624693923848e+04 1.236213703441123835e+04 1.042718167149909641e+04 9.521349842681200244e+03 8.678458698003487370e+03 7.543542818307269044e+03 6.285963872146548965e+03 5.203150772196380785e+03 4.494781215596798575e+03 4.100397706075879796e+03 3.858740288009644246e+03 3.582740352888458801e+03 3.210320020647575802e+03 2.788009231581810127e+03 2.321745548417351529e+03 2.114440900016856631e+03 1.776189732373366041e+03 1.872003281118835503e+03 1.908867509418494592e+03 1.905458459046762982e+03 1.838896184572128277e+03
-1.366998931037209695e+04 -2.849297629103452346e+04 -9.486666535976613886e+03 4.001381355999062635e+03 7.488889319415655336e+03 7.672046425082724454e+03 7.336998851482740065e+03 6.734645691538298706e+03 5.694663533915983862e+03 4.505533326438513541e+03 3.483650259898161494e+03 2.932976209535160706e+03 2.871528294247245867e+03 2.937437819423168548e+03 2.805479325456268271e+03 2.416719634990771738e+03 1.943377933447482974e+03 1.637532673109012194e+03 1.545583475814837584e+03 1.585469482267068997e+03 1.575889494149183065e+03 1.433363753185490168e+03 1.263007427847035842e+03 1.131608225739483260e+03 1.669440825263978013e+03 5.084518668307557164e+03 1.569612702011198508e+03 9.910440686277956956e+02 8.899584161153654804e+02 7.810272417297842367e+02 3.377978090308673563e+04 9.051243690406362293e+04 9.286152488326742605e+04 7.017425828397108126e+04 5.087359968280815519e+04 4.064143447981377540e+04 3.453154306976726366e+04 2.818233550131818629e+04 2.101949649233301170e+04 1.512972718208681181e+04 1.137436816519538479e+04 9.570448654511845234e+03 8.851811733890797768e+03 8.187222585266397800e+03 7.106468177144926813e+03 5.779454245485690990e+03 4.616811677513534960e+03 3.915852636855872333e+03 3.607424141429857173e+03 3.468952325894135356e+03 3.220123979217010401e+03 2.795287226354000268e+03 2.314862999509320616e+03 1.916324670047646123e+03 1.565550035241097703e+03 1.425899525383315449e+03 1.350993203538309444e+03 1.461282147448028809e+03 1.423026397913748042e+03 1.340444422967427727e+03
