6.095158318235211819e+07 6.474889581383815035e+06 3.415158914646779886e+05 3.630908413139841286e+04 -2.143464972769482847e+04 -1.690555016109611825e+04 -1.563423569594564106e+04 -1.034238495741173756e+04 -2.561842511607915185e+02 6.035944542998387988e+03 6.272911142349767033e+03 1.337740198870242693e+03 -2.497599120763068186e+03 -1.511738916600432276e+03 2.810095585657843912e+03 6.954577920608488057e+03 6.982738939579588987e+03 3.528363398312008030e+03 2.357692636818837002e+02 -9.237719983785298155e+02 1.359685764505959469e+03 3.985262153805648722e+03 4.949110163332336015e+03 3.698452319363745119e+03 1.483355012640213545e+03 2.696242483805753309e+01 5.742628605263710142e+02 1.881414939471539128e+03 2.939053958433260959e+03 2.840705955696967976e+03 1.135251812277218699e+07 1.392974613356108963e+07 1.509887777462805388e+06 3.042133185453189071e+05 4.568420730331409140e+04 3.557305172020402097e+04 2.768438133993815427e+04 2.693019099025591277e+04 3.356987215220814687e+04 3.585780931401604903e+04 3.115554289569312095e+04 2.019848425878653870e+04 1.199532546142051433e+04 1.176148967206612360e+04 1.689210962052508694e+04 2.191993175176404839e+04 2.056177850526855400e+04 1.385057160625952747e+04 7.668191148195463029e+03 5.092424441819350250e+03 8.279721861764279311e+03 1.206309899772816607e+04 1.315026159502389419e+04 1.062741523407653767e+04 6.563599473836933612e+03 3.811710513963926132e+03 4.454325796437189638e+03 6.391408438636241954e+03 7.935224195356569908e+03 7.558893203984993306e+03
6.474889581383815035e+06 1.349277180076317117e+07 1.538091816152396845e+06 5.367952616570281680e+04 -1.138986886318636607e+04 -3.229774042625036964e+04 -3.262912457636505860e+04 -2.306089924613946641e+04 -2.023570636205786741e+03 1.322801501652429761e+04 1.420406726004121992e+04 3.178095255880968125e+03 -6.718325724541820819e+03 -5.669786760621209396e+03 4.222062591034450634e+03 1.421723127858666703e+04 1.527533373007050977e+04 7.787808220241940944e+03 -4.035901345529168793e+02 -3.354017967245339605e+03 1.344544785430362936e+03 7.854003753602965844e+03 1.058005336247662854e+04 8.045489223609725741e+03 2.859349875978866294e+03 -6.337033651396179721e+02 2.384389301111172017e+02 3.419283982800237027e+03 6.049812366316378757e+03 6.041909747259815049e+03 1.077128927843555808e+06 4.768394698782756925e+06 3.332440655877995305e+06 5.226620472945852089e+05 1.989862632754941005e+05 9.016703940442833118e+04 6.899382853493496077e+04 6.528528772686889715e+04 7.897865888289536815e+04 8.647149321551196044e+04 7.621497682865310344e+04 5.123477460242940288e+04 3.046358674240853361e+04 2.793267079765041126e+04 3.960805439962925448e+04 5.159542253974385676e+04 4.967823123469773418e+04 3.465788645972956147e+04 1.920593645009468310e+04 1.278020049188074336e+04 1.905275470810107072e+04 2.833875459990102536e+04 3.141798883311469399e+04 2.595253034599500097e+04 1.630366454967337268e+04 9.672545693708045292e+03 1.041973681218375350e+04 1.506861387711694624e+04 1.880566905967924686e+04 1.816437169581806666e+04
3.415158914646779886e+05 1.538091816152396845e+06 4.093579336327104829e+06 4.724603524364576442e+05 1.062877747176106459e+04 -1.435748540198997034e+04 -2.434851750182188334e+04 -1.688324009443297837e+04 -1.878878719095046790e+03 1.035434781116551312e+04 1.220727481686025203e+04 5.297817367809306234e+03 -1.832934096429979490e+03 -2.055955292990461203e+03 4.248636014026285920e+03 1.101044735502918411e+04 1.225649831401079064e+04 7.631534271411321242e+03 1.792640395785950659e+03 -5.146929504865152012e+02 2.023958125246168493e+03 6.301382466530674719e+03 8.367030571703493479e+03 6.853130507530018804e+03 3.392121634159349924e+03 9.029542018456547794e+02 1.100563113478200194e+03 3.103637631616681574e+03 4.874838427943048373e+03 4.931917480878405513e+03 1.524217137445039989e+05 1.160617854667768348e+06 1.935040844463951187e+06 1.024939684189850464e+06 2.164985257645586680e+05 1.103148486188405514e+05 6.380510017683672777e+04 5.939440216643207532e+04 6.600248909595786245e+04 7.119023270164753194e+04 6.438651036634000775e+04 4.747656220920663327e+04 3.204462778338030330e+04 2.793172726449228139e+04 3.420039036929700524e+04 4.143610618318128400e+04 4.047026236427144613e+04 3.078372568073646835e+04 1.963715935969087150e+04 1.452352246676272989e+04 1.734346596978301386e+04 2.306419644819806126e+04 2.527990851737498451e+04 2.178086559403031424e+04 1.525569612332982797e+04 1.046583150318832850e+04 1.016852635869607911e+04 1.290404050156124504e+04 1.528809194008558734e+04 1.486996312325534382e+04
3.630908413139841286e+04 5.367952616570281680e+04 4.724603524364576442e+05 1.439595030470725615e+06 1.786303191536986560e+05 1.691577777530679668e+03 -9.211868799762301933e+03 -9.093766994579651509e+03 -7.195876769323890585e+02 6.200115333726556855e+03 8.125189263456891240e+03 5.383087745584363802e+03 1.973852093373167463e+03 1.369938195980564160e+03 3.849147105271973942e+03 6.881711183452465775e+03 7.662119030388498686e+03 5.776565794273679785e+03 3.041395456604681840e+03 1.668713827647974085e+03 2.452075432922202708e+03 4.185259147211140771e+03 5.177799284930817521e+03 4.605016232755699093e+03 3.060501367308981571e+03 1.808128094202354077e+03 1.669808931710688739e+03 2.399322413878392126e+03 3.153333877751582349e+03 3.184241963710796426e+03 6.304730537288849155e+04 2.076894501656693465e+05 5.602881692569792503e+05 6.935456764919529669e+05 3.805203243317828747e+05 9.697628910696669482e+04 5.694811813208305102e+04 4.128930401191020792e+04 4.293966715707635740e+04 4.432145967084831500e+04 4.112859534379420802e+04 3.321969997130947013e+04 2.538595618036561791e+04 2.196340960184541836e+04 2.324467301565107118e+04 2.561210629301203880e+04 2.496285120702288987e+04 2.065992800016804540e+04 1.531736482847655316e+04 1.225882402658263527e+04 1.263657493157419594e+04 1.456598324008793679e+04 1.542443491677153906e+04 1.389744866589774028e+04 1.091363554536597076e+04 8.467483688775770133e+03 7.845058368062051159e+03 8.649775745771203219e+03 9.528842150150157977e+03 9.264262203805554236e+03
-2.143464972769482847e+04 -1.138986886318636607e+04 1.062877747176106459e+04 1.786303191536986560e+05 6.237221477970307460e+05 8.352707932867019554e+04 -3.562785266853962867e+02 -2.957920052820156343e+03 -3.110790199350370813e+02 3.693832401755092178e+03 5.208308299449057813e+03 4.431549677829952998e+03 3.013397673991529700e+03 2.549096345074339297e+03 3.337442898121428698e+03 4.510211069592847707e+03 4.897753220220531148e+03 4.211165776534455290e+03 3.045455180595769889e+03 2.286662127457640054e+03 2.371229305944472799e+03 2.930337465556123789e+03 3.310128698561903548e+03 3.121871538328606221e+03 2.490204511310653288e+03 1.892510932849377241e+03 1.696885511624348737e+03 1.869279242796961171e+03 2.113423574495760477e+03 2.096359547679790012e+03 4.770084351333587256e+04 1.282234931536658696e+05 1.365322951734908856e+05 2.521781178674527910e+05 2.966945627855776111e+05 1.730851312500703498e+05 4.922025920232597127e+04 3.362367492766855139e+04 2.790479725594732008e+04 2.774056428277309169e+04 2.600644779241083597e+04 2.262532860316715232e+04 1.899115662825330219e+04 1.670189681133398699e+04 1.611694566302346175e+04 1.624767216814353742e+04 1.559486709855331173e+04 1.373850854530442848e+04 1.136644897944837066e+04 9.659915777363312372e+03 9.206889000713392306e+03 9.493054468060883664e+03 9.590893642252514837e+03 8.922589929373949417e+03 7.645762150112201198e+03 6.457584160976322892e+03 5.897527152175533956e+03 5.915071521063005093e+03 6.067121844252395022e+03 5.833982561279955917e+03
-1.690555016109611825e+04 -3.229774042625036964e+04 -1.435748540198997034e+04 1.691577777530679668e+03 8.352707932867019554e+04 3.322307946378784254e+05 4.497020193473086692e+04 6.404805574178465122e+02 1.026957743801971901e+03 2.443931172585498189e+03 3.614546843737652125e+03 3.522268685327836010e+03 3.030456970034485494e+03 2.813182272034468951e+03 3.051601678981510759e+03 3.450752314489606761e+03 3.572083948108626373e+03 3.289959760322149123e+03 2.773342216067459049e+03 2.357950632432726252e+03 2.248788750504131258e+03 2.352693219825730012e+03 2.447397916525950677e+03 2.355064074436259034e+03 2.081302245331713038e+03 1.781609470211709549e+03 1.612850324937340247e+03 1.590701796966229267e+03 1.619266768469963154e+03 1.553182182284988812e+03 3.657612193137967552e+04 9.244413293678889750e+04 9.001876091524657386e+04 7.202394376544177067e+04 1.264021461936711567e+05 1.481663556051366613e+05 9.464715344851894770e+04 3.051105029436703626e+04 2.345629002437584859e+04 1.974888832167467626e+04 1.850067169512288820e+04 1.683950294714642223e+04 1.517305305421669800e+04 1.375116046467323031e+04 1.273934742623519742e+04 1.200738593821414543e+04 1.120938050163437583e+04 1.021419760529210180e+04 9.072490327670500847e+03 8.094879382697314213e+03 7.491285550322003473e+03 7.177950476670237549e+03 6.924281751725708091e+03 6.504102117208607524e+03 5.897775071623518670e+03 5.279907391230285612e+03 4.842562169239225113e+03 4.609729795049159293e+03 4.462584422080792137e+03 4.194770849857281064e+03
-1.563423569594564106e+04 -3.262912457636505860e+04 -2.434851750182188334e+04 -9.211868799762301933e+03 -3.562785266853962867e+02 4.497020193473086692e+04 2.007525130172296776e+05 2.835394535534597162e+04 2.817359043751930130e+03 2.991506975481693189e+03 2.959895222872435625e+03 2.959509060610680535e+03 2.870914014269998461e+03 2.956208007489033662e+03 3.112200289842943675e+03 3.174887204649647174e+03 3.040010889416024838e+03 2.798914688013552222e+03 2.542550805718556148e+03 2.356502348820886709e+03 2.260760145899087092e+03 2.193298002906077272e+03 2.110966299718982555e+03 1.987468377483815402e+03 1.832238463399568900e+03 1.686987822661881637e+03 1.579040578586585752e+03 1.500408945317697999e+03 1.425142412470887166e+03 1.305973370420477750e+03 2.840176374350088736e+04 7.049128153005632339e+04 6.515590279896556603e+04 5.019515159656539618e+04 4.023708354819270608e+04 7.336189298002362193e+04 8.657944542924340931e+04 5.784770497005317884e+04 2.244567799162944721e+04 1.789352643270885164e+04 1.477835637782403683e+04 1.356737440753977535e+04 1.279277871925162617e+04 1.215781924811927820e+04 1.132241211745769215e+04 1.028906946614902154e+04 9.216590180814506311e+03 8.362543202882672631e+03 7.714076550001482246e+03 7.204288836107138195e+03 6.733495600414365981e+03 6.235294149320892757e+03 5.752570604342962724e+03 5.315459110836321997e+03 4.931265567787353575e+03 4.605138728062120208e+03 4.315717168786283764e+03 4.035559782728327264e+03 3.750502291576348398e+03 3.415463514573074463e+03
-1.034238495741173756e+04 -2.306089924613946641e+04 -1.688324009443297837e+04 -9.093766994579651509e+03 -2.957920052820156343e+03 6.404805574178465122e+02 2.835394535534597162e+04 1.273305685684448690e+05 2.009768324826895696e+04 4.149370185348636369e+03 3.377798355539002387e+03 2.684160762083849932e+03 2.691039356147701255e+03 2.983722650574917679e+03 3.243331532123894249e+03 3.199547676894369943e+03 2.869948976995066459e+03 2.524324373822595589e+03 2.323791642027663784e+03 2.279012406373391059e+03 2.269970916310152916e+03 2.173629399329603075e+03 1.991387951327696101e+03 1.793570873854569527e+03 1.647525137855513094e+03 1.572591781033759162e+03 1.529196829283865100e+03 1.459646024706005846e+03 1.346564695251199964e+03 1.191879985227014004e+03 2.778056832007554476e+04 6.683059853140692576e+04 6.054689317263034172e+04 4.226429432689124951e+04 3.164412914286428713e+04 2.736108996885393208e+04 4.893757155726378551e+04 5.117307416995821404e+04 3.881525203698105179e+04 1.707925023718242664e+04 1.340613508689343143e+04 1.105722531641258138e+04 1.062168815150639239e+04 1.057910053852295641e+04 1.021725514584577104e+04 9.262094365965425823e+03 8.011071742141383766e+03 7.040671218704181229e+03 6.522245917714558345e+03 6.314983730338470195e+03 6.088971004148173961e+03 5.640630378117729379e+03 5.056182136483116665e+03 4.524034435551359820e+03 4.169158462901537860e+03 3.982553205494985377e+03 3.839337949347510403e+03 3.618011051636855882e+03 3.304968744870988758e+03 2.931217837128868268e+03
-2.561842511607915185e+02 -2.023570636205786741e+03 -1.878878719095046790e+03 -7.195876769323890585e+02 -3.110790199350370813e+02 1.026957743801971901e+03 2.817359043751930130e+03 2.009768324826895696e+04 8.293514631134275987e+04 1.467551223521408974e+04 3.786550809515355468e+03 2.773582371643874467e+03 2.398068518183704327e+03 2.713562262043312785e+03 3.021386964274532602e+03 3.002282665078907485e+03 2.643298184630520154e+03 2.253772970722759055e+03 2.040603346708019899e+03 2.032503535290241416e+03 2.075468442727179536e+03 2.007409850939031003e+03 1.817312752766526046e+03 1.593766626143718895e+03 1.436289567661895944e+03 1.377999184703930496e+03 1.365512171520636457e+03 1.322658060790087802e+03 1.220955263285366073e+03 1.073059548007427566e+03 3.442145514508847555e+04 8.044392615416852641e+04 6.701955756050741184e+04 4.365089363286173466e+04 2.872826869544880901e+04 2.305391832841062933e+04 2.137450060109771584e+04 3.388639423050801270e+04 3.498059845354588469e+04 2.589260025719484111e+04 1.162709166212759737e+04 9.162842186314150240e+03 8.152533047213265490e+03 8.373918130154059327e+03 8.373668051456730609e+03 7.731536661808471763e+03 6.619826248515461884e+03 5.673371914843732156e+03 5.185077206410985127e+03 5.095865641614080232e+03 5.041998511866066110e+03 4.737060806372283878e+03 4.218674887320306880e+03 3.691774388227237068e+03 3.342929619797053419e+03 3.205320666658681148e+03 3.144495639739267972e+03 3.007441626633345550e+03 2.752448560196297876e+03 2.419947269085786502e+03
6.035944542998387988e+03 1.322801501652429761e+04 1.035434781116551312e+04 6.200115333726556855e+03 3.693832401755092178e+03 2.443931172585498189e+03 2.991506975481693189e+03 4.149370185348636369e+03 1.467551223521408974e+04 5.558226941464880656e+04 1.040937445189152822e+04 2.812244554683693423e+03 2.260793943371555542e+03 2.255900226337752883e+03 2.516236702162123493e+03 2.535337474246117836e+03 2.269510569544301688e+03 1.942858438166152609e+03 1.738794470329535443e+03 1.708932816941116471e+03 1.742273777344039672e+03 1.698730714106151936e+03 1.550873173308217702e+03 1.361157460817228184e+03 1.215381388395205249e+03 1.153737404759734318e+03 1.140237255047868075e+03 1.110919364717135977e+03 1.036140347390355601e+03 9.208818824703284918e+02 3.643695738339184027e+04 8.745064180120901437e+04 7.177630153269748553e+04 4.464727554488035821e+04 2.813043995399535197e+04 2.036880595898624597e+04 1.788307598234794568e+04 1.653155754622563109e+04 2.337497383948383504e+04 2.251735244200103261e+04 1.652904942205821135e+04 7.413073985417114272e+03 6.336025638231143603e+03 6.127205953168011547e+03 6.253548469808285518e+03 5.890998692784057312e+03 5.111534724127148365e+03 4.379353777724516476e+03 3.965309883987261856e+03 3.881745717367974066e+03 3.866713931368904923e+03 3.673301616495220514e+03 3.295217737652962114e+03 2.877683122874782384e+03 2.579996062172326674e+03 2.455670086192683812e+03 2.412877807714524351e+03 2.325491230556483970e+03 2.147421453892646241e+03 1.899729386703826549e+03
6.272911142349767033e+03 1.420406726004121992e+04 1.220727481686025203e+04 8.125189263456891240e+03 5.208308299449057813e+03 3.614546843737652125e+03 2.959895222872435625e+03 3.377798355539002387e+03 3.786550809515355468e+03 1.040937445189152822e+04 3.926958425227498810e+04 7.585312916478151237e+03 2.192352701726716532e+03 1.981140874258810072e+03 1.993346068645423657e+03 2.032647935158404380e+03 1.876189085643964972e+03 1.655318618178740735e+03 1.487982489633116984e+03 1.430261889042451003e+03 1.426930196576273374e+03 1.388713313073774316e+03 1.286921603456841694e+03 1.150287523708666868e+03 1.032821083921111267e+03 9.677846319779877149e+02 9.401556580337241940e+02 9.106329589647991725e+02 8.559827218930183790e+02 7.738499686090251544e+02 3.134480939416625915e+04 7.653907093975687167e+04 6.439791606436880829e+04 4.099230687542565283e+04 2.597084288545046002e+04 1.866297101955275866e+04 1.507672666861250036e+04 1.327929028577464123e+04 1.123620537716311446e+04 1.516322487474943227e+04 1.393930279410024559e+04 1.119398090462053369e+04 5.084468504954395030e+03 4.680794418575507734e+03 4.486819994161181967e+03 4.301459812972369036e+03 3.833061303389685690e+03 3.364879441286896053e+03 3.061152375388691325e+03 2.958699157588803246e+03 2.912901381003764072e+03 2.771595643004818612e+03 2.518851884037698255e+03 2.231286000550646349e+03 2.007698712732119930e+03 1.891911487559637408e+03 1.836734581429767331e+03 1.764949379079953360e+03 1.641814457785176728e+03 1.472696227811346034e+03
1.337740198870242693e+03 3.178095255880968125e+03 5.297817367809306234e+03 5.383087745584363802e+03 4.431549677829952998e+03 3.522268685327836010e+03 2.959509060610680535e+03 2.684160762083849932e+03 2.773582371643874467e+03 2.812244554683693423e+03 7.585312916478151237e+03 2.976022296917676067e+04 5.861912950124623421e+03 1.938328714245924175e+03 1.804262335044313886e+03 1.711788286622830583e+03 1.616915604098242056e+03 1.472651405121796870e+03 1.349035730545909246e+03 1.282613553967154076e+03 1.249837409178144526e+03 1.201787449333854511e+03 1.122082575295070228e+03 1.022533564309204394e+03 9.308612371814961080e+02 8.679389804321051543e+02 8.282538679566241626e+02 7.913959511780558387e+02 7.437514391575673471e+02 6.805689831947089488e+02 2.012908990227041068e+04 5.112630939523992129e+04 4.710433571560090058e+04 3.277518857949758240e+04 2.231324372675934137e+04 1.671555999416028135e+04 1.355798028782898837e+04 1.106434150862118986e+04 8.925579031373265025e+03 7.087108753392675681e+03 1.013142884597561715e+04 9.537844419009174089e+03 8.164324515806481941e+03 4.002690332117426351e+03 3.672254631133389466e+03 3.333826766182248321e+03 3.043724249218059413e+03 2.754920917930571704e+03 2.555085212382208738e+03 2.456608098840888488e+03 2.380272153787842399e+03 2.246890596345099766e+03 2.057680787253469134e+03 1.855273952415538815e+03 1.690741655887394700e+03 1.587709251015885002e+03 1.519593922669389940e+03 1.444880061606967956e+03 1.345610283847384380e+03 1.221837648088184778e+03
-2.497599120763068186e+03 -6.718325724541820819e+03 -1.832934096429979490e+03 1.973852093373167463e+03 3.013397673991529700e+03 3.030456970034485494e+03 2.870914014269998461e+03 2.691039356147701255e+03 2.398068518183704327e+03 2.260793943371555542e+03 2.192352701726716532e+03 5.861912950124623421e+03 2.349044747374934013e+04 4.941901552719013125e+03 1.913126433524369077e+03 1.726014060983306990e+03 1.523315280659493965e+03 1.397693002353453267e+03 1.305643438873497871e+03 1.259778275225806738e+03 1.223777238248745562e+03 1.160762526224316844e+03 1.072066875634640382e+03 9.780225412605167321e+02 8.997407784638892281e+02 8.459932016157870294e+02 8.055854313852348696e+02 7.617341259871268448e+02 7.089629389075704466e+02 6.475554221996717388e+02 1.194094267503909214e+04 3.036856940733516240e+04 3.168510697837632324e+04 2.494109206887990149e+04 1.865313666781231586e+04 1.499119173304170181e+04 1.269745617468961973e+04 1.052406294913907186e+04 8.062799434511403888e+03 6.173068038641870771e+03 4.937433516422001048e+03 7.592103264525462691e+03 7.152139615777930885e+03 6.762622955952053417e+03 3.568253846346487990e+03 3.146719986322537807e+03 2.705113559754052403e+03 2.469349238579978646e+03 2.338617071651215156e+03 2.291358014131154050e+03 2.227594815986232788e+03 2.085149979403551697e+03 1.892628148021964535e+03 1.707394791403127329e+03 1.571615867799818716e+03 1.490515187937210612e+03 1.428549415523960306e+03 1.349595427124184880e+03 1.248652410806074386e+03 1.134272275773143519e+03
-1.511738916600432276e+03 -5.669786760621209396e+03 -2.055955292990461203e+03 1.369938195980564160e+03 2.549096345074339297e+03 2.813182272034468951e+03 2.956208007489033662e+03 2.983722650574917679e+03 2.713562262043312785e+03 2.255900226337752883e+03 1.981140874258810072e+03 1.938328714245924175e+03 4.941901552719013125e+03 1.903017295823281165e+04 4.346939561540433715e+03 1.871468088321701543e+03 1.577162439087292114e+03 1.352499516382562888e+03 1.272548736438408469e+03 1.257532382013112510e+03 1.242936302046176252e+03 1.175383956691565345e+03 1.067356466931759314e+03 9.585146826148127275e+02 8.808970430216501200e+02 8.385983921362515048e+02 8.075303955442086590e+02 7.631627644267573487e+02 7.023856459364312741e+02 6.331691190886285767e+02 1.187821840455699930e+04 2.810763028267198388e+04 2.782541437171281723e+04 2.171141597811372776e+04 1.649429094090392755e+04 1.364939083330230642e+04 1.210593486593719354e+04 1.049973744434951004e+04 8.278791480873243927e+03 6.087153386777999913e+03 4.650849036275148137e+03 4.000586109053515884e+03 6.331398229718417497e+03 6.197343053605480236e+03 5.884588211098713145e+03 3.206879559218218674e+03 2.654552034988839296e+03 2.265862849102059954e+03 2.166841958991755746e+03 2.188185106402556812e+03 2.180367734428452422e+03 2.046512904821179291e+03 1.830779529437560086e+03 1.624824240761307010e+03 1.493633604572475406e+03 1.437961650589265446e+03 1.400368525183019074e+03 1.329267145443100617e+03 1.222021711113119636e+03 1.100048156057228880e+03
2.810095585657843912e+03 4.222062591034450634e+03 4.248636014026285920e+03 3.849147105271973942e+03 3.337442898121428698e+03 3.051601678981510759e+03 3.112200289842943675e+03 3.243331532123894249e+03 3.021386964274532602e+03 2.516236702162123493e+03 1.993346068645423657e+03 1.804262335044313886e+03 1.913126433524369077e+03 4.346939561540433715e+03 1.550563865367232393e+04 3.711146160334267279e+03 1.617889865630347913e+03 1.336997207384902140e+03 1.193129481050903451e+03 1.194749318581817079e+03 1.201521284564717462e+03 1.145311503033199415e+03 1.033201991825451842e+03 9.143563339204064278e+02 8.324278317945246499e+02 7.955455202666048535e+02 7.736082434562490562e+02 7.340775279396493715e+02 6.712445738475091730e+02 5.961943297136488127e+02 1.713194379299706270e+04 3.997964481251989491e+04 3.429482569190987851e+04 2.315628886911689187e+04 1.602403918396951849e+04 1.271035997341916300e+04 1.131417900705541979e+04 1.016354146644694447e+04 8.287240403311461705e+03 6.199752075768237773e+03 4.520828686959504921e+03 3.729120426340066842e+03 3.606456784686347419e+03 5.642205097286281671e+03 5.245915680337100639e+03 4.838174660728052913e+03 2.530198799651670925e+03 2.080860384682803669e+03 1.891649220982481893e+03 1.956259253731735953e+03 2.002527586734556735e+03 1.905531561016029627e+03 1.697092800654283337e+03 1.483918965020139240e+03 1.352425607483023214e+03 1.312989878897503331e+03 1.299555952637412702e+03 1.246569376610182189e+03 1.145926322894934401e+03 1.023494603972262212e+03
6.954577920608488057e+03 1.421723127858666703e+04 1.101044735502918411e+04 6.881711183452465775e+03 4.510211069592847707e+03 3.450752314489606761e+03 3.174887204649647174e+03 3.199547676894369943e+03 3.002282665078907485e+03 2.535337474246117836e+03 2.032647935158404380e+03 1.711788286622830583e+03 1.726014060983306990e+03 1.871468088321701543e+03 3.711146160334267279e+03 1.256647203555618762e+04 3.024463451754792459e+03 1.299695235404728237e+03 1.122135983742540247e+03 1.068928493115591209e+03 1.079891882413267012e+03 1.038575592488798520e+03 9.434264365175688454e+02 8.336432894124003496e+02 7.526034307953109419e+02 7.135446268817847795e+02 6.919850788313758585e+02 6.563742127426889965e+02 5.977153488847953895e+02 5.244680211122179117e+02 2.212684214521898684e+04 5.191362156480440171e+04 4.151164927064938820e+04 2.552438399662481606e+04 1.614928501689765471e+04 1.195676437168935263e+04 1.024829460982289311e+04 9.174288028772576581e+03 7.609793218390035690e+03 5.793545599079423482e+03 4.275636930210697756e+03 3.383146757158936452e+03 3.185915515843367302e+03 3.212281368393858884e+03 4.649152915312628465e+03 4.106401874439112362e+03 3.623083485561262933e+03 1.820282883709397538e+03 1.602949482766367055e+03 1.592596154134259450e+03 1.659784583321095624e+03 1.604921413635903718e+03 1.443260268227638562e+03 1.261452607318182800e+03 1.143400291883964655e+03 1.108887992870446851e+03 1.104228617686169855e+03 1.067853835296527905e+03 9.864164954602520083e+02 8.803165200253625926e+02
6.982738939579588987e+03 1.527533373007050977e+04 1.225649831401079064e+04 7.662119030388498686e+03 4.897753220220531148e+03 3.572083948108626373e+03 3.040010889416024838e+03 2.869948976995066459e+03 2.643298184630520154e+03 2.269510569544301688e+03 1.876189085643964972e+03 1.616915604098242056e+03 1.523315280659493965e+03 1.577162439087292114e+03 1.617889865630347913e+03 3.024463451754792459e+03 1.029744315377954263e+04 2.441357416012515387e+03 1.068404249063271891e+03 9.720155405932260919e+02 9.300973012125721198e+02 8.979531352729422906e+02 8.267888415937143236e+02 7.396622039599340042e+02 6.668489627838209799e+02 6.226212319203383458e+02 5.932899228004821452e+02 5.565431884362800474e+02 5.031734608246687230e+02 4.364398060318853823e+02 2.061608196961667272e+04 4.975083364616481413e+04 4.034903960412024026e+04 2.473779483753076056e+04 1.538809994266808644e+04 1.105692488509354553e+04 9.077903923949037562e+03 7.836170876611347921e+03 6.422677941235770049e+03 4.942834292532303152e+03 3.730923245390589727e+03 3.007091003853365692e+03 2.701440292802527438e+03 2.625261639085479146e+03 2.479662387834329820e+03 3.469759912100234033e+03 2.860582633725925007e+03 2.703331369535876092e+03 1.340199105115171278e+03 1.272825127323998913e+03 1.268266085456677956e+03 1.244291146307069084e+03 1.141474227083821916e+03 1.015520510164860525e+03 9.251223247340752778e+02 8.912766025803698540e+02 8.814670873785066760e+02 8.528589973389111947e+02 7.926989573145478971e+02 7.119206357083648982e+02
3.528363398312008030e+03 7.787808220241940944e+03 7.631534271411321242e+03 5.776565794273679785e+03 4.211165776534455290e+03 3.289959760322149123e+03 2.798914688013552222e+03 2.524324373822595589e+03 2.253772970722759055e+03 1.942858438166152609e+03 1.655318618178740735e+03 1.472651405121796870e+03 1.397693002353453267e+03 1.352499516382562888e+03 1.336997207384902140e+03 1.299695235404728237e+03 2.441357416012515387e+03 8.664344700847930653e+03 2.072148025310898447e+03 9.436522417942094307e+02 8.639332863756482084e+02 7.967984907027407644e+02 7.403480719631565989e+02 6.715129365934376438e+02 6.084578788614069254e+02 5.609004287820695254e+02 5.224822419058414198e+02 4.800357233518516864e+02 4.272780916074650577e+02 3.643526637962185077e+02 1.378490036854373830e+04 3.453678730733165867e+04 3.050324578106158151e+04 2.032241659057818470e+04 1.344518103791294561e+04 9.983491615730032208e+03 8.150369932372998846e+03 6.801170106898769518e+03 5.421245881040727909e+03 4.159982142315659075e+03 3.209512498489718382e+03 2.658751257951762454e+03 2.401142394024450368e+03 2.203756023051761986e+03 2.003370030101453722e+03 1.749563990334903792e+03 2.531544464476851317e+03 2.135618377565837363e+03 2.194095664543567182e+03 1.098158079769673577e+03 1.048191405094182755e+03 9.851349446060983155e+02 9.215591492225462389e+02 8.397248568254947259e+02 7.767346700961224997e+02 7.462232511792551577e+02 7.296688705021335863e+02 7.011598909913140005e+02 6.530960655042140388e+02 5.909268436356969687e+02
2.357692636818837002e+02 -4.035901345529168793e+02 1.792640395785950659e+03 3.041395456604681840e+03 3.045455180595769889e+03 2.773342216067459049e+03 2.542550805718556148e+03 2.323791642027663784e+03 2.040603346708019899e+03 1.738794470329535443e+03 1.487982489633116984e+03 1.349035730545909246e+03 1.305643438873497871e+03 1.272548736438408469e+03 1.193129481050903451e+03 1.122135983742540247e+03 1.068404249063271891e+03 2.072148025310898447e+03 7.483533002717074851e+03 1.835427841661461343e+03 8.770474088812404716e+02 7.840614892230748865e+02 6.975346813790606575e+02 6.343153792417824661e+02 5.770621009386654805e+02 5.303783321838716347e+02 4.867579732888557373e+02 4.370068877270147141e+02 3.786439162380577272e+02 3.128831247851645116e+02 7.584273890452283013e+03 1.905558498181120376e+04 1.933980163596728744e+04 1.497371048719925966e+04 1.106967126451301010e+04 8.836215586145011912e+03 7.494719058321314151e+03 6.276531495389554038e+03 4.927356465448001472e+03 3.737911611957596051e+03 2.892161585078768894e+03 2.438420389256305498e+03 2.244396109449361575e+03 2.075128672740584534e+03 1.806797308048934156e+03 1.525851782002156597e+03 1.286220752618743973e+03 2.057146104956553245e+03 1.794832274729235905e+03 1.868881314608001048e+03 9.973175709926550780e+02 9.083737996255927101e+02 8.114158068071758407e+02 7.476709554525518797e+02 7.020019752163464091e+02 6.808850881868768283e+02 6.648098852960397380e+02 6.341902680347830028e+02 5.870568359157603027e+02 5.303686088299507446e+02
-9.237719983785298155e+02 -3.354017967245339605e+03 -5.146929504865152012e+02 1.668713827647974085e+03 2.286662127457640054e+03 2.357950632432726252e+03 2.356502348820886709e+03 2.279012406373391059e+03 2.032503535290241416e+03 1.708932816941116471e+03 1.430261889042451003e+03 1.282613553967154076e+03 1.259778275225806738e+03 1.257532382013112510e+03 1.194749318581817079e+03 1.068928493115591209e+03 9.720155405932260919e+02 9.436522417942094307e+02 1.835427841661461343e+03 6.557339497412797755e+03 1.675856955381697844e+03 8.244073163753714653e+02 7.107742303962877486e+02 6.143511855632295919e+02 5.561013370163898344e+02 5.118985389400360191e+02 4.686214765429825206e+02 4.133805678898168026e+02 3.456820463549870510e+02 2.703917108878451927e+02 5.085059983395451127e+03 1.275363547097137780e+04 1.434627857056468565e+04 1.201367573340014860e+04 9.440498860703559330e+03 7.921616506836018743e+03 7.039492361628462277e+03 6.117942258929953823e+03 4.879192893748148890e+03 3.685676362493616580e+03 2.810962150916363953e+03 2.352588059065228663e+03 2.203365273025732677e+03 2.097676951772917164e+03 1.867529705395672408e+03 1.525005729877512522e+03 1.230398296787556774e+03 1.082428346443652345e+03 1.807390970479933912e+03 1.529154728045540196e+03 1.736995548760075735e+03 9.448604845937500158e+02 8.149070923783447142e+02 7.082801959547771276e+02 6.670292776759235949e+02 6.576548651605448867e+02 6.516856714293430741e+02 6.225172252463814857e+02 5.703382043085716759e+02 5.077322965763979710e+02
1.359685764505959469e+03 1.344544785430362936e+03 2.023958125246168493e+03 2.452075432922202708e+03 2.371229305944472799e+03 2.248788750504131258e+03 2.260760145899087092e+03 2.269970916310152916e+03 2.075468442727179536e+03 1.742273777344039672e+03 1.426930196576273374e+03 1.249837409178144526e+03 1.223777238248745562e+03 1.242936302046176252e+03 1.201521284564717462e+03 1.079891882413267012e+03 9.300973012125721198e+02 8.639332863756482084e+02 8.770474088812404716e+02 1.675856955381697844e+03 5.777296109556244119e+03 1.514293160697024859e+03 7.301780177086091044e+02 6.083233718064707318e+02 5.213881382760378074e+02 4.768787759195730587e+02 4.347054555952653345e+02 3.769789936171875979e+02 3.011990750494838949e+02 2.147510156152636398e+02 8.355405977299276856e+03 1.916084809911769116e+04 1.729881299501844478e+04 1.250078637661915855e+04 9.072835765879499377e+03 7.387183965749915842e+03 6.629164352103745841e+03 5.947151668389953556e+03 4.873193241226288592e+03 3.708441008531523948e+03 2.792447066543157234e+03 2.295143753637337795e+03 2.152987824023589383e+03 2.099104096754847887e+03 1.918505164215212972e+03 1.590997738502225275e+03 1.231728123009390856e+03 1.033359679484239223e+03 9.954075793804538534e+02 1.680579430659116952e+03 1.492165034534825736e+03 1.580152842329712257e+03 8.274615941302215560e+02 6.902535993082008190e+02 6.151455729430554129e+02 6.137977233947087825e+02 6.194388751928325973e+02 5.971011625071117805e+02 5.433104372702709952e+02 4.741739450114316128e+02
3.985262153805648722e+03 7.854003753602965844e+03 6.301382466530674719e+03 4.185259147211140771e+03 2.930337465556123789e+03 2.352693219825730012e+03 2.193298002906077272e+03 2.173629399329603075e+03 2.007409850939031003e+03 1.698730714106151936e+03 1.388713313073774316e+03 1.201787449333854511e+03 1.160762526224316844e+03 1.175383956691565345e+03 1.145311503033199415e+03 1.038575592488798520e+03 8.979531352729422906e+02 7.967984907027407644e+02 7.840614892230748865e+02 8.244073163753714653e+02 1.514293160697024859e+03 5.072355415499451738e+03 1.293199489423997420e+03 5.912885966140095206e+02 4.848350477570422186e+02 4.151239441279839184e+02 3.696822152814429501e+02 3.093827237717558774e+02 2.292209920229212230e+02 1.349570476730521591e+02 1.215369010715931290e+04 2.847187037983279879e+04 2.305534011848987575e+04 1.446603437630215012e+04 9.387323472465512168e+03 7.094679039924860263e+03 6.148839906457589677e+03 5.517717405844428868e+03 4.586951269376057098e+03 3.529850813272574669e+03 2.659669775118407415e+03 2.164566057655110399e+03 2.010211997659805547e+03 1.963434343582946212e+03 1.817843865987684239e+03 1.528979624160171625e+03 1.195483749032585820e+03 9.640370239600930518e+02 8.982238174718756909e+02 9.344299130829217575e+02 1.539753808851363601e+03 1.305143124004590391e+03 1.331588054210413929e+03 6.434108188356599385e+02 5.492708778922069541e+02 5.225754071989972545e+02 5.330750238201781031e+02 5.178748327252779973e+02 4.699428883965711066e+02 4.024384307054277201e+02
4.949110163332336015e+03 1.058005336247662854e+04 8.367030571703493479e+03 5.177799284930817521e+03 3.310128698561903548e+03 2.447397916525950677e+03 2.110966299718982555e+03 1.991387951327696101e+03 1.817312752766526046e+03 1.550873173308217702e+03 1.286921603456841694e+03 1.122082575295070228e+03 1.072066875634640382e+03 1.067356466931759314e+03 1.033201991825451842e+03 9.434264365175688454e+02 8.267888415937143236e+02 7.403480719631565989e+02 6.975346813790606575e+02 7.107742303962877486e+02 7.301780177086091044e+02 1.293199489423997420e+03 4.412678014280014395e+03 1.066614458672548153e+03 4.469605686244552771e+02 3.567119245400770069e+02 2.850998397480639142e+02 2.194619997876385469e+02 1.360729797810994910e+02 3.767241418220928750e+01 1.319396542140970269e+04 3.147621613835691096e+04 2.521577730003490433e+04 1.528981436022819616e+04 9.459186893863523437e+03 6.816657094830243295e+03 5.644144470196228212e+03 4.917277938429557253e+03 4.058401335083283811e+03 3.143706462574432408e+03 2.397200660106739633e+03 1.962830431550939238e+03 1.804028512042475541e+03 1.734612950292068490e+03 1.596850435578991892e+03 1.353700154300257509e+03 1.076084369394901842e+03 8.803703256215719648e+02 7.871067472079163281e+02 7.918415665520642506e+02 8.057325101484573224e+02 1.276419642787448993e+03 9.827963056611854427e+02 1.052646859752880573e+03 4.774945322774405554e+02 4.311928675746474937e+02 4.151080499774643044e+02 4.033205900977276315e+02 3.639648220207121767e+02 3.052999930713457388e+02
3.698452319363745119e+03 8.045489223609725741e+03 6.853130507530018804e+03 4.605016232755699093e+03 3.121871538328606221e+03 2.355064074436259034e+03 1.987468377483815402e+03 1.793570873854569527e+03 1.593766626143718895e+03 1.361157460817228184e+03 1.150287523708666868e+03 1.022533564309204394e+03 9.780225412605167321e+02 9.585146826148127275e+02 9.143563339204064278e+02 8.336432894124003496e+02 7.396622039599340042e+02 6.715129365934376438e+02 6.343153792417824661e+02 6.143511855632295919e+02 6.083233718064707318e+02 5.912885966140095206e+02 1.066614458672548153e+03 3.845236096387116049e+03 8.657071591721370396e+02 3.093852324152828146e+02 2.154887004946046432e+02 1.253906226532478456e+02 3.686274038486689619e+01 -6.541855034823350934e+01 1.061048094886688705e+04 2.591351643963788956e+04 2.163845739698848774e+04 1.370903467349365928e+04 8.750579887483560015e+03 6.361141766354614447e+03 5.175572992621800950e+03 4.360133838070794809e+03 3.513312414602129593e+03 2.711904339316586629e+03 2.095839707718823774e+03 1.745478867885207137e+03 1.603544639962276506e+03 1.514449794035704599e+03 1.370683337307685179e+03 1.158929418338849246e+03 9.355253474148801160e+02 7.815589342289094930e+02 7.042312633170254230e+02 6.721706877650149181e+02 6.551214009514853842e+02 6.149052581493631351e+02 9.849787904985182649e+02 7.815680623966779876e+02 8.384184905491827067e+02 3.641843140258671383e+02 3.255282920538272720e+02 2.921923584200239361e+02 2.588236293256321687e+02 2.093143653035191392e+02
1.483355012640213545e+03 2.859349875978866294e+03 3.392121634159349924e+03 3.060501367308981571e+03 2.490204511310653288e+03 2.081302245331713038e+03 1.832238463399568900e+03 1.647525137855513094e+03 1.436289567661895944e+03 1.215381388395205249e+03 1.032821083921111267e+03 9.308612371814961080e+02 8.997407784638892281e+02 8.808970430216501200e+02 8.324278317945246499e+02 7.526034307953109419e+02 6.668489627838209799e+02 6.084578788614069254e+02 5.770621009386654805e+02 5.561013370163898344e+02 5.213881382760378074e+02 4.848350477570422186e+02 4.469605686244552771e+02 8.657071591721370396e+02 3.358594267114259310e+03 6.800447664587620693e+02 1.642523565486490895e+02 5.355597824605744961e+01 -5.799724606140676997e+01 -1.672593116079358708e+02 6.519828067876045679e+03 1.622194558831762151e+04 1.508149249144684291e+04 1.070577883036877211e+04 7.460384204089379637e+03 5.743166626613345215e+03 4.781242985466827122e+03 3.998258616598297976e+03 3.160590997546655672e+03 2.411674643962510800e+03 1.869162017457069851e+03 1.576620643893738361e+03 1.462906295463916649e+03 1.378704344705255153e+03 1.234972868977904454e+03 1.036203993405979872e+03 8.389400111129789366e+02 7.104057072882408193e+02 6.485437695374150735e+02 6.194734134022614853e+02 5.730744336501206817e+02 5.140561826473834799e+02 4.531274728012250534e+02 7.999041546453236151e+02 5.626012680950409504e+02 7.151507975312899816e+02 2.818965462269626414e+02 2.308645610609220284e+02 1.795895586650684379e+02 1.338150580593514007e+02
2.696242483805753309e+01 -6.337033651396179721e+02 9.029542018456547794e+02 1.808128094202354077e+03 1.892510932849377241e+03 1.781609470211709549e+03 1.686987822661881637e+03 1.572591781033759162e+03 1.377999184703930496e+03 1.153737404759734318e+03 9.677846319779877149e+02 8.679389804321051543e+02 8.459932016157870294e+02 8.385983921362515048e+02 7.955455202666048535e+02 7.135446268817847795e+02 6.226212319203383458e+02 5.609004287820695254e+02 5.303783321838716347e+02 5.118985389400360191e+02 4.768787759195730587e+02 4.151239441279839184e+02 3.567119245400770069e+02 3.093852324152828146e+02 6.800447664587620693e+02 2.930146675521576981e+03 4.889720920865312337e+02 -3.961053674848570516e+00 -1.365910128954442371e+02 -2.701362278745214667e+02 3.788747056466537288e+03 9.625028510467029264e+03 1.032788537519219608e+04 8.291805170589565023e+03 6.298817728649073615e+03 5.147746433474647347e+03 4.475500814243836430e+03 3.831200335072299822e+03 3.040933329074838184e+03 2.302578088354180181e+03 1.765582743047315944e+03 1.483520053483630818e+03 1.390617417421719892e+03 1.331267619616155571e+03 1.202909875914631812e+03 1.007517535405097988e+03 8.088415564961761675e+02 6.816069903636202980e+02 6.273749143009904401e+02 6.085766546244842630e+02 5.687257149544922186e+02 4.867543171903573125e+02 4.053579995557229267e+02 3.498092403738178291e+02 6.666612862783539413e+02 5.195989966771005584e+02 6.059882349738652465e+02 2.128158670852635055e+02 1.440971838455583907e+02 7.871104535171249950e+01
