1.059243452405700833e+08 1.320127797662460990e+07 1.465747028025070031e+05 -8.499114815681471373e+04 -9.594562178395976662e+04 -7.628816114663935150e+04 -7.177525209115503822e+04 -5.621480105880078918e+04 -2.375859448810181493e+04 5.718791367958256160e+02 6.575122635135034216e+03 -5.983205153765414252e+03 -1.822793693348891247e+04 -1.753717375302441360e+04 -4.583134731253472637e+03 1.071566356933610950e+04 1.421060477269857802e+04 5.969207832975493147e+03 -4.252772806852876784e+03 -9.762533626234951953e+03 -3.818096487259344030e+03 4.838270701649626062e+03 1.009627058120283982e+04 8.112246558267252112e+03 1.785582286999680264e+03 -3.376849976853092812e+03 -3.119777390744317472e+03 8.639130085208450964e+02 4.996883543555465621e+03 5.932019184216474969e+03 6.085451980702945590e+07 3.228118944059335440e+07 1.250940121000522282e+06 3.114045576209218707e+05 9.884240446835156763e+04 7.497799209709525167e+04 5.275798439487765427e+04 5.025252556531278242e+04 7.138762866681421292e+04 8.393574738424192765e+04 7.635249637705585337e+04 4.736132355371994345e+04 2.277163106652282659e+04 1.886198149115838169e+04 3.332110672796546714e+04 5.132073310565920110e+04 5.177201279496188363e+04 3.532581752101410530e+04 1.698806051383533486e+04 6.565644355701813765e+03 1.423429086433286102e+04 2.597548005652975553e+04 3.238881179680021160e+04 2.762691736714942817e+04 1.637203200752998237e+04 7.261450397923761557e+03 6.891978075110433565e+03 1.243111153950472362e+04 1.818033585154889442e+04 1.887135648706629581e+04
1.320127797662460990e+07 4.023396275250604749e+07 3.664541076648870483e+06 -1.394438951171884546e+05 -1.280225418913214817e+05 -1.363509350045035244e+05 -1.366122010113911820e+05 -1.091176128131098812e+05 -4.325773015337606193e+04 1.100279512587666613e+04 2.305633613127726858e+04 -5.735171746983154662e+03 -3.670987857771739073e+04 -3.801195684531294683e+04 -9.409906453189334570e+03 2.508059430947972214e+04 3.476869233022771368e+04 1.672087653159704132e+04 -8.305396804187741509e+03 -2.112414641536818090e+04 -9.657643889911210863e+03 1.088663818598247235e+04 2.338920077343859157e+04 1.967048193787686614e+04 5.095831851002685653e+03 -7.115846928816479704e+03 -7.420628488403972369e+03 1.619875015638910099e+03 1.126528293218188628e+04 1.395180859680929279e+04 9.245420628729909658e+06 2.405769746621765941e+07 8.663655587553668767e+06 6.587630229022997664e+05 3.627595844239563448e+05 2.131910216876566410e+05 1.526479487454537884e+05 1.401106965265771723e+05 1.814802947646438261e+05 2.123489904089611373e+05 1.938899883844961296e+05 1.277723568261274486e+05 6.665547664026787970e+04 5.310033142262196634e+04 8.456035027524409816e+04 1.246753327215983882e+05 1.280962993333214981e+05 9.139828600722015835e+04 4.652964937672810629e+04 2.222748380919051124e+04 3.601043743812938919e+04 6.375758065897926281e+04 7.881424985191438464e+04 6.893667254694012809e+04 4.282290089492834522e+04 2.120805411396658747e+04 1.874822662237703116e+04 3.109758486674095184e+04 4.431999289461871376e+04 4.658734356217656750e+04
1.465747028025070031e+05 3.664541076648870483e+06 1.153739187006762438e+07 9.650235024273060262e+05 -9.390682060939146322e+04 -9.639994435198081192e+04 -1.066830606923679006e+05 -8.478556164847311447e+04 -3.803719169656126178e+04 4.152436648023233829e+03 1.649139610781059309e+04 5.043857129719948773e+01 -2.111794570348646084e+04 -2.407526968688787019e+04 -6.109079738950082174e+03 1.670864583303836116e+04 2.504399943051159789e+04 1.481042438781638339e+04 -2.151923385480141405e+03 -1.110262469260879880e+04 -5.368999891869232670e+03 7.864389356665857122e+03 1.672834297720173345e+04 1.507691218520156326e+04 5.908425089143593141e+03 -2.380314890464755990e+03 -3.452270541130124457e+03 1.960642758989282811e+03 8.300564742313368697e+03 1.062849062260785831e+04 2.733513535183425993e+05 4.600949637912319973e+06 7.142711245933820494e+06 2.437680161573633552e+06 3.186186083292972762e+05 2.127582073253618728e+05 1.385504139412703807e+05 1.251592852334746276e+05 1.456531203178881842e+05 1.667907891715253354e+05 1.559022408712252509e+05 1.134482778055050294e+05 6.989958122247600113e+04 5.509722763643451617e+04 7.149546254122295068e+04 9.544184530630755762e+04 9.910342598223729874e+04 7.668783460290406947e+04 4.573648258475794864e+04 2.817003862899620435e+04 3.331668264997244114e+04 5.007932480018680508e+04 6.025609949739099829e+04 5.456408175347275392e+04 3.778616374635670218e+04 2.286165987716987729e+04 1.943700520657119705e+04 2.623428181333298562e+04 3.452226291926161502e+04 3.663582276464684401e+04
-8.499114815681471373e+04 -1.394438951171884546e+05 9.650235024273060262e+05 3.596885332544874400e+06 3.133251594603344565e+05 -5.765461136747933051e+04 -6.158318921656605380e+04 -5.241654028196379659e+04 -2.611620376056095120e+04 -2.430388923658711519e+03 7.109625049386237151e+03 1.885177955297116796e+03 -7.235875703284442352e+03 -9.407549884522148204e+03 -2.128481705645313014e+03 8.155913946384176597e+03 1.283441354674283502e+04 9.358943438712965872e+03 2.055372600440487531e+03 -2.471693335069238856e+03 -7.908984907803392161e+02 4.554413153165753101e+03 8.730615384583994455e+03 8.515889607568735300e+03 4.796311073138507709e+03 1.013954003041809983e+03 5.097760818811164540e+01 1.990903035636757068e+03 4.725462214730589039e+03 6.027588808844313462e+03 1.322755800780193531e+05 3.949897963614910841e+05 1.637345078685312532e+06 2.099077779495319352e+06 8.243921255204798654e+05 1.417928589562773122e+05 1.025305270804698812e+05 8.285792316126657533e+04 8.893210348759609042e+04 9.651727913871972123e+04 9.237024607759961509e+04 7.401232991340398439e+04 5.335830039114833198e+04 4.324811807060545834e+04 4.671753157994020148e+04 5.508185099260066636e+04 5.653952464465524827e+04 4.741126651470757497e+04 3.351524733163890778e+04 2.421989468000584020e+04 2.429103319364009076e+04 2.995975915327790790e+04 3.413768579836352001e+04 3.199820102863763168e+04 2.485620735235593747e+04 1.783545917250309139e+04 1.521836779830997330e+04 1.710587705502825702e+04 2.030038392961848876e+04 2.140412105370793142e+04
-9.594562178395976662e+04 -1.280225418913214817e+05 -9.390682060939146322e+04 3.133251594603344565e+05 1.377217900312002748e+06 1.213838071782203042e+05 -3.850262312549543276e+04 -3.222133083734953834e+04 -1.888965994559857791e+04 -5.092468340260978948e+03 1.564444414420003341e+03 1.071496011904127954e+03 -2.075227521307703682e+03 -3.035935429085332999e+03 -2.900143370510485283e+02 4.014381797699721574e+03 6.393004592140054228e+03 5.554988067143915032e+03 2.826824904468818659e+03 7.562674352977096532e+02 9.923395882822976546e+02 2.859765857177758335e+03 4.576095202247457564e+03 4.758903807603406676e+03 3.451988429057890244e+03 1.881526656638174245e+03 1.247479961563372626e+03 1.774455810988333724e+03 2.800769638410120933e+03 3.413868832844213102e+03 1.112498964017639228e+05 3.058422157600796781e+05 2.607176639863225864e+05 6.250256065926842857e+05 7.567459902981824707e+05 3.406711617932716617e+05 6.808827882670109102e+04 5.795036529770375637e+04 5.438332362675924378e+04 5.620131790588020522e+04 5.408334178948441695e+04 4.696276128632799373e+04 3.814586977253454825e+04 3.228789038036425336e+04 3.122408822890245938e+04 3.273565820925790467e+04 3.262023000558366402e+04 2.906162982356862631e+04 2.338896001467634414e+04 1.881291823837580159e+04 1.749233477805587609e+04 1.858559384956355279e+04 1.970144987619608219e+04 1.887780912563444144e+04 1.608781957486740794e+04 1.300837776538555408e+04 1.132808711154528646e+04 1.138701069599488437e+04 1.226175268174778466e+04 1.261851780422809315e+04
-7.628816114663935150e+04 -1.363509350045035244e+05 -9.639994435198081192e+04 -5.765461136747933051e+04 1.213838071782203042e+05 6.671090764468662674e+05 5.533165785025051446e+04 -2.377370224923487694e+04 -1.431855846480484252e+04 -6.121754470288036828e+03 -1.113947625364793339e+03 -1.705531903887102771e+02 -8.216403511657808849e+02 -8.890167639113949463e+02 4.445343176216791790e+02 2.400853808988178116e+03 3.616894862598528562e+03 3.540549627501526629e+03 2.558389162820575621e+03 1.649875407987148719e+03 1.558175365615700912e+03 2.155815136596885168e+03 2.836490258808034014e+03 3.001088244012006271e+03 2.563921898791300009e+03 1.907431981435290709e+03 1.531019920026501040e+03 1.610509388627432600e+03 1.958893130835762349e+03 2.205468082141284867e+03 8.333560529114931705e+04 2.256040572996323463e+05 2.001164327212701028e+05 1.279052458348510700e+05 2.756836884830601630e+05 3.596405438037187560e+05 1.769511057363344589e+05 4.283044073977613880e+04 4.066155634093056869e+04 3.805885493420940475e+04 3.638080992273731681e+04 3.319134972490768996e+04 2.945380431317253897e+04 2.617230581183450704e+04 2.417192961903889227e+04 2.317821325984848227e+04 2.212391067884060612e+04 2.034342522545599422e+04 1.784479555578526924e+04 1.550102397086163546e+04 1.410601894056118181e+04 1.363482699260658410e+04 1.348776822504328084e+04 1.291206667091654344e+04 1.171130864730641406e+04 1.026878675541896337e+04 9.195580576313926940e+03 8.749143033388447293e+03 8.731173760919908091e+03 8.654368556220484606e+03
-7.177525209115503822e+04 -1.366122010113911820e+05 -1.066830606923679006e+05 -6.158318921656605380e+04 -3.850262312549543276e+04 5.533165785025051446e+04 3.807049294403230306e+05 2.949512294586529606e+04 -1.100678717915459856e+04 -4.682601094081624979e+03 -1.824904802999848698e+03 -8.370990884262403142e+02 -5.323463351482953385e+02 1.766139061370982688e+02 1.293235045907936410e+03 2.300192633508753715e+03 2.709442798809926899e+03 2.605392843051040472e+03 2.247785537063600714e+03 1.981727119505129849e+03 1.990470746115581278e+03 2.145585030710139108e+03 2.286062421441152310e+03 2.261241174276431593e+03 2.069559564259393483e+03 1.832390527581358810e+03 1.680481925851489450e+03 1.654961241862188217e+03 1.702154625487117755e+03 1.702788100202091755e+03 5.968033681095937209e+04 1.622912539599706361e+05 1.464467692577584530e+05 1.007822929747800808e+05 6.575579796460358193e+04 1.513601732845609076e+05 1.954411874859746313e+05 1.056611763483360701e+05 3.380784493843255041e+04 3.198151064882424180e+04 2.835605031897224035e+04 2.600000796468427870e+04 2.432895145851182315e+04 2.298568765071626331e+04 2.144247724754020601e+04 1.962811122333585809e+04 1.771413433937323134e+04 1.609869519473164837e+04 1.474653943544114009e+04 1.363181564761461414e+04 1.267596512495878051e+04 1.177146037727160729e+04 1.095771514125419708e+04 1.018866247974902035e+04 9.444637650310171011e+03 8.751025866657906590e+03 8.149414681448943156e+03 7.661748162326112833e+03 7.269151003500661318e+03 6.869424259154713582e+03
-5.621480105880078918e+04 -1.091176128131098812e+05 -8.478556164847311447e+04 -5.241654028196379659e+04 -3.222133083734953834e+04 -2.377370224923487694e+04 2.949512294586529606e+04 2.217648918464767048e+05 2.010570657624466185e+04 -2.304984079879424826e+03 -5.549880149894519263e+02 -6.880529683378138088e+02 -2.470073974692295735e+02 9.074304677208153862e+02 2.221750250814430728e+03 2.899519966174838373e+03 2.748371072595667101e+03 2.307691480809767199e+03 2.035430438277216126e+03 2.105063999488720583e+03 2.335490972957225495e+03 2.416190898841538001e+03 2.276032798410342366e+03 2.014562056647063855e+03 1.802658879196854741e+03 1.726887143834247127e+03 1.749219537193452652e+03 1.754577301596640154e+03 1.681823689396629561e+03 1.521284638351002286e+03 5.707690430665478925e+04 1.495079320034941193e+05 1.323887949473120389e+05 8.836050751670566387e+04 5.993320803887239890e+04 4.464623975469855213e+04 9.526885928541579051e+04 1.134956966442490375e+05 6.773155125243091607e+04 2.773265815419503633e+04 2.442936706909057830e+04 2.084957175420910789e+04 1.981691102189012236e+04 1.980063692757375247e+04 1.936422987770458349e+04 1.771470782168888400e+04 1.530490302005556077e+04 1.330392596418413814e+04 1.217203669295298096e+04 1.175427229623777748e+04 1.141430180177087823e+04 1.066194621482239017e+04 9.588691380556892909e+03 8.527608117398774993e+03 7.785644516081943038e+03 7.398950433531077579e+03 7.172076820320332445e+03 6.854448089485844321e+03 6.375083807369117494e+03 5.782181852311002331e+03
-2.375859448810181493e+04 -4.325773015337606193e+04 -3.803719169656126178e+04 -2.611620376056095120e+04 -1.888965994559857791e+04 -1.431855846480484252e+04 -1.100678717915459856e+04 2.010570657624466185e+04 1.301303900681308005e+05 1.516857197709410320e+04 5.210632283184561402e+02 4.183901930582297268e+01 -1.608824134509403692e+01 1.114349706676908681e+03 2.433339410210731330e+03 3.048885233474381948e+03 2.734453336929072975e+03 2.132034724905113308e+03 1.796659037583707232e+03 1.931270501180931660e+03 2.256101702583460792e+03 2.369020108804896154e+03 2.173342092864731967e+03 1.818164830825765193e+03 1.555880993800337365e+03 1.503856073180113981e+03 1.585438902597952620e+03 1.631289136258357530e+03 1.547248946564003745e+03 1.344985958346098869e+03 7.762810486828119610e+04 1.901268508980278857e+05 1.522304991174331517e+05 9.367116960404452402e+04 5.869916751034392655e+04 4.378116992296250828e+04 3.656638594856523559e+04 6.359156586653411068e+04 6.916733461202360922e+04 4.348007769829136669e+04 1.913871918068383820e+04 1.616906944485928034e+04 1.479149815010340899e+04 1.531066718060290805e+04 1.564783064038547309e+04 1.466012111745643051e+04 1.251193241683586530e+04 1.050862209999773768e+04 9.396752425923903502e+03 9.223961249977521220e+03 9.268208089657269738e+03 8.840733395211907919e+03 7.906663723901228877e+03 6.831091337868515438e+03 6.072987872917123241e+03 5.775627422484292765e+03 5.724785809038497973e+03 5.584315352282781532e+03 5.199915122693158992e+03 4.624527755707876167e+03
5.718791367958256160e+02 1.100279512587666613e+04 4.152436648023233829e+03 -2.430388923658711519e+03 -5.092468340260978948e+03 -6.121754470288036828e+03 -4.682601094081624979e+03 -2.304984079879424826e+03 1.516857197709410320e+04 7.771091202819906175e+04 1.010599765918726189e+04 3.103952043427705121e+02 1.901839334431574855e+02 8.537440806195129426e+02 1.938238883068318955e+03 2.497250334981626565e+03 2.298071876461253396e+03 1.807623252276410767e+03 1.494259789505370009e+03 1.571326573781683237e+03 1.835469160070309727e+03 1.949140016752596921e+03 1.805713125216749631e+03 1.509570980167627113e+03 1.272027539727035673e+03 1.209443086892794327e+03 1.270459912863344016e+03 1.313200325392650484e+03 1.252238549273656645e+03 1.086994719841899496e+03 8.876404360723149148e+04 2.189576432838806068e+05 1.717099912084960961e+05 9.996251665312939440e+04 5.926737982997749350e+04 4.135185565829480765e+04 3.456487999385431613e+04 2.962009083066009771e+04 4.135410684010008117e+04 3.977906646409170935e+04 2.610698812049061235e+04 1.143570856995399299e+04 1.060943742327238215e+04 1.080694112596374544e+04 1.133062646453878187e+04 1.086084693955080365e+04 9.388868491842742515e+03 7.856224085851614291e+03 6.926006293802769505e+03 6.766199319040008049e+03 6.865657655463171977e+03 6.640302882000366480e+03 5.987186259905356565e+03 5.151740772643663149e+03 4.516341648688488931e+03 4.251316799514183003e+03 4.221361801516917694e+03 4.151429367099968658e+03 3.891988267085791449e+03 3.454550055355883615e+03
6.575122635135034216e+03 2.305633613127726858e+04 1.649139610781059309e+04 7.109625049386237151e+03 1.564444414420003341e+03 -1.113947625364793339e+03 -1.824904802999848698e+03 -5.549880149894519263e+02 5.210632283184561402e+02 1.010599765918726189e+04 4.942272503686424898e+04 6.409751808756703213e+03 9.494442104203670851e+01 5.161200335521009492e+02 1.184039048495953466e+03 1.679634475143162035e+03 1.655424285516106465e+03 1.386796218075664683e+03 1.171763694791013222e+03 1.190136418113307627e+03 1.343622632148458479e+03 1.423018214180809991e+03 1.345576903507226689e+03 1.159125869466002769e+03 9.934249897068166320e+02 9.305556262172455035e+02 9.499609124398432414e+02 9.660955955409821172e+02 9.224559807511748204e+02 8.111438367352754994e+02 7.950835905537294457e+04 1.979770340973559651e+05 1.586884533453347685e+05 9.419123489877654356e+04 5.577763144818175351e+04 3.832710688731406117e+04 3.038546209390667354e+04 2.572488152964432084e+04 1.992046265672213485e+04 2.480180835937110169e+04 2.455082653479376313e+04 1.588282912420551474e+04 7.313003507548854031e+03 7.528777892253126993e+03 7.718928109915726054e+03 7.534227273881871952e+03 6.691575464952999027e+03 5.748950371770055426e+03 5.100551515126784579e+03 4.911961795385479491e+03 4.911528802378838009e+03 4.747606901464409020e+03 4.332809891691002122e+03 3.786189643300244825e+03 3.337343109449445819e+03 3.108596100593128085e+03 3.039801064889045847e+03 2.967227829562760235e+03 2.789410684752894667e+03 2.494593149463002646e+03
-5.983205153765414252e+03 -5.735171746983154662e+03 5.043857129719948773e+01 1.885177955297116796e+03 1.071496011904127954e+03 -1.705531903887102771e+02 -8.370990884262403142e+02 -6.880529683378138088e+02 4.183901930582297268e+01 3.103952043427705121e+02 6.409751808756703213e+03 3.415825271771087864e+04 4.433102490031452362e+03 3.005478653739371566e+02 7.897909024244238481e+02 1.118007264033040201e+03 1.194310016910835202e+03 1.085029847448686269e+03 9.740479381284010287e+02 9.773112973245963531e+02 1.052248603131621167e+03 1.083918635582326488e+03 1.031493810941345828e+03 9.199579484508828955e+02 8.185044000648110796e+02 7.701755429958332115e+02 7.618026155678619489e+02 7.477331024760358105e+02 7.024710137977249360e+02 6.207881961065081668e+02 4.940662334554416884e+04 1.301479003361228388e+05 1.147447959419650433e+05 7.467203856606176123e+04 4.768198205473537382e+04 3.421658386243734276e+04 2.712537220614717444e+04 2.175679796074872138e+04 1.659817766692051009e+04 1.174587413939211001e+04 1.545935063987750982e+04 1.472676601503482016e+04 1.098331722635075130e+04 5.584493825198818740e+03 5.772159239190234075e+03 5.532545680753743000e+03 5.045989529015736480e+03 4.494089675686624105e+03 4.087166762994993860e+03 3.909075188416176843e+03 3.820315087716225207e+03 3.640784727715832560e+03 3.339826125373124796e+03 2.977983414812091723e+03 2.671684531590118240e+03 2.483668103516433803e+03 2.382059496547826711e+03 2.281483788738939438e+03 2.131415554688149314e+03 1.915670400302862163e+03
-1.822793693348891247e+04 -3.670987857771739073e+04 -2.111794570348646084e+04 -7.235875703284442352e+03 -2.075227521307703682e+03 -8.216403511657808849e+02 -5.323463351482953385e+02 -2.470073974692295735e+02 -1.608824134509403692e+01 1.901839334431574855e+02 9.494442104203670851e+01 4.433102490031452362e+03 2.529071310507784801e+04 3.675631583923840935e+03 8.704879855167203004e+02 1.120622277712524919e+03 1.078981952906766764e+03 9.956077784229893268e+02 9.464154649006029558e+02 9.917649917253103240e+02 1.054355710706546688e+03 1.041638327584444141e+03 9.549887077267860604e+02 8.462399793946785849e+02 7.740178211322479456e+02 7.515433010757874399e+02 7.444916424178684338e+02 7.099743422046026353e+02 6.436246958703475229e+02 5.561771248306642974e+02 2.464489159798150649e+04 6.878716768145127571e+04 7.098155278815937345e+04 5.381824641033423541e+04 3.864150378116557840e+04 3.021403458073814545e+04 2.516457604364214058e+04 2.043826694183810469e+04 1.520652958911888345e+04 1.088134730910767030e+04 7.723785900867205783e+03 1.081123414204270739e+04 1.097300957311717866e+04 8.887569668803254899e+03 5.181019389489993046e+03 5.017072220513085995e+03 4.432935804730379459e+03 3.973973128262179671e+03 3.697463855562028129e+03 3.614478631148942441e+03 3.541226418433653635e+03 3.331315220560543821e+03 3.011556283418479325e+03 2.677377101553842294e+03 2.427912463940104772e+03 2.286075453989319612e+03 2.195764803851698616e+03 2.078671150803172168e+03 1.913285103356263789e+03 1.701276034603060907e+03
-1.753717375302441360e+04 -3.801195684531294683e+04 -2.407526968688787019e+04 -9.407549884522148204e+03 -3.035935429085332999e+03 -8.890167639113949463e+02 1.766139061370982688e+02 9.074304677208153862e+02 1.114349706676908681e+03 8.537440806195129426e+02 5.161200335521009492e+02 3.005478653739371566e+02 3.675631583923840935e+03 1.929119985007275682e+04 3.526948604250074823e+03 1.370627008548165122e+03 1.222003789321270233e+03 1.011757571963408282e+03 9.716836480306717476e+02 1.075340865586079417e+03 1.178508795124617791e+03 1.148529065040193700e+03 1.009208455147503173e+03 8.571038951789823841e+02 7.798947722529549083e+02 7.814693912502079911e+02 7.967426432164593280e+02 7.609602386309786652e+02 6.736359393260918296e+02 5.637234317587804071e+02 2.108341389103695110e+04 5.584665476844071236e+04 5.676156482717621111e+04 4.414067656311833707e+04 3.306075837609801965e+04 2.709345544126872119e+04 2.391287471900638047e+04 2.048219469710390695e+04 1.575834819887426966e+04 1.122961807516751287e+04 8.022135246825513605e+03 6.198566502578275504e+03 9.042917912193370285e+03 8.884992764418901061e+03 7.894919009513123456e+03 4.987037935550127258e+03 4.345780483859134620e+03 3.708383824726684452e+03 3.461969071656309097e+03 3.504823473930419368e+03 3.544076521087663423e+03 3.348907207348402153e+03 2.969324226152289611e+03 2.572078308939762792e+03 2.314062216852339134e+03 2.215160307381104303e+03 2.174540847639620551e+03 2.073748911352548021e+03 1.889283339345176955e+03 1.646651827178392750e+03
-4.583134731253472637e+03 -9.409906453189334570e+03 -6.109079738950082174e+03 -2.128481705645313014e+03 -2.900143370510485283e+02 4.445343176216791790e+02 1.293235045907936410e+03 2.221750250814430728e+03 2.433339410210731330e+03 1.938238883068318955e+03 1.184039048495953466e+03 7.897909024244238481e+02 8.704879855167203004e+02 3.526948604250074823e+03 1.483459431790978488e+04 3.186311613596547431e+03 1.302552256738539654e+03 1.035708507990705129e+03 9.302195159233525601e+02 1.058009320961198682e+03 1.198923006434455601e+03 1.186429757606779503e+03 1.032128688406646233e+03 8.505440970092190582e+02 7.558607326365490735e+02 7.633261622299858118e+02 7.975426381411359671e+02 7.759901929772963740e+02 6.892301502469495063e+02 5.708439246623513554e+02 3.576439630115059845e+04 8.775681839162737015e+04 7.364432743737380952e+04 4.800790218610089505e+04 3.227039315023877862e+04 2.526281418119739101e+04 2.247735643625376542e+04 2.012884660535536386e+04 1.615881459634137718e+04 1.178087485152667796e+04 8.288968491145646112e+03 6.424717824920431667e+03 5.816363400659056424e+03 8.061224586570750034e+03 7.524149626105521747e+03 6.665716348037478383e+03 4.034632869300937273e+03 3.383841157677024967e+03 3.063795884068134910e+03 3.182506209963402398e+03 3.328829659887273920e+03 3.202342029146914683e+03 2.823944915583245347e+03 2.391865445559613363e+03 2.115379513681452408e+03 2.039575173423080059e+03 2.046419750218255103e+03 1.983786103814368744e+03 1.810523426234490671e+03 1.560309929455137990e+03
1.071566356933610950e+04 2.508059430947972214e+04 1.670864583303836116e+04 8.155913946384176597e+03 4.014381797699721574e+03 2.400853808988178116e+03 2.300192633508753715e+03 2.899519966174838373e+03 3.048885233474381948e+03 2.497250334981626565e+03 1.679634475143162035e+03 1.118007264033040201e+03 1.120622277712524919e+03 1.370627008548165122e+03 3.186311613596547431e+03 1.120433952663279524e+04 2.435979238556567907e+03 9.367654313105344954e+02 8.186547677285905138e+02 8.909274845424929481e+02 1.031071905585698232e+03 1.047161691882099603e+03 9.307726825294394075e+02 7.695100006966190449e+02 6.719981230651735586e+02 6.677097719562860902e+02 7.006953292142666214e+02 6.952655421219017171e+02 6.316287559025461178e+02 5.330195929092578808e+02 5.349084491291720769e+04 1.275397519172751054e+05 9.739768168282241095e+04 5.627415289902401855e+04 3.369304194707202259e+04 2.415243626189936185e+04 2.053269855336507317e+04 1.836604340007047722e+04 1.507833114380269581e+04 1.121928491141141058e+04 7.990596923417921062e+03 6.111906074723516213e+03 5.569541503384265525e+03 5.422271390645668362e+03 6.696302098103366006e+03 5.937470246925036918e+03 4.744283258738349105e+03 2.777234586201773709e+03 2.515944128558742705e+03 2.587446196293240973e+03 2.762994215617284681e+03 2.707137730628801364e+03 2.412501690696974038e+03 2.038384777897067124e+03 1.785400747048068752e+03 1.715855878569623883e+03 1.736235290928001177e+03 1.705154837828437167e+03 1.571554938799066349e+03 1.361618559441440539e+03
1.421060477269857802e+04 3.476869233022771368e+04 2.504399943051159789e+04 1.283441354674283502e+04 6.393004592140054228e+03 3.616894862598528562e+03 2.709442798809926899e+03 2.748371072595667101e+03 2.734453336929072975e+03 2.298071876461253396e+03 1.655424285516106465e+03 1.194310016910835202e+03 1.078981952906766764e+03 1.222003789321270233e+03 1.302552256738539654e+03 2.435979238556567907e+03 8.356928754130640300e+03 1.717781153972870470e+03 6.578462709010619847e+02 6.881333531350044268e+02 7.690793225039726622e+02 8.019854261445393604e+02 7.396591818950246306e+02 6.315488773810272960e+02 5.531028018205154240e+02 5.367161095885919622e+02 5.542402892004357682e+02 5.546175723921833196e+02 5.167541457838131009e+02 4.501791830596822592e+02 5.330195949459476105e+04 1.300171040699994192e+05 1.002999193402729579e+05 5.719424754739570199e+04 3.315849575153420301e+04 2.272012071180880594e+04 1.826996584592208819e+04 1.565852901729245423e+04 1.268770993913084567e+04 9.538767183306921652e+03 6.946270709094928861e+03 5.417463118249734180e+03 4.827173717619718445e+03 4.643746049295579724e+03 4.226072821417526939e+03 4.766607504309131400e+03 3.714645016302919430e+03 3.139110303978563479e+03 1.895532742856400091e+03 1.950905454247709258e+03 2.050144942930641264e+03 2.036444671440378443e+03 1.851495603996879481e+03 1.594787628411909736e+03 1.405611304120010573e+03 1.340772119553239008e+03 1.346308267618959235e+03 1.325370540929332492e+03 1.234725466053979744e+03 1.087367623949663994e+03
5.969207832975493147e+03 1.672087653159704132e+04 1.481042438781638339e+04 9.358943438712965872e+03 5.554988067143915032e+03 3.540549627501526629e+03 2.605392843051040472e+03 2.307691480809767199e+03 2.132034724905113308e+03 1.807623252276410767e+03 1.386796218075664683e+03 1.085029847448686269e+03 9.956077784229893268e+02 1.011757571963408282e+03 1.035708507990705129e+03 9.367654313105344954e+02 1.717781153972870470e+03 6.467409667253700718e+03 1.317258780637158452e+03 5.679769479634619529e+02 6.110379030435663026e+02 6.152073902199472286e+02 5.793544996220248322e+02 5.120888766205882803e+02 4.612337920367344850e+02 4.467906833787808978e+02 4.519351868477347125e+02 4.450700907196954859e+02 4.145879016357721412e+02 3.658800360580504503e+02 3.633299473619351920e+04 9.252666233194952656e+04 7.722281710011450923e+04 4.758372677142151224e+04 2.922411245251094078e+04 2.060834638774883570e+04 1.635406873625178923e+04 1.340138430530391634e+04 1.047548886259669962e+04 7.827975470829775077e+03 5.834884971815492463e+03 4.695644221252387069e+03 4.202097260411443131e+03 3.885888142486565812e+03 3.475552607988540331e+03 2.837392764708767118e+03 3.102076445055515251e+03 2.399205071902764757e+03 2.270781629165565391e+03 1.491765473770720291e+03 1.561191389220823112e+03 1.526526853692144186e+03 1.412519553265483864e+03 1.248438526064320058e+03 1.121587075426070442e+03 1.067964103420601532e+03 1.057477273451159363e+03 1.031031537524736450e+03 9.626028386800267072e+02 8.563709524369187420e+02
-4.252772806852876784e+03 -8.305396804187741509e+03 -2.151923385480141405e+03 2.055372600440487531e+03 2.826824904468818659e+03 2.558389162820575621e+03 2.247785537063600714e+03 2.035430438277216126e+03 1.796659037583707232e+03 1.494259789505370009e+03 1.171763694791013222e+03 9.740479381284010287e+02 9.464154649006029558e+02 9.716836480306717476e+02 9.302195159233525601e+02 8.186547677285905138e+02 6.578462709010619847e+02 1.317258780637158452e+03 5.247927296605869742e+03 1.171935789049425694e+03 5.883837312094192384e+02 5.671863877419355049e+02 5.032162650255393146e+02 4.465264020703519918e+02 4.172301815885782617e+02 4.187074438522336095e+02 4.231044234180110379e+02 4.033047322345537395e+02 3.612063478371411520e+02 3.095636940520913640e+02 1.780998079140100162e+04 4.738709194576159643e+04 4.605262792453088332e+04 3.352934353577163711e+04 2.342308802802960054e+04 1.799018808807434834e+04 1.489121844196924940e+04 1.217697753408214521e+04 9.289153547193829581e+03 6.830960428209424208e+03 5.115793897154860133e+03 4.210412322170919651e+03 3.844897049721535495e+03 3.563540360651699302e+03 3.109438248995296817e+03 2.532405489783508983e+03 1.940209359675711084e+03 2.264326492100839459e+03 1.766578159213976051e+03 1.902249531345229798e+03 1.347598196035794444e+03 1.318426936630703040e+03 1.193358784242565889e+03 1.063361931656222168e+03 9.714861032765704749e+02 9.371895326958342594e+02 9.264045002874632928e+02 8.919691232621929657e+02 8.226730257891695146e+02 7.229775278364747919e+02
-9.762533626234951953e+03 -2.112414641536818090e+04 -1.110262469260879880e+04 -2.471693335069238856e+03 7.562674352977096532e+02 1.649875407987148719e+03 1.981727119505129849e+03 2.105063999488720583e+03 1.931270501180931660e+03 1.571326573781683237e+03 1.190136418113307627e+03 9.773112973245963531e+02 9.917649917253103240e+02 1.075340865586079417e+03 1.058009320961198682e+03 8.909274845424929481e+02 6.881333531350044268e+02 5.679769479634619529e+02 1.171935789049425694e+03 4.470245652824741228e+03 1.152851956496724824e+03 6.210711558629207047e+02 5.275143410815272773e+02 4.395297626415836021e+02 4.151565347725197626e+02 4.333821595999989995e+02 4.483147510101391617e+02 4.223083237385349094e+02 3.645222639282198998e+02 2.984460839845620512e+02 7.535456464133563713e+03 2.334583811413036892e+04 2.873903289661442250e+04 2.443376363044574828e+04 1.899380388700166804e+04 1.575825812954441062e+04 1.387136672911941241e+04 1.184638247411070552e+04 9.191836496634208743e+03 6.728173105444648172e+03 4.963124688320471250e+03 4.051362037592504748e+03 3.771468654156496086e+03 3.612437281673141115e+03 3.231570516503129511e+03 2.617905398755038732e+03 2.003472460271349519e+03 1.583744597800679458e+03 1.951136453671346999e+03 1.600913015155553921e+03 1.839435836989951895e+03 1.335028087242889796e+03 1.196558092058268358e+03 1.024902706843454325e+03 9.340882634913544962e+02 9.191308704621541210e+02 9.277501948705072436e+02 8.960677264081789417e+02 8.160740284131192084e+02 6.992952767336932993e+02
-3.818096487259344030e+03 -9.657643889911210863e+03 -5.368999891869232670e+03 -7.908984907803392161e+02 9.923395882822976546e+02 1.558175365615700912e+03 1.990470746115581278e+03 2.335490972957225495e+03 2.256101702583460792e+03 1.835469160070309727e+03 1.343622632148458479e+03 1.052248603131621167e+03 1.054355710706546688e+03 1.178508795124617791e+03 1.198923006434455601e+03 1.031071905585698232e+03 7.690793225039726622e+02 6.110379030435663026e+02 5.883837312094192384e+02 1.152851956496724824e+03 3.840750127388666442e+03 1.073241670589802652e+03 5.713835249869489417e+02 4.666181879736914198e+02 4.186412336010697572e+02 4.373271259668126731e+02 4.616028394537433996e+02 4.453955923984959782e+02 3.902648080315544803e+02 3.207889756804513581e+02 1.539986178098758683e+04 3.747773837413433648e+04 3.422909890801468282e+04 2.478147186812682776e+04 1.788146211938988563e+04 1.452669442184995933e+04 1.305734830444614272e+04 1.163822183565669184e+04 9.352739807415302494e+03 6.921453120418111212e+03 5.032168652325497533e+03 4.014168532254860111e+03 3.741108864083689696e+03 3.690934371144947363e+03 3.413409656376729799e+03 2.821671108602690765e+03 2.134002391674981482e+03 1.678371878751167515e+03 1.485403806806326884e+03 1.918550384507544095e+03 1.560482188504777241e+03 1.752718618645134939e+03 1.228870029305948719e+03 1.040347106437088996e+03 9.188619640843556908e+02 9.135106669883941777e+02 9.443829626451516788e+02 9.302407429582543728e+02 8.523059682644250188e+02 7.287811580084197658e+02
4.838270701649626062e+03 1.088663818598247235e+04 7.864389356665857122e+03 4.554413153165753101e+03 2.859765857177758335e+03 2.155815136596885168e+03 2.145585030710139108e+03 2.416190898841538001e+03 2.369020108804896154e+03 1.949140016752596921e+03 1.423018214180809991e+03 1.083918635582326488e+03 1.041638327584444141e+03 1.148529065040193700e+03 1.186429757606779503e+03 1.047161691882099603e+03 8.019854261445393604e+02 6.152073902199472286e+02 5.671863877419355049e+02 6.210711558629207047e+02 1.073241670589802652e+03 3.230725375493268984e+03 8.986398250575409747e+02 4.739640072484835400e+02 4.102294819466998206e+02 4.013465541430116446e+02 4.245069292933440011e+02 4.269462342576915148e+02 3.955889894460979690e+02 3.428216149153840888e+02 2.713432460568824899e+04 6.525646884350536857e+04 5.106146986575484334e+04 3.052472930062078376e+04 1.903075350462286224e+04 1.409270278014051291e+04 1.218465534186438890e+04 1.092495092705570642e+04 8.968737653955809947e+03 6.733656078480587894e+03 4.893408525481690958e+03 3.849701216878440391e+03 3.544690844294161252e+03 3.512289197534219966e+03 3.305371247102627422e+03 2.781727923555627058e+03 2.129933620134752346e+03 1.659153274220412868e+03 1.473133567325171953e+03 1.479787440411409534e+03 1.813616655923503004e+03 1.351424278447680081e+03 1.454679111818975798e+03 9.866332119042476734e+02 8.696514755764005713e+02 8.482604787358443446e+02 8.876449361473680710e+02 8.935668272128189074e+02 8.367820640445395384e+02 7.349747596828854057e+02
1.009627058120283982e+04 2.338920077343859157e+04 1.672834297720173345e+04 8.730615384583994455e+03 4.576095202247457564e+03 2.836490258808034014e+03 2.286062421441152310e+03 2.276032798410342366e+03 2.173342092864731967e+03 1.805713125216749631e+03 1.345576903507226689e+03 1.031493810941345828e+03 9.549887077267860604e+02 1.009208455147503173e+03 1.032128688406646233e+03 9.307726825294394075e+02 7.396591818950246306e+02 5.793544996220248322e+02 5.032162650255393146e+02 5.275143410815272773e+02 5.713835249869489417e+02 8.986398250575409747e+02 2.667379319299840517e+03 7.266824336076538202e+02 3.811152889512709976e+02 3.497753728192902827e+02 3.545569858133242178e+02 3.714106991743352637e+02 3.669816367774699302e+02 3.393649897830143800e+02 3.334336557725491002e+04 8.002389019106286287e+04 6.101910271039024519e+04 3.455660810997273074e+04 2.003467501754053228e+04 1.384410570381989601e+04 1.128098652659206709e+04 9.784691935891703906e+03 7.990506302042404059e+03 6.048055937894368981e+03 4.446916214057868274e+03 3.515234133730758913e+03 3.195715063759578697e+03 3.112131200750718563e+03 2.913750169013695995e+03 2.475826252456880866e+03 1.931180325396540866e+03 1.530474600730811972e+03 1.343869362763308345e+03 1.343150350930795412e+03 1.339640160124049999e+03 1.488415006573400660e+03 1.004697926190196540e+03 1.100491382735296384e+03 7.629550070224765932e+02 7.406773992523944798e+02 7.622673649180758275e+02 7.798776102840790827e+02 7.491795578080008227e+02 6.847453070418785046e+02
8.112246558267252112e+03 1.967048193787686614e+04 1.507691218520156326e+04 8.515889607568735300e+03 4.758903807603406676e+03 3.001088244012006271e+03 2.261241174276431593e+03 2.014562056647063855e+03 1.818164830825765193e+03 1.509570980167627113e+03 1.159125869466002769e+03 9.199579484508828955e+02 8.462399793946785849e+02 8.571038951789823841e+02 8.505440970092190582e+02 7.695100006966190449e+02 6.315488773810272960e+02 5.120888766205882803e+02 4.465264020703519918e+02 4.395297626415836021e+02 4.666181879736914198e+02 4.739640072484835400e+02 7.266824336076538202e+02 2.216543589095528660e+03 5.754670439150081620e+02 3.037775670199458773e+02 2.967082867318404169e+02 3.068146806242928619e+02 3.138913339335758792e+02 3.016760758836861669e+02 2.831722122031009712e+04 6.975032081416639267e+04 5.500205287397569919e+04 3.218438110461345786e+04 1.903201023905519833e+04 1.311221737585045776e+04 1.037326378749501964e+04 8.610842409891538409e+03 6.829549335071813402e+03 5.145236283173589982e+03 3.839530239719397741e+03 3.094317592953824260e+03 2.807448482073781634e+03 2.669736258945690679e+03 2.445051252294833830e+03 2.068863493321669921e+03 1.640818617564046690e+03 1.332306033924277472e+03 1.182011474090833417e+03 1.150111090392962524e+03 1.134177760074780963e+03 1.039082180269623677e+03 1.101270004149285796e+03 6.664602968465117101e+02 8.222582619956122016e+02 6.105608960098419402e+02 6.245200551512011771e+02 6.320302866743315917e+02 6.179497876330099189e+02 5.821230674525081668e+02
1.785582286999680264e+03 5.095831851002685653e+03 5.908425089143593141e+03 4.796311073138507709e+03 3.451988429057890244e+03 2.563921898791300009e+03 2.069559564259393483e+03 1.802658879196854741e+03 1.555880993800337365e+03 1.272027539727035673e+03 9.934249897068166320e+02 8.185044000648110796e+02 7.740178211322479456e+02 7.798947722529549083e+02 7.558607326365490735e+02 6.719981230651735586e+02 5.531028018205154240e+02 4.612337920367344850e+02 4.172301815885782617e+02 4.151565347725197626e+02 4.186412336010697572e+02 4.102294819466998206e+02 3.811152889512709976e+02 5.754670439150081620e+02 1.865116542778730263e+03 4.828859851301518802e+02 2.737049705582595607e+02 2.711786350133951373e+02 2.631022850916698417e+02 2.488665120473209242e+02 1.690589205003665120e+04 4.340347500305700669e+04 3.803379751814449264e+04 2.490609063092658471e+04 1.613606119629323803e+04 1.181756428238463377e+04 9.545019919590180507e+03 7.799924029228330255e+03 6.018379279215648239e+03 4.466437516013039385e+03 3.349371742993099360e+03 2.745920508624088143e+03 2.517305451761964832e+03 2.375752630046375089e+03 2.137462528868201844e+03 1.786228011852402460e+03 1.419925788936549452e+03 1.171144522558780409e+03 1.055082712789474044e+03 1.025951822838456792e+03 9.862116485089409252e+02 8.963784440759172867e+02 7.636082325813536045e+02 8.021929204493808356e+02 4.336999513876166930e+02 6.571383210515496103e+02 5.216765069420716827e+02 5.250853170461555237e+02 5.037215029195997431e+02 4.742810492310727568e+02
-3.376849976853092812e+03 -7.115846928816479704e+03 -2.380314890464755990e+03 1.013954003041809983e+03 1.881526656638174245e+03 1.907431981435290709e+03 1.832390527581358810e+03 1.726887143834247127e+03 1.503856073180113981e+03 1.209443086892794327e+03 9.305556262172455035e+02 7.701755429958332115e+02 7.515433010757874399e+02 7.814693912502079911e+02 7.633261622299858118e+02 6.677097719562860902e+02 5.367161095885919622e+02 4.467906833787808978e+02 4.187074438522336095e+02 4.333821595999989995e+02 4.373271259668126731e+02 4.013465541430116446e+02 3.497753728192902827e+02 3.037775670199458773e+02 4.828859851301518802e+02 1.630284474201262583e+03 4.516499190212831536e+02 2.674766498235445624e+02 2.409737218293233809e+02 2.082908046629354430e+02 7.797866434507131999e+03 2.180655940348602599e+04 2.313818134013127565e+04 1.791334444690695454e+04 1.307642427610999221e+04 1.038707729341253798e+04 8.860789183408731333e+03 7.424272485559948109e+03 5.732308161452101558e+03 4.209105791363340359e+03 3.121926324413781003e+03 2.553732062706140823e+03 2.368702955716365068e+03 2.270189629343447450e+03 2.055339518553182643e+03 1.708610314393919452e+03 1.343090930642451895e+03 1.100899991225029225e+03 1.000628563700886843e+03 9.897839554166032485e+02 9.596242953827331803e+02 8.569035872083572940e+02 7.212836786280349770e+02 5.929917643728688290e+02 6.496654544291388902e+02 3.186964107541505768e+02 6.004007810981781859e+02 4.806890907026523792e+02 4.538997032731822401e+02 4.066077733382829820e+02
