3.711227118654551506e+08 3.246878881691427156e+07 1.889928717100213049e+06 -4.503390905376279261e+04 -3.354879392302258639e+05 -2.669035221112178406e+05 -2.421789254270376987e+05 -1.897213896103717270e+05 -9.214534669976276928e+04 -2.207501439947055042e+04 -4.112764383080389052e+03 -3.597947341882183537e+04 -6.539746558037759678e+04 -5.663186938623244350e+04 -1.784657396422908641e+04 2.256704838312412903e+04 2.952854325515775054e+04 5.100677874437620630e+03 -2.078702564564973000e+04 -3.058159961626973381e+04 -1.107909671693765267e+04 1.283327514754321237e+04 2.372541118092591569e+04 1.574093105551760709e+04 -1.462202180642142594e+03 -1.336806780465047632e+04 -8.660324204968888807e+03 2.912651593002321988e+03 1.291750097655632271e+04 1.338817354770037491e+04 1.347785414687157273e+08 2.087321927502736449e+07 4.349427726251408458e+06 9.825786380199694540e+05 2.472808467861492245e+05 1.916638270255352545e+05 1.396010567162035150e+05 1.349304243465651525e+05 1.911166219641611679e+05 2.204203227829000680e+05 1.977346950513932388e+05 1.224524113575801894e+05 6.132005980423536676e+04 5.805291113874674193e+04 9.755957166255998891e+04 1.399452848014739575e+05 1.355411097997697652e+05 8.853837291512738739e+04 4.269090458097921510e+04 2.225644774656586014e+04 4.606188288339904102e+04 7.613694498663910781e+04 8.685778779313543055e+04 6.993736284362289007e+04 4.014056362289588287e+04 1.916632232596788526e+04 2.381150346061287564e+04 3.886154417668319365e+04 5.154047682617315149e+04 4.983727608843299095e+04
3.246878881691427156e+07 8.571699673669613898e+07 7.275194333264565095e+06 -6.551396521111678885e+04 -4.294289999607661739e+05 -5.054000610949344700e+05 -4.809785145544295083e+05 -3.822405370798653457e+05 -1.807736687204432674e+05 -2.212829396282496600e+04 1.363752660487853973e+04 -6.207271305487469363e+04 -1.390301069254978793e+05 -1.279104734374425607e+05 -3.960848082626859832e+04 5.426894818224664778e+04 7.445354097085545072e+04 1.959282768192663207e+04 -4.582514502772961714e+04 -7.005809852403806872e+04 -2.953743304404039372e+04 2.847266312556414778e+04 5.615655037240653473e+04 3.917989024429007259e+04 -1.876282328222256638e+03 -3.039074388933515729e+04 -2.262065473709529397e+04 5.246776692291935433e+03 2.932648620217248026e+04 3.147138302686835959e+04 1.129974188480927050e+07 6.183069008874563128e+07 7.057900914840562269e+06 2.155131465181024745e+06 8.696224416494558100e+05 5.470391839231575141e+05 3.995981286581468885e+05 3.732421074430240551e+05 4.859260573096094886e+05 5.628520379264319781e+05 5.077855340183441294e+05 3.325324635478241835e+05 1.773757335193253239e+05 1.555840754393177922e+05 2.450298916443947528e+05 3.434277309911428019e+05 3.393229671925515868e+05 2.325737957886975491e+05 1.172754104828251584e+05 6.701037517986487364e+04 1.139192442433084361e+05 1.868127367820824147e+05 2.146476257400804025e+05 1.772126278579086647e+05 1.058662309592334495e+05 5.541281892222694296e+04 6.067193109438447573e+04 9.659724552070890786e+04 1.267351845127989363e+05 1.239533848035389674e+05
1.889928717100213049e+06 7.275194333264565095e+06 2.569410658025174960e+07 1.943625687820376130e+06 -2.368608032887592271e+05 -3.516250140435707872e+05 -3.922717307789814658e+05 -3.109336984592110384e+05 -1.623719709780847188e+05 -3.404711061436397722e+04 4.578606916644004741e+03 -3.840417998206023913e+04 -9.142050330337006017e+04 -8.984875977277391939e+04 -3.185803179329910927e+04 3.317475323439133354e+04 5.297065147488281946e+04 2.116667166858409473e+04 -2.432903399924781115e+04 -4.253630356314127857e+04 -1.995132662055281253e+04 1.877387696537914599e+04 4.006386062398464128e+04 3.104633091337708174e+04 4.353136242222991314e+03 -1.550369585597537298e+04 -1.323028307996274816e+04 4.636545353477799836e+03 2.117089309152194255e+04 2.352339432974619558e+04 1.002239284797334578e+06 5.528000500808358192e+06 1.664308783303841762e+07 2.355344373862250708e+06 8.474433281618275214e+05 5.419512667687542271e+05 3.598831927512588445e+05 3.287153198076549452e+05 3.866714636053090217e+05 4.439875392398003023e+05 4.138805605854102178e+05 3.003478784692097688e+05 1.871265241578198620e+05 1.542936743098596926e+05 2.026286649094002205e+05 2.641628150505572557e+05 2.668020411210071761e+05 2.007811310668232036e+05 1.188847549694832996e+05 7.919526369192039419e+04 9.995364440752618248e+04 1.454597124050713028e+05 1.664546557631745236e+05 1.439772424318367266e+05 9.666220164916427166e+04 6.055088317428249866e+04 5.800192821639151953e+04 7.932005684214172652e+04 9.903160593911458272e+04 9.789682543113848078e+04
-4.503390905376279261e+04 -6.551396521111678885e+04 1.943625687820376130e+06 8.861331672514807433e+06 6.531379537437092513e+05 -1.655876430360346567e+05 -2.269152427851136890e+05 -2.019360258728428162e+05 -1.145161409991328255e+05 -3.858448682471725624e+04 -6.793939789390245096e+03 -1.893665536091880494e+04 -4.156639590934578882e+04 -4.291529857090789301e+04 -1.794188904375203128e+04 1.316413215957296779e+04 2.597634554070116428e+04 1.511977582055192761e+04 -4.850807944721823333e+03 -1.493900651429808204e+04 -7.135793780963695099e+03 9.393893557117895398e+03 2.034490098279509402e+04 1.809812925524497405e+04 6.982734009849491486e+03 -2.509818441899019490e+03 -3.018749556179687261e+03 3.916512550859272778e+03 1.137504191377459028e+04 1.292093859947665624e+04 4.287611517301424756e+05 1.422214510263583157e+06 1.960566103305066936e+06 8.176300971466686577e+06 9.800374511719053844e+05 4.447738170388322324e+05 2.642611729847856332e+05 2.136616755590204848e+05 2.321508365259373095e+05 2.560102043013415532e+05 2.480418080831380212e+05 1.999658225118555711e+05 1.444991402359833010e+05 1.181547168603923201e+05 1.287704805380964244e+05 1.516998487413852126e+05 1.544425897689604899e+05 1.278434075432518148e+05 8.996369602572561416e+04 6.657341891571530141e+04 6.911836611176547012e+04 8.533159523060296488e+04 9.500009145377142704e+04 8.666773004067671718e+04 6.601766179303059471e+04 4.793335060282215272e+04 4.314135576441040030e+04 4.969818811057586572e+04 5.757358713995501603e+04 5.715493900517457223e+04
-3.354879392302258639e+05 -4.294289999607661739e+05 -2.368608032887592271e+05 6.531379537437092513e+05 3.504825009108330123e+06 2.441532817980271066e+05 -1.251845898208201252e+05 -1.236785719896878581e+05 -8.315684640969353495e+04 -3.668809816854534438e+04 -1.329732696303007106e+04 -1.227406263543412933e+04 -1.934150618579462753e+04 -1.966560495514504510e+04 -9.464145614591834601e+03 4.424260088709726915e+03 1.184329928496946377e+04 9.489027033091701014e+03 2.060491392739250841e+03 -2.851154938351867713e+03 -9.445881543027443286e+02 5.213619194571961998e+03 1.014662255668184480e+04 1.029443943687886713e+04 6.376868970390907634e+03 2.279424742039245757e+03 1.285891592936161942e+03 3.393134847922688550e+03 6.223180498755853478e+03 6.938635207696940597e+03 2.847847993947116192e+05 8.187949890095298178e+05 7.440629474586821161e+05 9.599692139230988687e+05 2.474064001742866356e+06 4.191793979959494318e+05 1.928725948761016480e+05 1.486120803487615776e+05 1.408751476925081806e+05 1.490826681095437380e+05 1.471836433981780428e+05 1.298691519728519197e+05 1.054883568760713679e+05 8.852279589341609972e+04 8.527485818413100787e+04 8.998380186827440048e+04 9.045096624028150109e+04 8.069401155241655943e+04 6.483245081770992692e+04 5.212538026284874650e+04 4.875204287373967236e+04 5.215464341879040876e+04 5.513292359710742312e+04 5.239083982575678965e+04 4.424226754664727923e+04 3.576341267946420703e+04 3.163596824777867732e+04 3.217685833164521318e+04 3.419633198653546424e+04 3.354032576777915529e+04
-2.669035221112178406e+05 -5.054000610949344700e+05 -3.516250140435707872e+05 -1.655876430360346567e+05 2.441532817980271066e+05 1.726473274824855616e+06 9.746982976543750556e+04 -7.929110292341715831e+04 -5.988621142463898286e+04 -3.442063172359982855e+04 -1.625082720525013065e+04 -1.126236215031579195e+04 -1.146373107813037132e+04 -1.004864926395546354e+04 -4.851304894910374060e+03 1.766611614883016045e+03 5.922769605913093983e+03 6.137329799663632002e+03 3.729134922495332376e+03 1.601628640173983285e+03 1.800161725567966414e+03 3.853736628354407912e+03 5.950652260656957878e+03 6.476677518676462569e+03 5.297048798715119119e+03 3.615968491645439826e+03 2.814721011702258693e+03 3.190606603156356869e+03 4.021733259697155518e+03 4.100001612777897208e+03 2.175420433085904806e+05 5.858211751710376702e+05 5.269446762728421018e+05 4.259964575852528214e+05 4.145538068751649698e+05 1.588853215052357409e+06 2.412735830921335437e+05 1.276396413449938264e+05 1.061013908245798666e+05 1.015288884931855282e+05 1.002240439361273020e+05 9.348951719865144696e+04 8.307735203940168140e+04 7.284577941825042944e+04 6.648216220138434437e+04 6.398825087429919949e+04 6.202072734689976642e+04 5.765185716123788734e+04 5.062693764267390361e+04 4.357806726485276158e+04 3.927583491297451837e+04 3.795767676982376724e+04 3.773527741024913848e+04 3.629292382358595205e+04 3.289017511300841579e+04 2.872328907489573612e+04 2.562460046477529249e+04 2.424270908213162329e+04 2.379030473994450585e+04 2.256470260927781055e+04
-2.421789254270376987e+05 -4.809785145544295083e+05 -3.922717307789814658e+05 -2.269152427851136890e+05 -1.251845898208201252e+05 9.746982976543750556e+04 9.535189085811540717e+05 4.816604977386120299e+04 -3.976430345661511819e+04 -2.513944904691183910e+04 -1.573936172407566119e+04 -1.061031429035883593e+04 -8.028717548343791350e+03 -4.689194270114491701e+03 -7.204847950172649007e+02 2.637656404311842380e+03 4.314058136523725807e+03 4.629735775297782311e+03 4.179259349029450277e+03 3.762142693006439913e+03 3.845482762878272752e+03 4.246665326681951228e+03 4.686584338359129106e+03 4.824299174226291143e+03 4.546641129266519783e+03 4.079206131139617355e+03 3.693165309283291208e+03 3.487612166101186176e+03 3.340364709500444860e+03 2.888664205251029671e+03 1.612595330590021331e+05 4.302981450559571967e+05 3.851834376255179523e+05 2.737445942883099196e+05 1.958131945215964224e+05 2.533974639742614818e+05 8.021589657742803684e+05 1.539851226474525174e+05 9.293677690511365654e+04 8.369972972429788206e+04 7.701294558212123229e+04 7.277332586171265575e+04 6.837140213065469288e+04 6.357671692897600587e+04 5.824741896754590562e+04 5.322438027546434023e+04 4.887190353729933850e+04 4.525719744925310079e+04 4.170109933892226400e+04 3.804898412832552276e+04 3.467082658936655207e+04 3.185652128749412077e+04 2.976846588858064933e+04 2.805926975996017427e+04 2.623064839417985786e+04 2.422002417878187407e+04 2.220892835650919369e+04 2.041529996186318749e+04 1.883612197304318397e+04 1.700305553769339531e+04
-1.897213896103717270e+05 -3.822405370798653457e+05 -3.109336984592110384e+05 -2.019360258728428162e+05 -1.236785719896878581e+05 -7.929110292341715831e+04 4.816604977386120299e+04 5.695366471951939166e+05 3.591093033944626222e+04 -1.207751380006327054e+04 -8.701895909044189466e+03 -8.091745584338230401e+03 -5.053451241615378422e+03 -7.050742059469038168e+02 3.298684997050565926e+03 5.219694347357171864e+03 5.109923800622929775e+03 4.588711431555599120e+03 4.542608726844327975e+03 5.045912117077172297e+03 5.480469409271406221e+03 5.341479236177587154e+03 4.825150623917637859e+03 4.346530674811006975e+03 4.157225280820999615e+03 4.211587326359573126e+03 4.213872924399528529e+03 3.924357911790971229e+03 3.355952998780212511e+03 2.584591655066708881e+03 1.559850769320643158e+05 4.027738677889709361e+05 3.517893363783344394e+05 2.312929170015559066e+05 1.596368012125917303e+05 1.386267109490467119e+05 1.663717733725447906e+05 5.385141450398883317e+05 1.074565511859077524e+05 7.357540521648613503e+04 6.340747477500558307e+04 5.616929040865063143e+04 5.386764896257404325e+04 5.274257542322197696e+04 5.031899764073530969e+04 4.568734538080106722e+04 4.015991958390847867e+04 3.585275851976267586e+04 3.322910313297725224e+04 3.159001533254568494e+04 2.976692005399850314e+04 2.719380559692314273e+04 2.438348432047938695e+04 2.207649548237815907e+04 2.052508041287373635e+04 1.951757043994294509e+04 1.848909671058322419e+04 1.703611794252803156e+04 1.520842879262222777e+04 1.310824129058815015e+04
-9.214534669976276928e+04 -1.807736687204432674e+05 -1.623719709780847188e+05 -1.145161409991328255e+05 -8.315684640969353495e+04 -5.988621142463898286e+04 -3.976430345661511819e+04 3.591093033944626222e+04 3.312290823169116629e+05 3.263455022512401410e+04 -9.611109591000040382e+02 -3.095622948636845649e+03 -2.470005341900441636e+03 1.549063523959612439e+03 5.177558339556755527e+03 6.578035259113410575e+03 5.831146674002051441e+03 4.853570725272191339e+03 4.664610334303542004e+03 5.302270035022469528e+03 5.845120251095995627e+03 5.607868125614735618e+03 4.819527928223449635e+03 4.063058761357790900e+03 3.771151221457671454e+03 3.915089724011091221e+03 4.046316704466577903e+03 3.817636454771496119e+03 3.220864258740803052e+03 2.463841498488573507e+03 2.100094633327835763e+05 5.125393614287830424e+05 4.072426568701115903e+05 2.471468198666342068e+05 1.545083595819063485e+05 1.183371825990349025e+05 1.043512073599712458e+05 1.173074907171428349e+05 2.947668524311503861e+05 7.325527867980410520e+04 4.975076519539603032e+04 4.159051846165260213e+04 3.840373211375561368e+04 3.881658663480509131e+04 3.855239889064511954e+04 3.579178908313058491e+04 3.106653914617067130e+04 2.688179850254922712e+04 2.444780909339960999e+04 2.356875591780091054e+04 2.282581672980754956e+04 2.112305654443973617e+04 1.869161922341621539e+04 1.640351151114447930e+04 1.490484411058568730e+04 1.424028334991918928e+04 1.374705913035237609e+04 1.281732341061685838e+04 1.134473403952161061e+04 9.529533554439243744e+03
-2.207501439947055042e+04 -2.212829396282496600e+04 -3.404711061436397722e+04 -3.858448682471725624e+04 -3.668809816854534438e+04 -3.442063172359982855e+04 -2.513944904691183910e+04 -1.207751380006327054e+04 3.263455022512401410e+04 2.116196321629323065e+05 2.470668214907675429e+04 6.938321788490110293e+02 -1.114207939076856064e+02 1.795737118154691871e+03 4.640218367755027430e+03 5.792645084400364794e+03 5.276833932395407828e+03 4.505984909588542905e+03 4.276837838771694805e+03 4.689080395478204991e+03 5.042855504330713302e+03 4.807662922793986581e+03 4.149410767752502579e+03 3.508997329505723883e+03 3.227561359657657249e+03 3.301326343390901002e+03 3.373664442815955226e+03 3.175609278120398812e+03 2.708431916648153674e+03 2.148468496465205135e+03 2.348673363491760683e+05 5.829233496890515089e+05 4.591605302299663890e+05 2.667929974122866988e+05 1.587437636279609287e+05 1.117572629070584226e+05 9.289513901009777328e+04 8.101603865796659375e+04 7.886972028174533625e+04 1.879158119916113210e+05 4.673367125076317461e+04 3.023824466066289096e+04 2.678359016785835411e+04 2.645746433024638827e+04 2.693664452803451422e+04 2.564887809292707971e+04 2.262169436855378808e+04 1.952980424172015773e+04 1.750146568931881484e+04 1.673158655467490462e+04 1.628658739066114686e+04 1.522543698840853176e+04 1.353816869052092807e+04 1.180173958631451751e+04 1.055444597184563463e+04 9.975178299441551644e+03 9.618488335110843764e+03 8.998847442009082442e+03 7.984226523468598316e+03 6.680862143471887975e+03
-4.112764383080389052e+03 1.363752660487853973e+04 4.578606916644004741e+03 -6.793939789390245096e+03 -1.329732696303007106e+04 -1.625082720525013065e+04 -1.573936172407566119e+04 -8.701895909044189466e+03 -9.611109591000040382e+02 2.470668214907675429e+04 1.375557328014867962e+05 1.752679847448667715e+04 1.819022907622690582e+03 2.248276885065943134e+03 3.459285292102176754e+03 4.337920874720390202e+03 4.169487230462042135e+03 3.889476457115381436e+03 3.839978412758878676e+03 4.054501139070976024e+03 4.096929497252918736e+03 3.754919971848259138e+03 3.246494626690779569e+03 2.848827382202657645e+03 2.708566169141797218e+03 2.748555348008793771e+03 2.706795303378309654e+03 2.462680269183349992e+03 2.079733852352443137e+03 1.715223227251105527e+03 2.072866718133036047e+05 5.203700824385454180e+05 4.226438099246189231e+05 2.538961169015849009e+05 1.526786457185167237e+05 1.064187540120977210e+05 8.342867955399685889e+04 6.825607106496466440e+04 5.336721212847493007e+04 4.976434807700051169e+04 1.256925275677977770e+05 3.022783632240219595e+04 1.978515413007703683e+04 1.854666547265991539e+04 1.833916858564152062e+04 1.778695310326153412e+04 1.611800479327380526e+04 1.427700501299654934e+04 1.284344945469657614e+04 1.207994121405760234e+04 1.153576400169077533e+04 1.070512405752063751e+04 9.578937290787687743e+03 8.445222509183497095e+03 7.565672422687723156e+03 7.061940573585586208e+03 6.674715123045325527e+03 6.144530114233619315e+03 5.412359255202070926e+03 4.530069959451845534e+03
-3.597947341882183537e+04 -6.207271305487469363e+04 -3.840417998206023913e+04 -1.893665536091880494e+04 -1.227406263543412933e+04 -1.126236215031579195e+04 -1.061031429035883593e+04 -8.091745584338230401e+03 -3.095622948636845649e+03 6.938321788490110293e+02 1.752679847448667715e+04 9.891134619169731741e+04 1.425458713193852600e+04 3.577609818048068519e+03 3.668615683715104751e+03 3.570922622667039377e+03 3.494499975347550844e+03 3.586445007477771469e+03 3.819821531501347181e+03 3.990723158365394738e+03 3.757489947426030994e+03 3.184100363367501814e+03 2.663509162782347630e+03 2.431372100782955386e+03 2.462943678842319059e+03 2.545086439315775351e+03 2.414104292948544753e+03 2.067692223742939859e+03 1.671512245550913804e+03 1.416186613488546755e+03 1.289181122942811344e+05 3.403049057913876604e+05 3.048751782040006947e+05 2.024675613105314551e+05 1.325185166483235080e+05 9.698805503637007496e+04 7.657369196673540864e+04 5.927288493668030424e+04 4.367145297821621352e+04 3.206215576432437956e+04 3.235657388667225678e+04 8.777637036657500721e+04 2.173160298993577089e+04 1.487149417092770454e+04 1.400459697829787183e+04 1.315001207633073864e+04 1.213370994214248276e+04 1.109514051736234796e+04 1.022411498678607131e+04 9.568505964007763396e+03 8.885977117555426958e+03 8.005643772404480842e+03 7.086690292764575133e+03 6.327160360111593036e+03 5.761043173474110517e+03 5.376007754019378808e+03 4.948836170041408877e+03 4.381119624820454192e+03 3.734402152777675838e+03 3.073920567416125778e+03
-6.539746558037759678e+04 -1.390301069254978793e+05 -9.142050330337006017e+04 -4.156639590934578882e+04 -1.934150618579462753e+04 -1.146373107813037132e+04 -8.028717548343791350e+03 -5.053451241615378422e+03 -2.470005341900441636e+03 -1.114207939076856064e+02 1.819022907622690582e+03 1.425458713193852600e+04 7.471974625780846691e+04 1.346706595874534469e+04 5.329457269798841480e+03 4.378233941831360426e+03 3.584900883063191031e+03 3.757826671212013480e+03 4.230612937497066014e+03 4.529076530332391485e+03 4.153779036341860774e+03 3.302560175075954248e+03 2.590608696132089790e+03 2.359597467749934367e+03 2.516375108187833575e+03 2.699518377784828772e+03 2.547912594883139263e+03 2.096114023862034628e+03 1.612931479569512703e+03 1.374793188972297912e+03 6.743174660847993800e+04 1.846731874513772200e+05 1.912386102940032724e+05 1.465637891341854702e+05 1.075834722267019679e+05 8.585868615833725198e+04 7.137552647420266294e+04 5.617523367187812983e+04 4.009983603914993000e+04 2.816032521450948116e+04 2.153297605015343652e+04 2.386979747974700149e+04 6.460436794875341002e+04 1.767962576148351945e+04 1.278607299865589266e+04 1.148323916144962641e+04 1.006889477927496409e+04 9.265713256286038813e+03 8.786451919600369365e+03 8.439695054454758065e+03 7.799269757282813771e+03 6.783558453438311517e+03 5.765295758296500935e+03 5.080369997315435285e+03 4.705727124465054658e+03 4.493370487043597677e+03 4.114301224111652118e+03 3.494714464352111463e+03 2.805898119295783545e+03 2.198000000759499017e+03
-5.663186938623244350e+04 -1.279104734374425607e+05 -8.984875977277391939e+04 -4.291529857090789301e+04 -1.966560495514504510e+04 -1.004864926395546354e+04 -4.689194270114491701e+03 -7.050742059469038168e+02 1.549063523959612439e+03 1.795737118154691871e+03 2.248276885065943134e+03 3.577609818048068519e+03 1.346706595874534469e+04 5.853341227547425660e+04 1.256219997730756586e+04 5.511986227976833106e+03 4.139021389667747826e+03 3.824089554456100814e+03 4.344186663054253586e+03 4.791590113301383099e+03 4.496927369899864061e+03 3.575883454016389351e+03 2.721583246590629642e+03 2.391847679026278456e+03 2.551440205282929128e+03 2.802498815922724134e+03 2.703025240151052458e+03 2.246257689991868574e+03 1.722100363715901494e+03 1.459439061687285630e+03 6.513819751384726987e+04 1.646497137533433270e+05 1.601254806722633075e+05 1.215279318170139741e+05 9.147656586565557518e+04 7.614451439320639474e+04 6.690181979194932501e+04 5.529089827048561710e+04 4.067899625591642689e+04 2.809481169009834412e+04 2.037132348274251126e+04 1.714534515267746610e+04 1.991671286533551029e+04 5.054904773153517453e+04 1.551288865106414960e+04 1.105586164543024279e+04 9.150920773809990351e+03 7.980445087701273224e+03 7.675748369620713675e+03 7.680864162305983882e+03 7.320049549839282008e+03 6.341807749816825890e+03 5.206519494398619827e+03 4.429731915484562705e+03 4.099391090338645881e+03 4.034419322425150312e+03 3.788699485345842731e+03 3.215384676800697434e+03 2.507088799430062863e+03 1.889461084039342495e+03
-1.784657396422908641e+04 -3.960848082626859832e+04 -3.185803179329910927e+04 -1.794188904375203128e+04 -9.464145614591834601e+03 -4.851304894910374060e+03 -7.204847950172649007e+02 3.298684997050565926e+03 5.177558339556755527e+03 4.640218367755027430e+03 3.459285292102176754e+03 3.668615683715104751e+03 5.329457269798841480e+03 1.256219997730756586e+04 4.502573973342297541e+04 1.003258807806889672e+04 4.310972756663064501e+03 3.634381298648482243e+03 3.759111190537516450e+03 4.235248416179463675e+03 4.143831744864301072e+03 3.445844767077577217e+03 2.675782222379446466e+03 2.287752994311237217e+03 2.348543114200107084e+03 2.568489902732344035e+03 2.540847294287998011e+03 2.194728817067382806e+03 1.745358493498908501e+03 1.480916062403955948e+03 1.050361575003489706e+05 2.550346781340013258e+05 2.095862936760722951e+05 1.331404026594200404e+05 8.893753404455850250e+04 7.026683292670869560e+04 6.193370768115090323e+04 5.323325520282999787e+04 4.077309850510795513e+04 2.886111939203411748e+04 2.049148674735095119e+04 1.651854134808997333e+04 1.543495333057400785e+04 1.760801276516048529e+04 3.987636459481001657e+04 1.271396377056944038e+04 8.397114357504033251e+03 7.008905288121926787e+03 6.515288583174060477e+03 6.714108255605868180e+03 6.659303193654710412e+03 5.951435839614531687e+03 4.920786123940675679e+03 4.112462362390398994e+03 3.743825293271707778e+03 3.717295854850097840e+03 3.597387009347154162e+03 3.166766984366181532e+03 2.552114725213613838e+03 1.971114077882435367e+03
2.256704838312412903e+04 5.426894818224664778e+04 3.317475323439133354e+04 1.316413215957296779e+04 4.424260088709726915e+03 1.766611614883016045e+03 2.637656404311842380e+03 5.219694347357171864e+03 6.578035259113410575e+03 5.792645084400364794e+03 4.337920874720390202e+03 3.570922622667039377e+03 4.378233941831360426e+03 5.511986227976833106e+03 1.003258807806889672e+04 3.360205455710200476e+04 7.193812415318597232e+03 3.168950899529093931e+03 2.956862191926918058e+03 3.145362601852323678e+03 3.217535338240055353e+03 2.841120106890609350e+03 2.322567274467715833e+03 1.986093232857519070e+03 1.951693709540581267e+03 2.078755557111001963e+03 2.086666327320401706e+03 1.880360606974953726e+03 1.571539209699318462e+03 1.350817512967747462e+03 1.463975029737213627e+05 3.520959034019709798e+05 2.702441186037614243e+05 1.555910926460907212e+05 9.327984501662375988e+04 6.744165948722464964e+04 5.662820020734128775e+04 4.848353285874774156e+04 3.802723448380723130e+04 2.763413125226629927e+04 2.000728566684506586e+04 1.583079555283316949e+04 1.434376999516967771e+04 1.358068815870832623e+04 1.436401955737933167e+04 3.156873761736350571e+04 9.369785208937799325e+03 6.127590797195529376e+03 5.440110374578800474e+03 5.486204299076949610e+03 5.590734741004001989e+03 5.192121383195369162e+03 4.458256587609396774e+03 3.782488833441007955e+03 3.410751725317201817e+03 3.342697157944699484e+03 3.271197588470919982e+03 2.987914660031995481e+03 2.536708781578993694e+03 2.065076774445014053e+03
2.952854325515775054e+04 7.445354097085545072e+04 5.297065147488281946e+04 2.597634554070116428e+04 1.184329928496946377e+04 5.922769605913093983e+03 4.314058136523725807e+03 5.109923800622929775e+03 5.831146674002051441e+03 5.276833932395407828e+03 4.169487230462042135e+03 3.494499975347550844e+03 3.584900883063191031e+03 4.139021389667747826e+03 4.310972756663064501e+03 7.193812415318597232e+03 2.534914957012755622e+04 5.368952694457709185e+03 2.445859093536241744e+03 2.389586325117934393e+03 2.328158740425802534e+03 2.136765479675912502e+03 1.831908862002454498e+03 1.613567127344712389e+03 1.567737418776476943e+03 1.628472791666324611e+03 1.624718477366272964e+03 1.490579481647435841e+03 1.287345275099604351e+03 1.131250767887124766e+03 1.400573201195760048e+05 3.450951483979683835e+05 2.705239861478753155e+05 1.566677784637663281e+05 9.246989330693385273e+04 6.439795054595876718e+04 5.135692024668087834e+04 4.227422012398067454e+04 3.283506971687505575e+04 2.425862876720130589e+04 1.805112018870368775e+04 1.457340553105683830e+04 1.282825801097423755e+04 1.164143912914285102e+04 1.016647151241535903e+04 1.032238363073940855e+04 2.289912880625561957e+04 6.738043560167730902e+03 4.439316592970741112e+03 4.282859993806539933e+03 4.263610426913142874e+03 4.058157069688506454e+03 3.613568699249956808e+03 3.164485592739594722e+03 2.872762179645956166e+03 2.774708102648571639e+03 2.691992204650223357e+03 2.488300954929812633e+03 2.176056334769550631e+03 1.836001246723298664e+03
5.100677874437620630e+03 1.959282768192663207e+04 2.116667166858409473e+04 1.511977582055192761e+04 9.489027033091701014e+03 6.137329799663632002e+03 4.629735775297782311e+03 4.588711431555599120e+03 4.853570725272191339e+03 4.505984909588542905e+03 3.889476457115381436e+03 3.586445007477771469e+03 3.757826671212013480e+03 3.824089554456100814e+03 3.634381298648482243e+03 3.168950899529093931e+03 5.368952694457709185e+03 2.042058937551271083e+04 4.653346390652479386e+03 2.403338320131406817e+03 2.132232404728850270e+03 1.771782550441487274e+03 1.510675251436559392e+03 1.380585319637785688e+03 1.401829585309336835e+03 1.469529215940321592e+03 1.434706179436365346e+03 1.279150018570986049e+03 1.090020288081967465e+03 9.800923076266146836e+02 9.162928515804919880e+04 2.361604441386073595e+05 2.026593154159887927e+05 1.287068981859996275e+05 8.164188150981106446e+04 5.908534370567218866e+04 4.689854146703728475e+04 3.725964036912015581e+04 2.808012555291026365e+04 2.067145170834572127e+04 1.573109588818279735e+04 1.305450602529607932e+04 1.156748578993316369e+04 1.009560999661439928e+04 8.422833465087494915e+03 6.800212731547086150e+03 7.027186630300011529e+03 1.870414482915271947e+04 5.028579755660477531e+03 3.435228960245985036e+03 3.225784588339683069e+03 2.943719867181669542e+03 2.638473730108122254e+03 2.364340994147645688e+03 2.195766348421729163e+03 2.130686133142893596e+03 2.034848098301882146e+03 1.838021183397881032e+03 1.581812741768678279e+03 1.331671933038903035e+03
-2.078702564564973000e+04 -4.582514502772961714e+04 -2.432903399924781115e+04 -4.850807944721823333e+03 2.060491392739250841e+03 3.729134922495332376e+03 4.179259349029450277e+03 4.542608726844327975e+03 4.664610334303542004e+03 4.276837838771694805e+03 3.839978412758878676e+03 3.819821531501347181e+03 4.230612937497066014e+03 4.344186663054253586e+03 3.759111190537516450e+03 2.956862191926918058e+03 2.445859093536241744e+03 4.653346390652479386e+03 1.729075340686229902e+04 4.526053165594321399e+03 2.410976552044141499e+03 1.838840511303487801e+03 1.410221397025529541e+03 1.305374717818873251e+03 1.397291503029916157e+03 1.513133323600975928e+03 1.463492294927882767e+03 1.258330425667187683e+03 1.033309140917197510e+03 9.367922193154947763e+02 4.539572545929464832e+04 1.203092736978882167e+05 1.203260489836180059e+05 9.049977179558022181e+04 6.549355100734751613e+04 5.175689531735192577e+04 4.304092154828839557e+04 3.435527309719178447e+04 2.539126382469573582e+04 1.838415406081475521e+04 1.399676055064299726e+04 1.183408942150300209e+04 1.071334377640973617e+04 9.421761289308451524e+03 7.606342663863320922e+03 5.789065753095253967e+03 4.469259618496617804e+03 5.232615739503613440e+03 1.428931038392764458e+04 4.157422214670825269e+03 2.760786680875415186e+03 2.330962389189278383e+03 1.941672879506628760e+03 1.738084743066318424e+03 1.667028002267417378e+03 1.677530665693706851e+03 1.598997103466290582e+03 1.385817302449447652e+03 1.124543326295780844e+03 9.065895205087085742e+02
-3.058159961626973381e+04 -7.005809852403806872e+04 -4.253630356314127857e+04 -1.493900651429808204e+04 -2.851154938351867713e+03 1.601628640173983285e+03 3.762142693006439913e+03 5.045912117077172297e+03 5.302270035022469528e+03 4.689080395478204991e+03 4.054501139070976024e+03 3.990723158365394738e+03 4.529076530332391485e+03 4.791590113301383099e+03 4.235248416179463675e+03 3.145362601852323678e+03 2.389586325117934393e+03 2.403338320131406817e+03 4.526053165594321399e+03 1.494922412085246469e+04 4.154812971475453196e+03 2.093335657453074418e+03 1.534896919149323367e+03 1.313160023549854031e+03 1.419307055417885067e+03 1.570201714729039168e+03 1.540676068806009880e+03 1.325145061482045548e+03 1.075509281249701644e+03 9.650386078656073323e+02 2.543675828176564391e+04 7.089293139655100822e+04 8.146679381755160284e+04 6.776759115212233155e+04 5.326968958203475631e+04 4.506613442051513994e+04 3.968007983604389301e+04 3.296634719946516998e+04 2.471296650395630422e+04 1.775158795230719988e+04 1.329723446071002400e+04 1.117839028059171324e+04 1.032534977598932164e+04 9.372674475981428259e+03 7.752665497272064385e+03 5.795426541496704886e+03 4.243047385736183060e+03 3.567260102170729624e+03 4.411893402382424938e+03 1.241848514643379167e+04 3.756508122793154143e+03 2.322168885914543353e+03 1.803923367108575121e+03 1.502377970356987589e+03 1.460922918515553420e+03 1.536489018413185931e+03 1.511707297031701955e+03 1.310331350146866498e+03 1.034667380098193917e+03 8.067186361577212210e+02
-1.107909671693765267e+04 -2.953743304404039372e+04 -1.995132662055281253e+04 -7.135793780963695099e+03 -9.445881543027443286e+02 1.800161725567966414e+03 3.845482762878272752e+03 5.480469409271406221e+03 5.845120251095995627e+03 5.042855504330713302e+03 4.096929497252918736e+03 3.757489947426030994e+03 4.153779036341860774e+03 4.496927369899864061e+03 4.143831744864301072e+03 3.217535338240055353e+03 2.328158740425802534e+03 2.132232404728850270e+03 2.410976552044141499e+03 4.154812971475453196e+03 1.252046937451998019e+04 3.381718287421223067e+03 1.657551035435575614e+03 1.344038756891268349e+03 1.318851605819100541e+03 1.448317571079988738e+03 1.457513728864560107e+03 1.304388089207911435e+03 1.092300437030253306e+03 9.677435261557548074e+02 4.971899358895954356e+04 1.186944057542666560e+05 1.031441268355366483e+05 7.109088589709959342e+04 5.050528060617877782e+04 4.128181856900970160e+04 3.678472790669476672e+04 3.163798800722487067e+04 2.444614488575515861e+04 1.773271183694035426e+04 1.313527583779436827e+04 1.085645599102846427e+04 1.004844183658241309e+04 9.376232168030059256e+03 8.051319546818853269e+03 6.239429873567805771e+03 4.567733280162941810e+03 3.682839368014447246e+03 3.463236681667727225e+03 4.412407530907727050e+03 1.125061093573246944e+04 3.462554661082046550e+03 2.105654904014163549e+03 1.693187245699822597e+03 1.553502067262754281e+03 1.636479990642096709e+03 1.664054946776912402e+03 1.524507830073765490e+03 1.279740843777913142e+03 1.046765490753603444e+03
1.283327514754321237e+04 2.847266312556414778e+04 1.877387696537914599e+04 9.393893557117895398e+03 5.213619194571961998e+03 3.853736628354407912e+03 4.246665326681951228e+03 5.341479236177587154e+03 5.607868125614735618e+03 4.807662922793986581e+03 3.754919971848259138e+03 3.184100363367501814e+03 3.302560175075954248e+03 3.575883454016389351e+03 3.445844767077577217e+03 2.841120106890609350e+03 2.136765479675912502e+03 1.771782550441487274e+03 1.838840511303487801e+03 2.093335657453074418e+03 3.381718287421223067e+03 1.024863291377788482e+04 2.633193326912787597e+03 1.314649737116510323e+03 1.163139189312995313e+03 1.169103272587892661e+03 1.204505072734470559e+03 1.139746434492014941e+03 1.007837346456077626e+03 8.897522730955470252e+02 7.962856600963539677e+04 1.914598875195024593e+05 1.486803246061012615e+05 8.743248496295479708e+04 5.403985455603123410e+04 4.012285354532337806e+04 3.417878795165961492e+04 2.937957185579821817e+04 2.312564888347445230e+04 1.706300830089086958e+04 1.270596308685209442e+04 1.040981665620208150e+04 9.523601648522984760e+03 8.916128119286473520e+03 7.842811895323384306e+03 6.309400620956908824e+03 4.820442800338749294e+03 3.878165810196082475e+03 3.531411830792389992e+03 3.533512965738121238e+03 4.226838142405298640e+03 9.568348076305828727e+03 3.075079508035365507e+03 1.966719647325511687e+03 1.729370674144669692e+03 1.720669694505268126e+03 1.768667652946428916e+03 1.702857313246681770e+03 1.532547376105648709e+03 1.330025435969193495e+03
2.372541118092591569e+04 5.615655037240653473e+04 4.006386062398464128e+04 2.034490098279509402e+04 1.014662255668184480e+04 5.950652260656957878e+03 4.686584338359129106e+03 4.825150623917637859e+03 4.819527928223449635e+03 4.149410767752502579e+03 3.246494626690779569e+03 2.663509162782347630e+03 2.590608696132089790e+03 2.721583246590629642e+03 2.675782222379446466e+03 2.322567274467715833e+03 1.831908862002454498e+03 1.510675251436559392e+03 1.410221397025529541e+03 1.534896919149323367e+03 1.657551035435575614e+03 2.633193326912787597e+03 8.433884420098913324e+03 2.110928132469429329e+03 1.045305071952519938e+03 9.534838578622950536e+02 9.348387532360941350e+02 9.231469237442491931e+02 8.548193303884141869e+02 7.598643448893776622e+02 8.966129202758450992e+04 2.182974034340216604e+05 1.689020919266010751e+05 9.659370268897115602e+04 5.665096274629644176e+04 3.962543436514168570e+04 3.190120020197721169e+04 2.651105647275188676e+04 2.074353724034230981e+04 1.547511724024467730e+04 1.171217697116289492e+04 9.663166984638854046e+03 8.736398463973251637e+03 8.048392024572280206e+03 7.075666427689425291e+03 5.817902338828575012e+03 4.609922390822999660e+03 3.816420330299411489e+03 3.413860617344913408e+03 3.291930967001223507e+03 3.188440173225068975e+03 3.618954579940715121e+03 8.235132104437965609e+03 2.678722905848423579e+03 1.754483231361704384e+03 1.651264028501038410e+03 1.644430014051822127e+03 1.625037437567187226e+03 1.525744569501948718e+03 1.378269861894370479e+03
1.574093105551760709e+04 3.917989024429007259e+04 3.104633091337708174e+04 1.809812925524497405e+04 1.029443943687886713e+04 6.476677518676462569e+03 4.824299174226291143e+03 4.346530674811006975e+03 4.063058761357790900e+03 3.508997329505723883e+03 2.848827382202657645e+03 2.431372100782955386e+03 2.359597467749934367e+03 2.391847679026278456e+03 2.287752994311237217e+03 1.986093232857519070e+03 1.613567127344712389e+03 1.380585319637785688e+03 1.305374717818873251e+03 1.313160023549854031e+03 1.344038756891268349e+03 1.314649737116510323e+03 2.110928132469429329e+03 7.171222642900650499e+03 1.758413316413216307e+03 8.996678614668172713e+02 8.212198269029008770e+02 7.601626194139873860e+02 7.073411663483974507e+02 6.347135417124079595e+02 7.199898259430422331e+04 1.797353648322044755e+05 1.454864530621105514e+05 8.757790034465491772e+04 5.337428362883732188e+04 3.771362873815873172e+04 2.977385776361325770e+04 2.386096060071143438e+04 1.818899048960722575e+04 1.352205321163316694e+04 1.037987440643772243e+04 8.708190064758209701e+03 7.867269269539521702e+03 7.112006685968844067e+03 6.135565914832857743e+03 5.029113334401139582e+03 4.052167550316979941e+03 3.430760681730862416e+03 3.098632321367585064e+03 2.892740987874408347e+03 2.682350784909216600e+03 2.417653563172979375e+03 2.754607088369776648e+03 7.085489379980156627e+03 2.115862061056811399e+03 1.440195356105068186e+03 1.365257890837376181e+03 1.313545533163585787e+03 1.251492287276551451e+03 1.153745440684710047e+03
-1.462202180642142594e+03 -1.876282328222256638e+03 4.353136242222991314e+03 6.982734009849491486e+03 6.376868970390907634e+03 5.297048798715119119e+03 4.546641129266519783e+03 4.157225280820999615e+03 3.771151221457671454e+03 3.227561359657657249e+03 2.708566169141797218e+03 2.462943678842319059e+03 2.516375108187833575e+03 2.551440205282929128e+03 2.348543114200107084e+03 1.951693709540581267e+03 1.567737418776476943e+03 1.401829585309336835e+03 1.397291503029916157e+03 1.419307055417885067e+03 1.318851605819100541e+03 1.163139189312995313e+03 1.045305071952519938e+03 1.758413316413216307e+03 6.182636608881593929e+03 1.616973704530732903e+03 8.681197673004619446e+02 7.350254434511784893e+02 6.171740548741104249e+02 5.530986438888542125e+02 4.182553221352629771e+04 1.078224823191224132e+05 9.770069675147553789e+04 6.656841055546261487e+04 4.492089714652034309e+04 3.399886427307428676e+04 2.762689784943044288e+04 2.199231296832572843e+04 1.638852258418059137e+04 1.198886731961813712e+04 9.200102754071594973e+03 7.807095870348750395e+03 7.126179364189591979e+03 6.420846707524649901e+03 5.445558008157473523e+03 4.374579192267790859e+03 3.485660188749719055e+03 2.971129130139300742e+03 2.720723469900482087e+03 2.548764676097657684e+03 2.270077798044724204e+03 1.924062083525344860e+03 1.640285748532836351e+03 2.051005705497088456e+03 5.678984364496418493e+03 1.684971934152330050e+03 1.104918329853431715e+03 9.949292387274003886e+02 8.989929882277202751e+02 8.265435154078843425e+02
-1.336806780465047632e+04 -3.039074388933515729e+04 -1.550369585597537298e+04 -2.509818441899019490e+03 2.279424742039245757e+03 3.615968491645439826e+03 4.079206131139617355e+03 4.211587326359573126e+03 3.915089724011091221e+03 3.301326343390901002e+03 2.748555348008793771e+03 2.545086439315775351e+03 2.699518377784828772e+03 2.802498815922724134e+03 2.568489902732344035e+03 2.078755557111001963e+03 1.628472791666324611e+03 1.469529215940321592e+03 1.513133323600975928e+03 1.570201714729039168e+03 1.448317571079988738e+03 1.169103272587892661e+03 9.534838578622950536e+02 8.996678614668172713e+02 1.616973704530732903e+03 5.545532243937594103e+03 1.535954734208422451e+03 7.993968977333721568e+02 6.186383781727010955e+02 5.108853993824678810e+02 2.092709387946403149e+04 5.752776273711612157e+04 6.176089312734692794e+04 4.861153919067063543e+04 3.651060418149673933e+04 2.982965672558160077e+04 2.556321209497244854e+04 2.088564325885741709e+04 1.559018715412927850e+04 1.125644512635035426e+04 8.505902616648450930e+03 7.179270950879889824e+03 6.621376908874446599e+03 6.057080735621450913e+03 5.159879412148471602e+03 4.094360649439095141e+03 3.188975028064849539e+03 2.685478600450217982e+03 2.484195330968585949e+03 2.374194396405069710e+03 2.128235743493071823e+03 1.723727511476249447e+03 1.357408169865171658e+03 1.179792830262047119e+03 1.633789710352541078e+03 4.969102657910359085e+03 1.447316478756339166e+03 8.685157375495366523e+02 7.153615548726576208e+02 6.110208417320915260e+02
